16 63 18 
0 1 5000 10 1 722.29 
0 1 5000 10 1 722.29 
0 3 10000 5 1 197.44 
0 13 50000 1 1 583.67 
0 14 5000 10 1 707.39 
0 14 10000 5 1 707.09 
0 7 50000 1 1 197.28 
0 7 10000 5 1 197.52 
0 7 50000 1 1 197.28 
1 7 20000 2.5 1 674.58 
1 7 20000 2.5 1 674.58 
1 7 50000 1 1 674.49 
1 8 20000 2.5 1 411.01 
1 9 5000 10 1 52.12 
1 10 5000 10 1 356.1 
1 11 5000 10 1 390.75 
1 13 50000 1 1 186.36 
1 14 5000 10 1 145.98 
1 14 5000 10 1 145.98 
2 7 10000 5 1 157.57 
4 9 50000 1 1 252.39 
5 8 50000 1 1 71.73 
6 14 50000 1 1 353.36 
7 8 10000 5 1 279.56 
7 8 20000 2.5 1 279.41 
7 8 5000 10 1 279.86 
7 9 20000 2.5 1 628.22 
7 9 50000 1 1 628.13 
7 11 10000 5 1 316.46 
7 14 50000 1 1 767.43 
8 9 10000 5 1 360.43 
8 9 50000 1 1 360.19 
8 11 20000 2.5 1 50.28 
8 14 10000 5 1 543.29 
12 13 10000 5 1 120.23 
13 14 10000 5 1 129.15 
14 15 5000 10 1 112.8 
1 0 5000 10 1 722.29 
3 0 10000 5 1 197.44 
13 0 50000 1 1 583.67 
14 0 10000 5 1 707.09 
7 0 50000 1 1 197.28 
7 1 50000 1 1 674.49 
8 1 20000 2.5 1 411.01 
9 1 5000 10 1 52.12 
10 1 5000 10 1 356.1 
11 1 5000 10 1 390.75 
13 1 50000 1 1 186.36 
14 1 5000 10 1 145.98 
7 2 10000 5 1 157.57 
9 4 50000 1 1 252.39 
8 5 50000 1 1 71.73 
14 6 50000 1 1 353.36 
8 7 5000 10 1 279.86 
9 7 50000 1 1 628.13 
11 7 10000 5 1 316.46 
14 7 50000 1 1 767.43 
9 8 50000 1 1 360.19 
11 8 20000 2.5 1 50.28 
14 8 10000 5 1 543.29 
13 12 10000 5 1 120.23 
14 13 10000 5 1 129.15 
15 14 5000 10 1 112.8 
7 13 50 911.65 
8 1 50 1080.89 
13 9 500 388.33 
14 11 1000 711.14 
7 8 100 510.91 
11 0 1000 475.18 
1 13 1000 344.33 
13 1 1000 344.33 
8 7 50 510.91 
1 8 100 1080.89 
0 11 100 475.18 
8 14 1000 764.32 
14 1 50 284.42 
1 7 500 1425.57 
14 9 1000 235.74 
13 0 1000 865.67 
8 13 100 708.46 
1 9 1000 991.33 
