18 50 122 
0 1 20000 2.5 0 8.19 
0 3 20000 2.5 0 37.7 
1 3 5000 10 0 33.18 
1 6 10000 5 0 16.74 
1 7 50000 1 0 17.31 
2 3 10000 5 0 25.16 
2 9 20000 2.5 0 21.07 
2 11 20000 2.5 0 74.1 
4 5 50000 1 0 24.7 
4 6 10000 5 0 20.14 
5 17 10000 5 0 56.75 
6 7 20000 2.5 0 1.53 
7 8 50000 1 0 94.17 
7 9 5000 10 0 56.43 
8 9 50000 1 0 44.14 
8 13 20000 2.5 0 116.96 
8 17 10000 5 0 18.4 
10 11 50000 1 0 82.26 
10 12 5000 10 0 55.21 
11 12 10000 5 0 76.73 
12 13 10000 5 0 3.65 
12 14 50000 1 0 28.01 
14 15 10000 5 0 53.77 
15 16 50000 1 0 259.77 
15 17 5000 10 0 61.27 
1 0 20000 2.5 0 8.19 
3 0 20000 2.5 0 37.7 
3 1 5000 10 0 33.18 
6 1 10000 5 0 16.74 
7 1 50000 1 0 17.31 
3 2 10000 5 0 25.16 
9 2 20000 2.5 0 21.07 
11 2 20000 2.5 0 74.1 
5 4 50000 1 0 24.7 
6 4 10000 5 0 20.14 
17 5 10000 5 0 56.75 
7 6 20000 2.5 0 1.53 
8 7 50000 1 0 94.17 
9 7 5000 10 0 56.43 
9 8 50000 1 0 44.14 
13 8 20000 2.5 0 116.96 
17 8 10000 5 0 18.4 
11 10 50000 1 0 82.26 
12 10 5000 10 0 55.21 
12 11 10000 5 0 76.73 
13 12 10000 5 0 3.65 
14 12 50000 1 0 28.01 
15 14 10000 5 0 53.77 
16 15 50000 1 0 259.77 
17 15 5000 10 0 61.27 
8 1 50 226.07 
0 14 50 66.76 
6 13 1000 71.91 
13 11 500 48.14 
8 11 50 226.62 
15 10 1000 50.84 
4 8 1000 177.08 
3 10 50 43.14 
17 12 500 53.14 
12 4 50 65.62 
6 12 500 67.72 
12 8 50 55.39 
17 6 100 151.51 
2 10 500 40.84 
11 7 1000 85.73 
2 13 50 49.01 
3 14 500 39.27 
10 0 1000 56.29 
10 15 100 50.84 
6 11 50 85.03 
17 2 1000 252.53 
0 8 100 231.96 
0 2 50 240.58 
7 6 500 240.58 
14 3 1000 39.27 
17 5 1000 151.51 
11 13 100 48.14 
2 9 50 260.07 
1 4 1000 234.03 
2 17 1000 252.53 
13 17 500 53.14 
4 13 100 72.92 
3 15 100 130.08 
6 8 100 196.98 
8 0 50 231.96 
10 3 100 43.14 
12 0 100 62.69 
5 14 100 67.81 
5 13 1000 70.21 
13 4 50 72.92 
4 12 1000 65.62 
11 1 500 72.72 
14 1 500 116.06 
0 13 1000 62.69 
14 11 50 34.29 
14 10 50 36.45 
11 17 500 187.76 
8 6 500 196.98 
9 3 50 254.51 
14 0 50 66.76 
9 14 500 59.78 
17 9 500 242.96 
2 15 500 138.57 
5 7 50 254.26 
8 5 50 177.08 
6 0 100 234.85 
0 9 50 252.41 
1 7 50 239.62 
3 2 1000 221.82 
3 11 1000 84.42 
9 17 1000 242.96 
15 0 100 94.73 
10 7 1000 90.23 
7 9 50 141.66 
4 14 100 67.81 
1 6 100 234.03 
6 15 50 83.05 
6 1 500 234.03 
5 17 100 151.51 
10 4 50 73.36 
0 7 50 243.72 
4 9 100 216 
4 2 50 178.35 
9 15 50 147.01 
2 0 100 240.58 
4 3 50 228.67 
9 0 50 252.41 
5 2 100 227.75 
11 4 500 66.65 
10 8 100 62.97 
10 9 500 67.64 
11 3 500 84.42 
6 10 500 73.73 
8 9 500 246.98 
13 3 50 47.18 
9 4 100 216 
9 6 500 190.98 
0 10 50 56.29 
1 14 50 116.06 
11 0 500 83.59 
3 13 50 47.18 
3 6 50 220.91 
9 1 1000 114.29 
1 10 1000 89.03 
10 14 50 36.45 
1 12 50 106.46 
7 14 50 114.72 
8 3 50 271.32 
2 3 50 221.82 
11 6 50 85.03 
6 9 1000 190.98 
1 8 100 226.07 
8 4 100 177.08 
8 10 50 62.97 
2 5 50 227.75 
3 8 1000 271.32 
13 9 1000 59.02 
3 7 50 240.9 
8 17 50 245.19 
6 3 100 220.91 
3 5 100 246.22 
2 6 100 170.59 
13 0 100 62.69 
13 5 50 70.21 
9 10 50 67.64 
6 7 50 240.58 
9 7 100 141.66 
7 3 100 240.9 
7 0 50 243.72 
9 8 50 246.98 
7 1 1000 239.62 
13 6 50 71.91 
