18 50 61 
0 1 20000 2.5 1 8.19 
0 3 20000 2.5 1 37.7 
1 3 5000 10 1 33.18 
1 6 10000 5 1 16.74 
1 7 50000 1 1 17.31 
2 3 10000 5 1 25.16 
2 9 20000 2.5 1 21.07 
2 11 20000 2.5 1 74.1 
4 5 50000 1 1 24.7 
4 6 10000 5 1 20.14 
5 17 10000 5 1 56.75 
6 7 20000 2.5 1 1.53 
7 8 50000 1 1 94.17 
7 9 5000 10 1 56.43 
8 9 50000 1 1 44.14 
8 13 20000 2.5 1 116.96 
8 17 10000 5 1 18.4 
10 11 50000 1 1 82.26 
10 12 5000 10 1 55.21 
11 12 10000 5 1 76.73 
12 13 10000 5 1 3.65 
12 14 50000 1 1 28.01 
14 15 10000 5 1 53.77 
15 16 50000 1 1 259.77 
15 17 5000 10 1 61.27 
1 0 20000 2.5 1 8.19 
3 0 20000 2.5 1 37.7 
3 1 5000 10 1 33.18 
6 1 10000 5 1 16.74 
7 1 50000 1 1 17.31 
3 2 10000 5 1 25.16 
9 2 20000 2.5 1 21.07 
11 2 20000 2.5 1 74.1 
5 4 50000 1 1 24.7 
6 4 10000 5 1 20.14 
17 5 10000 5 1 56.75 
7 6 20000 2.5 1 1.53 
8 7 50000 1 1 94.17 
9 7 5000 10 1 56.43 
9 8 50000 1 1 44.14 
13 8 20000 2.5 1 116.96 
17 8 10000 5 1 18.4 
11 10 50000 1 1 82.26 
12 10 5000 10 1 55.21 
12 11 10000 5 1 76.73 
13 12 10000 5 1 3.65 
14 12 50000 1 1 28.01 
15 14 10000 5 1 53.77 
16 15 50000 1 1 259.77 
17 15 5000 10 1 61.27 
8 1 50 141.37 
0 14 50 30.46 
6 13 1000 44.11 
13 11 500 31.33 
8 11 50 48.05 
15 10 1000 19.11 
4 8 1000 142.71 
3 10 50 25.3 
17 12 500 17.77 
12 4 50 39.92 
6 12 500 39.92 
12 8 50 27.35 
17 6 100 112.48 
2 10 500 25.88 
11 7 1000 54.34 
2 13 50 27.35 
3 14 500 19.28 
10 0 1000 24.03 
10 15 100 19.11 
6 11 50 57.3 
17 2 1000 100.4 
0 8 100 150.98 
0 2 50 186.24 
7 6 500 199.41 
14 3 1000 19.28 
17 5 1000 112.48 
11 13 100 31.33 
2 9 50 182.83 
1 4 1000 215.91 
2 17 1000 100.4 
13 17 500 13.67 
4 13 100 47.22 
3 15 100 110.01 
6 8 100 142.71 
8 0 50 150.98 
10 3 100 25.3 
12 0 100 33.69 
5 14 100 26.88 
5 13 1000 45.12 
13 4 50 47.22 
4 12 1000 39.92 
11 1 500 40.84 
14 1 500 27.35 
0 13 1000 33.69 
14 11 50 15.18 
14 10 50 22.78 
11 17 500 23.07 
8 6 500 142.71 
9 3 50 224.08 
14 0 50 30.46 
9 14 500 25.16 
17 9 500 201.71 
2 15 500 71.02 
5 7 50 198.45 
8 5 50 140.61 
6 0 100 194.01 
0 9 50 221.98 
1 7 50 213.41 
3 2 1000 193.69 
3 11 1000 51.72 
9 17 1000 201.71 
