18 50 40 
0 1 20000 2.5 1 8.19 
0 3 20000 2.5 1 37.7 
1 3 5000 10 1 33.18 
1 6 10000 5 1 16.74 
1 7 50000 1 1 17.31 
2 3 10000 5 1 25.16 
2 9 20000 2.5 1 21.07 
2 11 20000 2.5 1 74.1 
4 5 50000 1 1 24.7 
4 6 10000 5 1 20.14 
5 17 10000 5 1 56.75 
6 7 20000 2.5 1 1.53 
7 8 50000 1 1 94.17 
7 9 5000 10 1 56.43 
8 9 50000 1 1 44.14 
8 13 20000 2.5 1 116.96 
8 17 10000 5 1 18.4 
10 11 50000 1 1 82.26 
10 12 5000 10 1 55.21 
11 12 10000 5 1 76.73 
12 13 10000 5 1 3.65 
12 14 50000 1 1 28.01 
14 15 10000 5 1 53.77 
15 16 50000 1 1 259.77 
15 17 5000 10 1 61.27 
1 0 20000 2.5 1 8.19 
3 0 20000 2.5 1 37.7 
3 1 5000 10 1 33.18 
6 1 10000 5 1 16.74 
7 1 50000 1 1 17.31 
3 2 10000 5 1 25.16 
9 2 20000 2.5 1 21.07 
11 2 20000 2.5 1 74.1 
5 4 50000 1 1 24.7 
6 4 10000 5 1 20.14 
17 5 10000 5 1 56.75 
7 6 20000 2.5 1 1.53 
8 7 50000 1 1 94.17 
9 7 5000 10 1 56.43 
9 8 50000 1 1 44.14 
13 8 20000 2.5 1 116.96 
17 8 10000 5 1 18.4 
11 10 50000 1 1 82.26 
12 10 5000 10 1 55.21 
12 11 10000 5 1 76.73 
13 12 10000 5 1 3.65 
14 12 50000 1 1 28.01 
15 14 10000 5 1 53.77 
16 15 50000 1 1 259.77 
17 15 5000 10 1 61.27 
8 1 50 325.9 
0 14 50 97.01 
6 13 1000 176.27 
13 11 500 172.19 
8 11 50 277.52 
15 10 1000 69.75 
4 8 1000 279.22 
3 10 50 58.46 
17 12 500 74.41 
12 4 50 153.38 
6 12 500 172.08 
12 8 50 85.99 
17 6 100 177.26 
2 10 500 102.82 
11 7 1000 118.25 
2 13 50 315.04 
3 14 500 98.92 
10 0 1000 86.72 
10 15 100 69.75 
6 11 50 105.33 
17 2 1000 373.77 
0 8 100 292.7 
0 2 50 266.82 
7 6 500 275.11 
14 3 1000 98.92 
17 5 1000 177.26 
11 13 100 172.19 
2 9 50 364.43 
1 4 1000 270.25 
2 17 1000 373.77 
13 17 500 74.41 
4 13 100 160.68 
3 15 100 184.3 
6 8 100 320.39 
8 0 50 292.7 
10 3 100 58.46 
12 0 100 96.38 
5 14 100 124.67 
5 13 1000 118.53 
13 4 50 160.68 
