34 93 119 
0 3 5000 10 0 1.3 
0 7 20000 2.5 0 1.3 
1 13 5000 10 0 1.3 
1 6 10000 5 0 1.3 
2 25 50000 1 0 1.3 
2 3 20000 2.5 0 1.3 
2 21 5000 10 0 1.3 
2 31 50000 1 0 1.3 
3 30 20000 2.5 0 1.3 
3 7 20000 2.5 0 1.3 
4 7 5000 10 0 1.3 
4 7 50000 1 0 1.3 
4 23 50000 1 0 1.3 
4 5 5000 10 0 1.3 
4 15 10000 5 0 1.3 
5 8 5000 10 0 1.3 
6 20 50000 1 0 1.3 
7 9 10000 5 0 1.3 
7 18 20000 2.5 0 1.3 
7 20 20000 2.5 0 1.3 
7 21 5000 10 0 1.3 
7 23 10000 5 0 1.3 
7 30 5000 10 0 1.3 
8 9 10000 5 0 1.3 
9 19 20000 2.5 0 1.3 
10 17 20000 2.5 0 1.3 
10 22 20000 2.5 0 1.3 
11 12 5000 10 0 1.3 
11 30 10000 5 0 1.3 
12 26 20000 2.5 0 1.3 
13 29 50000 1 0 1.3 
14 16 50000 1 0 1.3 
14 17 20000 2.5 0 1.3 
14 18 5000 10 0 1.3 
17 19 5000 10 0 1.3 
17 23 50000 1 0 1.3 
22 23 20000 2.5 0 1.3 
24 32 5000 10 0 1.3 
24 25 5000 10 0 1.3 
25 32 10000 5 0 1.3 
26 27 50000 1 0 1.3 
27 28 10000 5 0 1.3 
28 29 5000 10 0 1.3 
29 30 50000 1 0 1.3 
30 32 20000 2.5 0 1.3 
30 31 10000 5 0 1.3 
32 33 20000 2.5 0 1.3 
3 0 5000 10 0 1.3 
7 0 20000 2.5 0 1.3 
13 1 5000 10 0 1.3 
6 1 10000 5 0 1.3 
25 2 50000 1 0 1.3 
3 2 20000 2.5 0 1.3 
21 2 5000 10 0 1.3 
31 2 50000 1 0 1.3 
30 3 20000 2.5 0 1.3 
7 3 20000 2.5 0 1.3 
7 4 50000 1 0 1.3 
23 4 50000 1 0 1.3 
5 4 5000 10 0 1.3 
15 4 10000 5 0 1.3 
8 5 5000 10 0 1.3 
20 6 50000 1 0 1.3 
9 7 10000 5 0 1.3 
18 7 20000 2.5 0 1.3 
20 7 20000 2.5 0 1.3 
21 7 5000 10 0 1.3 
23 7 10000 5 0 1.3 
30 7 5000 10 0 1.3 
9 8 10000 5 0 1.3 
19 9 20000 2.5 0 1.3 
17 10 20000 2.5 0 1.3 
22 10 20000 2.5 0 1.3 
12 11 5000 10 0 1.3 
30 11 10000 5 0 1.3 
26 12 20000 2.5 0 1.3 
29 13 50000 1 0 1.3 
16 14 50000 1 0 1.3 
17 14 20000 2.5 0 1.3 
18 14 5000 10 0 1.3 
19 17 5000 10 0 1.3 
23 17 50000 1 0 1.3 
23 22 20000 2.5 0 1.3 
32 24 5000 10 0 1.3 
25 24 5000 10 0 1.3 
32 25 10000 5 0 1.3 
27 26 50000 1 0 1.3 
28 27 10000 5 0 1.3 
29 28 5000 10 0 1.3 
30 29 50000 1 0 1.3 
32 30 20000 2.5 0 1.3 
31 30 10000 5 0 1.3 
33 32 20000 2.5 0 1.3 
13 14 50 1.22 
22 20 500 5.12 
32 14 50 1.54 
9 21 100 2.9 
14 28 50 0.94 
5 1 100 2.07 
0 14 1000 2.85 
20 4 500 3.27 
11 4 500 2.29 
1 24 100 2.88 
7 24 100 1.87 
4 27 1000 2.35 
26 4 500 2.24 
1 9 100 1.82 
24 29 1000 2.8 
19 2 500 1.5 
19 24 50 1.57 
11 22 500 0.97 
32 1 50 2.95 
12 24 1000 5.66 
28 18 1000 1.8 
32 6 500 2.84 
25 21 100 1.63 
1 32 1000 2.95 
23 6 100 1.33 
18 31 1000 1.5 
9 25 100 1.15 
6 9 100 2.85 
20 17 100 2.33 
11 14 1000 1.33 
11 31 100 5.21 
2 18 500 1.65 
26 9 100 1.69 
10 28 50 0.95 
19 0 50 3.63 
5 20 500 2.96 
6 32 50 2.84 
1 4 500 2.38 
23 25 100 2.91 
8 32 1000 1.34 
3 23 100 3.35 
25 27 1000 3.12 
21 9 1000 2.9 
18 25 500 1.2 
12 8 50 1.73 
18 0 50 2.57 
24 0 1000 3.25 
1 22 1000 1.34 
22 21 100 2.86 
27 0 100 2.61 
8 11 500 2.35 
0 29 100 2.83 
5 11 1000 1.35 
10 30 1000 0.95 
19 30 100 1.6 
24 19 100 1.57 
24 4 500 1.87 
32 13 50 1.54 
31 4 1000 2.52 
14 30 1000 1.33 
3 18 100 2.25 
4 20 100 3.27 
28 14 50 0.94 
21 17 100 3.3 
2 5 50 2.74 
18 12 100 2.16 
32 22 1000 0.89 
17 20 1000 2.33 
26 14 100 1.62 
25 22 100 2.58 
31 23 1000 1.35 
31 28 500 3.36 
22 6 1000 2.07 
0 17 100 3.34 
30 10 500 0.95 
19 21 500 4.28 
19 32 500 1.09 
23 2 100 3.07 
8 2 100 1.15 
17 13 50 1.35 
25 9 100 1.15 
29 5 50 2.09 
9 0 50 2.9 
31 24 1000 2.08 
18 24 50 1.69 
29 0 500 2.83 
0 12 100 2.29 
3 19 100 2.19 
0 26 50 2.76 
9 13 100 0.78 
6 17 50 2.24 
14 20 100 2.79 
4 6 50 2.87 
18 29 50 2.6 
17 0 50 3.34 
32 10 50 0.83 
31 12 50 4.92 
23 1 50 1.33 
4 1 100 2.38 
30 8 50 2.35 
29 17 50 0.94 
3 14 50 2.24 
24 6 50 2.77 
24 23 500 1.39 
24 5 50 1.59 
30 17 100 0.99 
32 4 100 3.7 
30 4 50 4.62 
3 24 1000 4.03 
8 21 50 3.72 
24 3 500 4.03 
24 31 50 2.08 
10 21 50 2.43 
24 11 500 3.96 
24 21 100 2.14 
14 21 50 2.87 
25 11 50 5.66 
31 11 50 5.21 
23 21 50 3.63 
