34 93 39 
0 3 5000 10 0 1.3 
0 7 20000 2.5 0 1.3 
1 13 5000 10 0 1.3 
1 6 10000 5 0 1.3 
2 25 50000 1 0 1.3 
2 3 20000 2.5 0 1.3 
2 21 5000 10 0 1.3 
2 31 50000 1 0 1.3 
3 30 20000 2.5 0 1.3 
3 7 20000 2.5 0 1.3 
4 7 5000 10 0 1.3 
4 7 50000 1 0 1.3 
4 23 50000 1 0 1.3 
4 5 5000 10 0 1.3 
4 15 10000 5 0 1.3 
5 8 5000 10 0 1.3 
6 20 50000 1 0 1.3 
7 9 10000 5 0 1.3 
7 18 20000 2.5 0 1.3 
7 20 20000 2.5 0 1.3 
7 21 5000 10 0 1.3 
7 23 10000 5 0 1.3 
7 30 5000 10 0 1.3 
8 9 10000 5 0 1.3 
9 19 20000 2.5 0 1.3 
10 17 20000 2.5 0 1.3 
10 22 20000 2.5 0 1.3 
11 12 5000 10 0 1.3 
11 30 10000 5 0 1.3 
12 26 20000 2.5 0 1.3 
13 29 50000 1 0 1.3 
14 16 50000 1 0 1.3 
14 17 20000 2.5 0 1.3 
14 18 5000 10 0 1.3 
17 19 5000 10 0 1.3 
17 23 50000 1 0 1.3 
22 23 20000 2.5 0 1.3 
24 32 5000 10 0 1.3 
24 25 5000 10 0 1.3 
25 32 10000 5 0 1.3 
26 27 50000 1 0 1.3 
27 28 10000 5 0 1.3 
28 29 5000 10 0 1.3 
29 30 50000 1 0 1.3 
30 32 20000 2.5 0 1.3 
30 31 10000 5 0 1.3 
32 33 20000 2.5 0 1.3 
3 0 5000 10 0 1.3 
7 0 20000 2.5 0 1.3 
13 1 5000 10 0 1.3 
6 1 10000 5 0 1.3 
25 2 50000 1 0 1.3 
3 2 20000 2.5 0 1.3 
21 2 5000 10 0 1.3 
31 2 50000 1 0 1.3 
30 3 20000 2.5 0 1.3 
7 3 20000 2.5 0 1.3 
7 4 50000 1 0 1.3 
23 4 50000 1 0 1.3 
5 4 5000 10 0 1.3 
15 4 10000 5 0 1.3 
8 5 5000 10 0 1.3 
20 6 50000 1 0 1.3 
9 7 10000 5 0 1.3 
18 7 20000 2.5 0 1.3 
20 7 20000 2.5 0 1.3 
21 7 5000 10 0 1.3 
23 7 10000 5 0 1.3 
30 7 5000 10 0 1.3 
9 8 10000 5 0 1.3 
19 9 20000 2.5 0 1.3 
17 10 20000 2.5 0 1.3 
22 10 20000 2.5 0 1.3 
12 11 5000 10 0 1.3 
30 11 10000 5 0 1.3 
26 12 20000 2.5 0 1.3 
29 13 50000 1 0 1.3 
16 14 50000 1 0 1.3 
17 14 20000 2.5 0 1.3 
18 14 5000 10 0 1.3 
19 17 5000 10 0 1.3 
23 17 50000 1 0 1.3 
23 22 20000 2.5 0 1.3 
32 24 5000 10 0 1.3 
25 24 5000 10 0 1.3 
32 25 10000 5 0 1.3 
27 26 50000 1 0 1.3 
28 27 10000 5 0 1.3 
29 28 5000 10 0 1.3 
30 29 50000 1 0 1.3 
32 30 20000 2.5 0 1.3 
31 30 10000 5 0 1.3 
33 32 20000 2.5 0 1.3 
13 14 50 2.69 
22 20 500 6.93 
32 14 50 2.94 
9 21 100 5.81 
14 28 50 2.22 
5 1 100 4.92 
0 14 1000 7.4 
20 4 500 8.18 
11 4 500 5.35 
1 24 100 5.1 
7 24 100 13.58 
4 27 1000 7.05 
26 4 500 7.01 
1 9 100 4.01 
24 29 1000 7.87 
19 2 500 4.68 
19 24 50 2.78 
11 22 500 2.67 
32 1 50 5.51 
12 24 1000 10.05 
28 18 1000 4.42 
32 6 500 8.13 
25 21 100 16.76 
1 32 1000 5.51 
23 6 100 3.64 
18 31 1000 3.37 
9 25 100 3.47 
6 9 100 5 
20 17 100 3.91 
11 14 1000 2.53 
11 31 100 14.55 
2 18 500 5.51 
26 9 100 2.99 
10 28 50 1.93 
19 0 50 7.42 
5 20 500 7.78 
6 32 50 8.13 
1 4 500 5.61 
23 25 100 4.25 
