34 93 39 
0 3 5000 10 0 1.3 
0 7 20000 2.5 0 1.3 
1 13 5000 10 0 1.3 
1 6 10000 5 0 1.3 
2 25 50000 1 0 1.3 
2 3 20000 2.5 0 1.3 
2 21 5000 10 0 1.3 
2 31 50000 1 0 1.3 
3 30 20000 2.5 0 1.3 
3 7 20000 2.5 0 1.3 
4 7 5000 10 0 1.3 
4 7 50000 1 0 1.3 
4 23 50000 1 0 1.3 
4 5 5000 10 0 1.3 
4 15 10000 5 0 1.3 
5 8 5000 10 0 1.3 
6 20 50000 1 0 1.3 
7 9 10000 5 0 1.3 
7 18 20000 2.5 0 1.3 
7 20 20000 2.5 0 1.3 
7 21 5000 10 0 1.3 
7 23 10000 5 0 1.3 
7 30 5000 10 0 1.3 
8 9 10000 5 0 1.3 
9 19 20000 2.5 0 1.3 
10 17 20000 2.5 0 1.3 
10 22 20000 2.5 0 1.3 
11 12 5000 10 0 1.3 
11 30 10000 5 0 1.3 
12 26 20000 2.5 0 1.3 
13 29 50000 1 0 1.3 
14 16 50000 1 0 1.3 
14 17 20000 2.5 0 1.3 
14 18 5000 10 0 1.3 
17 19 5000 10 0 1.3 
17 23 50000 1 0 1.3 
22 23 20000 2.5 0 1.3 
24 32 5000 10 0 1.3 
24 25 5000 10 0 1.3 
25 32 10000 5 0 1.3 
26 27 50000 1 0 1.3 
27 28 10000 5 0 1.3 
28 29 5000 10 0 1.3 
29 30 50000 1 0 1.3 
30 32 20000 2.5 0 1.3 
30 31 10000 5 0 1.3 
32 33 20000 2.5 0 1.3 
3 0 5000 10 0 1.3 
7 0 20000 2.5 0 1.3 
13 1 5000 10 0 1.3 
6 1 10000 5 0 1.3 
25 2 50000 1 0 1.3 
3 2 20000 2.5 0 1.3 
21 2 5000 10 0 1.3 
31 2 50000 1 0 1.3 
30 3 20000 2.5 0 1.3 
7 3 20000 2.5 0 1.3 
7 4 50000 1 0 1.3 
23 4 50000 1 0 1.3 
5 4 5000 10 0 1.3 
15 4 10000 5 0 1.3 
8 5 5000 10 0 1.3 
20 6 50000 1 0 1.3 
9 7 10000 5 0 1.3 
18 7 20000 2.5 0 1.3 
20 7 20000 2.5 0 1.3 
21 7 5000 10 0 1.3 
23 7 10000 5 0 1.3 
30 7 5000 10 0 1.3 
9 8 10000 5 0 1.3 
19 9 20000 2.5 0 1.3 
17 10 20000 2.5 0 1.3 
22 10 20000 2.5 0 1.3 
12 11 5000 10 0 1.3 
30 11 10000 5 0 1.3 
26 12 20000 2.5 0 1.3 
29 13 50000 1 0 1.3 
16 14 50000 1 0 1.3 
17 14 20000 2.5 0 1.3 
18 14 5000 10 0 1.3 
19 17 5000 10 0 1.3 
23 17 50000 1 0 1.3 
23 22 20000 2.5 0 1.3 
32 24 5000 10 0 1.3 
25 24 5000 10 0 1.3 
32 25 10000 5 0 1.3 
27 26 50000 1 0 1.3 
28 27 10000 5 0 1.3 
29 28 5000 10 0 1.3 
30 29 50000 1 0 1.3 
32 30 20000 2.5 0 1.3 
31 30 10000 5 0 1.3 
33 32 20000 2.5 0 1.3 
13 14 50 1.7 
22 20 500 5.78 
32 14 50 2.26 
9 21 100 5.01 
14 28 50 1.6 
5 1 100 3.42 
0 14 1000 6.02 
20 4 500 7.17 
11 4 500 4.51 
1 24 100 4.24 
7 24 100 6.1 
4 27 1000 6.32 
26 4 500 5.77 
1 9 100 3.19 
24 29 1000 6.58 
19 2 500 3.67 
19 24 50 2.21 
11 22 500 2.04 
32 1 50 4.51 
12 24 1000 8.37 
28 18 1000 3.63 
32 6 500 5.84 
25 21 100 10.27 
1 32 1000 4.51 
23 6 100 2.63 
18 31 1000 2.59 
9 25 100 2.16 
6 9 100 3.89 
20 17 100 3.21 
11 14 1000 1.94 
11 31 100 11.62 
2 18 500 3.81 
26 9 100 2.39 
10 28 50 1.57 
19 0 50 6.17 
5 20 500 5.57 
6 32 50 5.84 
1 4 500 4.89 
23 25 100 3.64 
