34 93 119 
0 3 5000 10 0 1.3 
0 7 20000 2.5 0 1.3 
1 13 5000 10 0 1.3 
1 6 10000 5 0 1.3 
2 25 50000 1 0 1.3 
2 3 20000 2.5 0 1.3 
2 21 5000 10 0 1.3 
2 31 50000 1 0 1.3 
3 30 20000 2.5 0 1.3 
3 7 20000 2.5 0 1.3 
4 7 5000 10 0 1.3 
4 7 50000 1 0 1.3 
4 23 50000 1 0 1.3 
4 5 5000 10 0 1.3 
4 15 10000 5 0 1.3 
5 8 5000 10 0 1.3 
6 20 50000 1 0 1.3 
7 9 10000 5 0 1.3 
7 18 20000 2.5 0 1.3 
7 20 20000 2.5 0 1.3 
7 21 5000 10 0 1.3 
7 23 10000 5 0 1.3 
7 30 5000 10 0 1.3 
8 9 10000 5 0 1.3 
9 19 20000 2.5 0 1.3 
10 17 20000 2.5 0 1.3 
10 22 20000 2.5 0 1.3 
11 12 5000 10 0 1.3 
11 30 10000 5 0 1.3 
12 26 20000 2.5 0 1.3 
13 29 50000 1 0 1.3 
14 16 50000 1 0 1.3 
14 17 20000 2.5 0 1.3 
14 18 5000 10 0 1.3 
17 19 5000 10 0 1.3 
17 23 50000 1 0 1.3 
22 23 20000 2.5 0 1.3 
24 32 5000 10 0 1.3 
24 25 5000 10 0 1.3 
25 32 10000 5 0 1.3 
26 27 50000 1 0 1.3 
27 28 10000 5 0 1.3 
28 29 5000 10 0 1.3 
29 30 50000 1 0 1.3 
30 32 20000 2.5 0 1.3 
30 31 10000 5 0 1.3 
32 33 20000 2.5 0 1.3 
3 0 5000 10 0 1.3 
7 0 20000 2.5 0 1.3 
13 1 5000 10 0 1.3 
6 1 10000 5 0 1.3 
25 2 50000 1 0 1.3 
3 2 20000 2.5 0 1.3 
21 2 5000 10 0 1.3 
31 2 50000 1 0 1.3 
30 3 20000 2.5 0 1.3 
7 3 20000 2.5 0 1.3 
7 4 50000 1 0 1.3 
23 4 50000 1 0 1.3 
5 4 5000 10 0 1.3 
15 4 10000 5 0 1.3 
8 5 5000 10 0 1.3 
20 6 50000 1 0 1.3 
9 7 10000 5 0 1.3 
18 7 20000 2.5 0 1.3 
20 7 20000 2.5 0 1.3 
21 7 5000 10 0 1.3 
23 7 10000 5 0 1.3 
30 7 5000 10 0 1.3 
9 8 10000 5 0 1.3 
19 9 20000 2.5 0 1.3 
17 10 20000 2.5 0 1.3 
22 10 20000 2.5 0 1.3 
12 11 5000 10 0 1.3 
30 11 10000 5 0 1.3 
26 12 20000 2.5 0 1.3 
29 13 50000 1 0 1.3 
16 14 50000 1 0 1.3 
17 14 20000 2.5 0 1.3 
18 14 5000 10 0 1.3 
19 17 5000 10 0 1.3 
23 17 50000 1 0 1.3 
23 22 20000 2.5 0 1.3 
32 24 5000 10 0 1.3 
25 24 5000 10 0 1.3 
32 25 10000 5 0 1.3 
27 26 50000 1 0 1.3 
28 27 10000 5 0 1.3 
29 28 5000 10 0 1.3 
30 29 50000 1 0 1.3 
32 30 20000 2.5 0 1.3 
31 30 10000 5 0 1.3 
33 32 20000 2.5 0 1.3 
13 14 50 2.69 
22 20 500 6.93 
32 14 50 2.94 
9 21 100 5.81 
14 28 50 2.22 
5 1 100 4.92 
0 14 1000 7.4 
20 4 500 8.18 
11 4 500 5.35 
1 24 100 5.1 
7 24 100 13.58 
4 27 1000 7.05 
26 4 500 7.01 
1 9 100 4.01 
24 29 1000 7.87 
19 2 500 4.68 
19 24 50 2.78 
11 22 500 2.67 
32 1 50 5.51 
12 24 1000 10.05 
28 18 1000 4.42 
32 6 500 8.13 
25 21 100 16.76 
1 32 1000 5.51 
23 6 100 3.64 
18 31 1000 3.37 
9 25 100 3.47 
6 9 100 5 
20 17 100 3.91 
11 14 1000 2.53 
11 31 100 14.55 
2 18 500 5.51 
26 9 100 2.99 
10 28 50 1.93 
19 0 50 7.42 
5 20 500 7.78 
6 32 50 8.13 
1 4 500 5.61 
23 25 100 4.25 
8 32 1000 3.92 
3 23 100 6.61 
25 27 1000 10.31 
21 9 1000 5.81 
18 25 500 4.77 
12 8 50 3.24 
18 0 50 6.99 
24 0 1000 7.76 
1 22 1000 3.33 
22 21 100 6.22 
27 0 100 7.21 
8 11 500 3.79 
0 29 100 9.68 
5 11 1000 4.54 
10 30 1000 2.48 
19 30 100 2.94 
24 19 100 2.78 
24 4 500 5.52 
32 13 50 6.04 
31 4 1000 5.11 
14 30 1000 2.87 
3 18 100 6.76 
4 20 100 8.18 
28 14 50 2.22 
21 17 100 6.55 
2 5 50 5.49 
18 12 100 4.25 
32 22 1000 2.17 
17 20 1000 3.91 
26 14 100 2.79 
25 22 100 4.36 
31 23 1000 3.92 
31 28 500 10.59 
22 6 1000 3.93 
0 17 100 7.64 
30 10 500 2.48 
19 21 500 7.47 
19 32 500 2.63 
23 2 100 5.49 
8 2 100 3.54 
17 13 50 2.63 
25 9 100 3.47 
29 5 50 4.93 
9 0 50 6.65 
31 24 1000 9.29 
18 24 50 3.55 
29 0 500 9.68 
0 12 100 7.93 
3 19 100 6.19 
0 26 50 7.79 
9 13 100 3.04 
6 17 50 3.87 
14 20 100 4.35 
4 6 50 7.03 
18 29 50 4.32 
17 0 50 7.64 
32 10 50 2.04 
31 12 50 13.3 
23 1 50 3.16 
4 1 100 5.61 
30 8 50 4.76 
29 17 50 2.43 
3 14 50 6.46 
24 6 50 5.94 
24 23 500 2.99 
24 5 50 4.29 
30 17 100 2.61 
32 4 100 7.16 
30 4 50 6.92 
3 24 1000 11.53 
8 21 50 6.75 
24 3 500 11.53 
24 31 50 9.29 
10 21 50 5.97 
24 11 500 9.41 
24 21 100 10.7 
14 21 50 6.45 
25 11 50 14.43 
31 11 50 14.55 
23 21 50 6.41 
