65 156 36 
0 1 10000 5 0 123.63 
0 2 10000 5 0 190.15 
0 6 20000 2.5 0 280.39 
2 7 50000 1 0 87.5 
2 55 10000 5 0 78.5 
3 56 10000 5 0 43.77 
3 4 5000 10 0 229.06 
3 7 10000 5 0 87.38 
4 7 50000 1 0 201.64 
5 7 5000 10 0 482.54 
7 8 5000 10 0 39.95 
7 10 20000 2.5 0 240.35 
7 46 50000 1 0 0.06 
7 46 10000 5 0 0.3 
7 47 20000 2.5 0 0.15 
7 48 50000 1 0 260.18 
7 53 20000 2.5 0 0.15 
7 22 10000 5 0 190.16 
7 56 10000 5 0 43.92 
8 9 5000 10 0 304.22 
8 25 50000 1 0 91.95 
8 26 20000 2.5 0 169.27 
8 27 5000 10 0 215.34 
8 28 10000 5 0 92.19 
8 61 5000 10 0 92.49 
10 49 20000 2.5 0 151.24 
10 11 5000 10 0 317.18 
12 13 5000 10 0 203.51 
12 22 20000 2.5 0 181.2 
14 36 50000 1 0 60.17 
15 22 5000 10 0 311.48 
15 22 5000 10 0 311.48 
16 22 50000 1 0 384.57 
17 22 50000 1 0 167.73 
18 22 5000 10 0 282.45 
19 44 5000 10 0 105.66 
19 20 10000 5 0 172.95 
19 22 10000 5 0 215.84 
20 21 10000 5 0 94.56 
20 22 10000 5 0 294.57 
22 36 10000 5 0 60.36 
22 37 10000 5 0 268.47 
22 44 50000 1 0 111.43 
22 54 20000 2.5 0 268.32 
22 23 5000 10 0 299.6 
22 25 5000 10 0 92.68 
22 28 20000 2.5 0 92.23 
22 61 5000 10 0 92.68 
22 62 20000 2.5 0 134.26 
22 63 50000 1 0 134.17 
24 25 10000 5 0 153.98 
27 31 10000 5 0 98.29 
29 36 10000 5 0 368.55 
30 36 50000 1 0 398.92 
31 32 10000 5 0 251.06 
31 34 10000 5 0 251.04 
31 35 5000 10 0 155.35 
31 33 10000 5 0 141.35 
36 38 20000 2.5 0 24.98 
36 39 20000 2.5 0 339.44 
36 40 20000 2.5 0 395.92 
36 41 50000 1 0 290.1 
36 42 50000 1 0 92.67 
36 43 20000 2.5 0 137.23 
45 48 5000 10 0 241.67 
46 53 50000 1 0 0.06 
46 47 10000 5 0 0.3 
50 52 20000 2.5 0 179.52 
51 52 50000 1 0 194.4 
52 53 10000 5 0 121.89 
54 64 50000 1 0 176.27 
54 57 50000 1 0 223.38 
54 62 5000 10 0 134.68 
54 63 50000 1 0 134.14 
55 60 5000 10 0 35.54 
56 60 5000 10 0 35.19 
57 58 50000 1 0 231.06 
58 59 50000 1 0 114.58 
59 60 50000 1 0 295.04 
1 0 10000 5 0 123.63 
2 0 10000 5 0 190.15 
6 0 20000 2.5 0 280.39 
7 2 50000 1 0 87.5 
55 2 10000 5 0 78.5 
56 3 10000 5 0 43.77 
4 3 5000 10 0 229.06 
7 3 10000 5 0 87.38 
7 4 50000 1 0 201.64 
7 5 5000 10 0 482.54 
8 7 5000 10 0 39.95 
10 7 20000 2.5 0 240.35 
46 7 10000 5 0 0.3 
47 7 20000 2.5 0 0.15 
48 7 50000 1 0 260.18 
53 7 20000 2.5 0 0.15 
22 7 10000 5 0 190.16 
56 7 10000 5 0 43.92 
9 8 5000 10 0 304.22 
25 8 50000 1 0 91.95 
26 8 20000 2.5 0 169.27 
27 8 5000 10 0 215.34 
28 8 10000 5 0 92.19 
61 8 5000 10 0 92.49 
49 10 20000 2.5 0 151.24 
11 10 5000 10 0 317.18 
13 12 5000 10 0 203.51 
22 12 20000 2.5 0 181.2 
36 14 50000 1 0 60.17 
22 15 5000 10 0 311.48 
22 16 50000 1 0 384.57 
22 17 50000 1 0 167.73 
22 18 5000 10 0 282.45 
44 19 5000 10 0 105.66 
20 19 10000 5 0 172.95 
22 19 10000 5 0 215.84 
21 20 10000 5 0 94.56 
22 20 10000 5 0 294.57 
36 22 10000 5 0 60.36 
37 22 10000 5 0 268.47 
44 22 50000 1 0 111.43 
54 22 20000 2.5 0 268.32 
23 22 5000 10 0 299.6 
25 22 5000 10 0 92.68 
28 22 20000 2.5 0 92.23 
61 22 5000 10 0 92.68 
62 22 20000 2.5 0 134.26 
63 22 50000 1 0 134.17 
25 24 10000 5 0 153.98 
31 27 10000 5 0 98.29 
36 29 10000 5 0 368.55 
36 30 50000 1 0 398.92 
32 31 10000 5 0 251.06 
34 31 10000 5 0 251.04 
35 31 5000 10 0 155.35 
33 31 10000 5 0 141.35 
38 36 20000 2.5 0 24.98 
39 36 20000 2.5 0 339.44 
40 36 20000 2.5 0 395.92 
41 36 50000 1 0 290.1 
42 36 50000 1 0 92.67 
43 36 20000 2.5 0 137.23 
48 45 5000 10 0 241.67 
53 46 50000 1 0 0.06 
47 46 10000 5 0 0.3 
52 50 20000 2.5 0 179.52 
52 51 50000 1 0 194.4 
53 52 10000 5 0 121.89 
64 54 50000 1 0 176.27 
57 54 50000 1 0 223.38 
62 54 5000 10 0 134.68 
63 54 50000 1 0 134.14 
60 55 5000 10 0 35.54 
60 56 5000 10 0 35.19 
58 57 50000 1 0 231.06 
59 58 50000 1 0 114.58 
60 59 50000 1 0 295.04 
46 2 500 847.38 
25 46 50 1073.68 
19 8 50 939.43 
8 19 1000 939.43 
53 8 1000 1021.53 
19 2 100 284.64 
63 59 1000 268.13 
55 56 500 87.94 
8 47 1000 1021.65 
20 25 500 1152.87 
54 56 500 192.26 
60 20 50 95.71 
61 63 1000 885.75 
20 4 50 115.65 
61 62 1000 885.3 
53 20 100 94.93 
59 46 100 257.3 
62 2 50 234.53 
8 20 1000 1152.87 
59 63 50 268.13 
46 3 500 1005.3 
3 63 50 150.2 
58 3 100 40.94 
46 58 100 34.51 
2 57 500 158.55 
8 2 1000 828.45 
3 19 100 251.14 
3 2 100 35.28 
2 44 1000 357.33 
55 46 100 847.38 
8 3 1000 1012.64 
55 63 50 234.7 
62 47 100 268.65 
53 22 50 1074.58 
57 56 1000 192.06 
28 56 100 934.02 
