65 156 109 
0 1 10000 5 1 123.63 
0 2 10000 5 1 190.15 
0 6 20000 2.5 1 280.39 
2 7 50000 1 1 87.5 
2 55 10000 5 1 78.5 
3 56 10000 5 1 43.77 
3 4 5000 10 1 229.06 
3 7 10000 5 1 87.38 
4 7 50000 1 1 201.64 
5 7 5000 10 1 482.54 
7 8 5000 10 1 39.95 
7 10 20000 2.5 1 240.35 
7 46 50000 1 1 0.06 
7 46 10000 5 1 0.3 
7 47 20000 2.5 1 0.15 
7 48 50000 1 1 260.18 
7 53 20000 2.5 1 0.15 
7 22 10000 5 1 190.16 
7 56 10000 5 1 43.92 
8 9 5000 10 1 304.22 
8 25 50000 1 1 91.95 
8 26 20000 2.5 1 169.27 
8 27 5000 10 1 215.34 
8 28 10000 5 1 92.19 
8 61 5000 10 1 92.49 
10 49 20000 2.5 1 151.24 
10 11 5000 10 1 317.18 
12 13 5000 10 1 203.51 
12 22 20000 2.5 1 181.2 
14 36 50000 1 1 60.17 
15 22 5000 10 1 311.48 
15 22 5000 10 1 311.48 
16 22 50000 1 1 384.57 
17 22 50000 1 1 167.73 
18 22 5000 10 1 282.45 
19 44 5000 10 1 105.66 
19 20 10000 5 1 172.95 
19 22 10000 5 1 215.84 
20 21 10000 5 1 94.56 
20 22 10000 5 1 294.57 
22 36 10000 5 1 60.36 
22 37 10000 5 1 268.47 
22 44 50000 1 1 111.43 
22 54 20000 2.5 1 268.32 
22 23 5000 10 1 299.6 
22 25 5000 10 1 92.68 
22 28 20000 2.5 1 92.23 
22 61 5000 10 1 92.68 
22 62 20000 2.5 1 134.26 
22 63 50000 1 1 134.17 
24 25 10000 5 1 153.98 
27 31 10000 5 1 98.29 
29 36 10000 5 1 368.55 
30 36 50000 1 1 398.92 
31 32 10000 5 1 251.06 
31 34 10000 5 1 251.04 
31 35 5000 10 1 155.35 
31 33 10000 5 1 141.35 
36 38 20000 2.5 1 24.98 
36 39 20000 2.5 1 339.44 
36 40 20000 2.5 1 395.92 
36 41 50000 1 1 290.1 
36 42 50000 1 1 92.67 
36 43 20000 2.5 1 137.23 
45 48 5000 10 1 241.67 
46 53 50000 1 1 0.06 
46 47 10000 5 1 0.3 
50 52 20000 2.5 1 179.52 
51 52 50000 1 1 194.4 
52 53 10000 5 1 121.89 
54 64 50000 1 1 176.27 
54 57 50000 1 1 223.38 
54 62 5000 10 1 134.68 
54 63 50000 1 1 134.14 
55 60 5000 10 1 35.54 
56 60 5000 10 1 35.19 
57 58 50000 1 1 231.06 
58 59 50000 1 1 114.58 
59 60 50000 1 1 295.04 
1 0 10000 5 1 123.63 
2 0 10000 5 1 190.15 
6 0 20000 2.5 1 280.39 
7 2 50000 1 1 87.5 
55 2 10000 5 1 78.5 
56 3 10000 5 1 43.77 
4 3 5000 10 1 229.06 
7 3 10000 5 1 87.38 
7 4 50000 1 1 201.64 
7 5 5000 10 1 482.54 
8 7 5000 10 1 39.95 
10 7 20000 2.5 1 240.35 
46 7 10000 5 1 0.3 
47 7 20000 2.5 1 0.15 
48 7 50000 1 1 260.18 
53 7 20000 2.5 1 0.15 
22 7 10000 5 1 190.16 
56 7 10000 5 1 43.92 
9 8 5000 10 1 304.22 
25 8 50000 1 1 91.95 
26 8 20000 2.5 1 169.27 
27 8 5000 10 1 215.34 
28 8 10000 5 1 92.19 
61 8 5000 10 1 92.49 
49 10 20000 2.5 1 151.24 
11 10 5000 10 1 317.18 
13 12 5000 10 1 203.51 
22 12 20000 2.5 1 181.2 
36 14 50000 1 1 60.17 
22 15 5000 10 1 311.48 
22 16 50000 1 1 384.57 
22 17 50000 1 1 167.73 
22 18 5000 10 1 282.45 
44 19 5000 10 1 105.66 
20 19 10000 5 1 172.95 
22 19 10000 5 1 215.84 
21 20 10000 5 1 94.56 
22 20 10000 5 1 294.57 
36 22 10000 5 1 60.36 
37 22 10000 5 1 268.47 
44 22 50000 1 1 111.43 
54 22 20000 2.5 1 268.32 
23 22 5000 10 1 299.6 
25 22 5000 10 1 92.68 
28 22 20000 2.5 1 92.23 
61 22 5000 10 1 92.68 
62 22 20000 2.5 1 134.26 
63 22 50000 1 1 134.17 
25 24 10000 5 1 153.98 
31 27 10000 5 1 98.29 
36 29 10000 5 1 368.55 
36 30 50000 1 1 398.92 
32 31 10000 5 1 251.06 
34 31 10000 5 1 251.04 
35 31 5000 10 1 155.35 
33 31 10000 5 1 141.35 
38 36 20000 2.5 1 24.98 
39 36 20000 2.5 1 339.44 
40 36 20000 2.5 1 395.92 
41 36 50000 1 1 290.1 
42 36 50000 1 1 92.67 
43 36 20000 2.5 1 137.23 
48 45 5000 10 1 241.67 
53 46 50000 1 1 0.06 
47 46 10000 5 1 0.3 
52 50 20000 2.5 1 179.52 
52 51 50000 1 1 194.4 
53 52 10000 5 1 121.89 
64 54 50000 1 1 176.27 
57 54 50000 1 1 223.38 
62 54 5000 10 1 134.68 
63 54 50000 1 1 134.14 
60 55 5000 10 1 35.54 
60 56 5000 10 1 35.19 
58 57 50000 1 1 231.06 
59 58 50000 1 1 114.58 
60 59 50000 1 1 295.04 
46 2 500 847.93 
25 46 50 1108.89 
19 8 50 1245.67 
8 19 1000 1245.67 
53 8 1000 1107.8 
19 2 100 463.72 
63 59 1000 308.12 
55 56 500 122.9 
8 47 1000 1107.8 
20 25 500 1401.34 
54 56 500 396.21 
60 20 50 343.32 
61 63 1000 1144.92 
20 4 50 214.24 
61 62 1000 1145.54 
53 20 100 986.58 
59 46 100 257.85 
62 2 50 344.07 
8 20 1000 1401.34 
59 63 50 308.12 
46 3 500 1005.85 
3 63 50 269.66 
58 3 100 227.46 
46 58 100 35.06 
2 57 500 433.53 
8 2 1000 915.88 
3 19 100 344.26 
3 2 100 36.11 
2 44 1000 479.52 
55 46 100 847.93 
8 3 1000 1135.27 
55 63 50 344.07 
62 47 100 805.7 
53 22 50 1416.91 
57 56 1000 395.59 
28 56 100 1046.39 
8 56 500 1135.27 
60 44 1000 462.5 
2 47 100 848.19 
20 28 500 1401.34 
44 28 500 1189.23 
2 20 50 441.98 
28 19 1000 1245.67 
19 3 50 344.26 
53 58 100 35.18 
44 47 100 986.73 
62 28 1000 1145.39 
56 46 50 918.31 
56 20 1000 343.32 
56 2 50 123.67 
56 63 500 269.66 
19 58 50 329.46 
53 56 50 918.43 
53 55 1000 848.05 
44 58 100 383.97 
46 8 100 1107.8 
28 53 500 1109.01 
63 19 1000 373.33 
62 61 50 1145.54 
28 63 500 1144.77 
20 2 50 441.98 
28 20 50 1401.34 
47 3 1000 1006.11 
56 53 500 918.43 
62 46 100 805.7 
61 44 50 1189.44 
20 54 1000 250.86 
46 62 50 805.7 
63 25 50 1145.46 
44 61 500 1189.44 
3 8 50 1135.27 
47 61 100 1109.46 
62 59 100 308.12 
62 19 500 373.33 
19 61 1000 1245.88 
46 61 100 1109.4 
4 57 50 117.77 
62 44 100 496.17 
54 20 50 250.86 
3 53 1000 1005.97 
47 25 100 1109.16 
53 3 1000 1005.97 
46 25 50 1108.89 
44 62 50 496.17 
44 63 1000 496.17 
3 47 50 1006.11 
63 61 100 1144.92 
53 4 1000 1156.17 
19 63 100 373.33 
3 46 100 1005.85 
54 19 50 373.33 
28 62 100 1145.39 
20 8 100 1401.34 
56 8 50 1135.27 
63 44 500 496.17 
4 53 50 1156.17 
47 4 1000 1156.31 
20 61 500 1401.88 
4 47 50 1156.31 
47 56 500 918.57 
53 61 100 1109.4 
19 62 500 373.33 
46 56 1000 918.31 
46 4 50 1156.05 
20 58 100 155.39 
56 57 50 395.59 
19 54 100 373.33 
56 47 50 918.57 
44 57 100 461.21 
