65 156 109 
0 1 10000 5 1 123.63 
0 2 10000 5 1 190.15 
0 6 20000 2.5 1 280.39 
2 7 50000 1 1 87.5 
2 55 10000 5 1 78.5 
3 56 10000 5 1 43.77 
3 4 5000 10 1 229.06 
3 7 10000 5 1 87.38 
4 7 50000 1 1 201.64 
5 7 5000 10 1 482.54 
7 8 5000 10 1 39.95 
7 10 20000 2.5 1 240.35 
7 46 50000 1 1 0.06 
7 46 10000 5 1 0.3 
7 47 20000 2.5 1 0.15 
7 48 50000 1 1 260.18 
7 53 20000 2.5 1 0.15 
7 22 10000 5 1 190.16 
7 56 10000 5 1 43.92 
8 9 5000 10 1 304.22 
8 25 50000 1 1 91.95 
8 26 20000 2.5 1 169.27 
8 27 5000 10 1 215.34 
8 28 10000 5 1 92.19 
8 61 5000 10 1 92.49 
10 49 20000 2.5 1 151.24 
10 11 5000 10 1 317.18 
12 13 5000 10 1 203.51 
12 22 20000 2.5 1 181.2 
14 36 50000 1 1 60.17 
15 22 5000 10 1 311.48 
15 22 5000 10 1 311.48 
16 22 50000 1 1 384.57 
17 22 50000 1 1 167.73 
18 22 5000 10 1 282.45 
19 44 5000 10 1 105.66 
19 20 10000 5 1 172.95 
19 22 10000 5 1 215.84 
20 21 10000 5 1 94.56 
20 22 10000 5 1 294.57 
22 36 10000 5 1 60.36 
22 37 10000 5 1 268.47 
22 44 50000 1 1 111.43 
22 54 20000 2.5 1 268.32 
22 23 5000 10 1 299.6 
22 25 5000 10 1 92.68 
22 28 20000 2.5 1 92.23 
22 61 5000 10 1 92.68 
22 62 20000 2.5 1 134.26 
22 63 50000 1 1 134.17 
24 25 10000 5 1 153.98 
27 31 10000 5 1 98.29 
29 36 10000 5 1 368.55 
30 36 50000 1 1 398.92 
31 32 10000 5 1 251.06 
31 34 10000 5 1 251.04 
31 35 5000 10 1 155.35 
31 33 10000 5 1 141.35 
36 38 20000 2.5 1 24.98 
36 39 20000 2.5 1 339.44 
36 40 20000 2.5 1 395.92 
36 41 50000 1 1 290.1 
36 42 50000 1 1 92.67 
36 43 20000 2.5 1 137.23 
45 48 5000 10 1 241.67 
46 53 50000 1 1 0.06 
46 47 10000 5 1 0.3 
50 52 20000 2.5 1 179.52 
51 52 50000 1 1 194.4 
52 53 10000 5 1 121.89 
54 64 50000 1 1 176.27 
54 57 50000 1 1 223.38 
54 62 5000 10 1 134.68 
54 63 50000 1 1 134.14 
55 60 5000 10 1 35.54 
56 60 5000 10 1 35.19 
57 58 50000 1 1 231.06 
58 59 50000 1 1 114.58 
59 60 50000 1 1 295.04 
1 0 10000 5 1 123.63 
2 0 10000 5 1 190.15 
6 0 20000 2.5 1 280.39 
7 2 50000 1 1 87.5 
55 2 10000 5 1 78.5 
56 3 10000 5 1 43.77 
4 3 5000 10 1 229.06 
7 3 10000 5 1 87.38 
7 4 50000 1 1 201.64 
7 5 5000 10 1 482.54 
8 7 5000 10 1 39.95 
10 7 20000 2.5 1 240.35 
46 7 10000 5 1 0.3 
47 7 20000 2.5 1 0.15 
48 7 50000 1 1 260.18 
53 7 20000 2.5 1 0.15 
22 7 10000 5 1 190.16 
56 7 10000 5 1 43.92 
9 8 5000 10 1 304.22 
25 8 50000 1 1 91.95 
26 8 20000 2.5 1 169.27 
27 8 5000 10 1 215.34 
28 8 10000 5 1 92.19 
61 8 5000 10 1 92.49 
49 10 20000 2.5 1 151.24 
11 10 5000 10 1 317.18 
13 12 5000 10 1 203.51 
22 12 20000 2.5 1 181.2 
36 14 50000 1 1 60.17 
22 15 5000 10 1 311.48 
22 16 50000 1 1 384.57 
22 17 50000 1 1 167.73 
22 18 5000 10 1 282.45 
44 19 5000 10 1 105.66 
20 19 10000 5 1 172.95 
22 19 10000 5 1 215.84 
21 20 10000 5 1 94.56 
22 20 10000 5 1 294.57 
36 22 10000 5 1 60.36 
37 22 10000 5 1 268.47 
44 22 50000 1 1 111.43 
54 22 20000 2.5 1 268.32 
23 22 5000 10 1 299.6 
25 22 5000 10 1 92.68 
28 22 20000 2.5 1 92.23 
61 22 5000 10 1 92.68 
62 22 20000 2.5 1 134.26 
63 22 50000 1 1 134.17 
25 24 10000 5 1 153.98 
31 27 10000 5 1 98.29 
36 29 10000 5 1 368.55 
36 30 50000 1 1 398.92 
32 31 10000 5 1 251.06 
34 31 10000 5 1 251.04 
35 31 5000 10 1 155.35 
33 31 10000 5 1 141.35 
38 36 20000 2.5 1 24.98 
39 36 20000 2.5 1 339.44 
40 36 20000 2.5 1 395.92 
41 36 50000 1 1 290.1 
42 36 50000 1 1 92.67 
43 36 20000 2.5 1 137.23 
48 45 5000 10 1 241.67 
53 46 50000 1 1 0.06 
47 46 10000 5 1 0.3 
52 50 20000 2.5 1 179.52 
52 51 50000 1 1 194.4 
53 52 10000 5 1 121.89 
64 54 50000 1 1 176.27 
57 54 50000 1 1 223.38 
62 54 5000 10 1 134.68 
63 54 50000 1 1 134.14 
60 55 5000 10 1 35.54 
60 56 5000 10 1 35.19 
58 57 50000 1 1 231.06 
59 58 50000 1 1 114.58 
60 59 50000 1 1 295.04 
46 2 500 847.38 
25 46 50 1073.68 
19 8 50 939.43 
8 19 1000 939.43 
53 8 1000 1021.53 
19 2 100 284.64 
63 59 1000 268.13 
55 56 500 87.94 
8 47 1000 1021.65 
20 25 500 1152.87 
54 56 500 192.26 
60 20 50 95.71 
61 63 1000 885.75 
20 4 50 115.65 
61 62 1000 885.3 
53 20 100 94.93 
59 46 100 257.3 
62 2 50 234.53 
8 20 1000 1152.87 
59 63 50 268.13 
46 3 500 1005.3 
3 63 50 150.2 
58 3 100 40.94 
46 58 100 34.51 
2 57 500 158.55 
8 2 1000 828.45 
3 19 100 251.14 
3 2 100 35.28 
2 44 1000 357.33 
55 46 100 847.38 
8 3 1000 1012.64 
55 63 50 234.7 
62 47 100 268.65 
53 22 50 1074.58 
57 56 1000 192.06 
28 56 100 934.02 
8 56 500 1047.84 
60 44 1000 339.32 
2 47 100 847.65 
20 28 500 1152.87 
44 28 500 938.18 
2 20 50 159.17 
28 19 1000 939.43 
19 3 50 251.14 
53 58 100 34.63 
44 47 100 461.36 
62 28 1000 884.76 
56 46 50 917.76 
56 20 1000 166.09 
56 2 50 88.09 
56 63 500 234.08 
19 58 50 114.77 
53 56 50 917.88 
53 55 1000 847.5 
44 58 100 245.81 
46 8 100 1021.41 
28 53 500 1073.8 
63 19 1000 157.39 
62 61 50 885.3 
28 63 500 885.21 
20 2 50 159.17 
28 20 50 1152.87 
47 3 1000 1005.57 
56 53 500 917.88 
62 46 100 268.44 
61 44 50 938.39 
20 54 1000 181.45 
46 62 50 268.44 
63 25 50 885.21 
44 61 500 938.39 
3 8 50 1012.64 
47 61 100 1074.25 
62 59 100 268.49 
62 19 500 157.39 
19 61 1000 939.64 
46 61 100 1074.19 
4 57 50 114.67 
62 44 100 332.5 
54 20 50 181.45 
3 53 1000 1005.42 
47 25 100 1073.95 
53 3 1000 1005.42 
46 25 50 1073.68 
44 62 50 332.5 
44 63 1000 332.5 
3 47 50 1005.57 
63 61 100 885.75 
53 4 1000 1155.62 
19 63 100 157.39 
3 46 100 1005.3 
54 19 50 157.39 
28 62 100 884.76 
20 8 100 1152.87 
56 8 50 1047.84 
63 44 500 332.5 
4 53 50 1155.62 
47 4 1000 1155.77 
20 61 500 1153.41 
4 47 50 1155.77 
47 56 500 918.03 
53 61 100 1074.19 
19 62 500 157.39 
46 56 1000 917.76 
46 4 50 1155.5 
20 58 100 85.98 
56 57 50 192.06 
19 54 100 157.39 
56 47 50 918.03 
44 57 100 297.54 
