25 113 130 
0 1 50000 1 1 15.27 
0 2 5000 10 1 58.04 
0 6 50000 1 1 6.55 
0 7 50000 1 1 16.5 
1 6 50000 1 1 21.76 
2 3 5000 10 1 25.46 
2 6 20000 2.5 1 53.75 
2 9 50000 1 1 20.98 
2 15 20000 2.5 1 74.1 
2 16 5000 10 1 33.84 
2 17 20000 2.5 1 149.68 
2 20 10000 5 1 140.1 
2 21 5000 10 1 101.95 
3 8 20000 2.5 1 37.07 
3 9 5000 10 1 40.2 
3 6 50000 1 1 28.95 
4 5 10000 5 1 28.9 
4 7 50000 1 1 18.79 
5 7 10000 5 1 43.91 
5 8 20000 2.5 1 17.45 
5 9 10000 5 1 37.9 
5 13 5000 10 1 58.67 
5 14 10000 5 1 32.55 
6 7 10000 5 1 10.27 
8 9 10000 5 1 20.67 
8 13 50000 1 1 49.74 
9 13 5000 10 1 44.68 
9 16 5000 10 1 20.01 
9 22 50000 1 1 127.96 
10 11 10000 5 1 25.87 
10 13 5000 10 1 36.24 
10 14 5000 10 1 43.58 
11 12 10000 5 1 15.58 
11 13 20000 2.5 1 18.25 
11 14 5000 10 1 68.93 
12 24 10000 5 1 68.53 
12 13 10000 5 1 20.58 
13 15 10000 5 1 53.54 
13 16 5000 10 1 37.07 
13 17 10000 5 1 119.65 
13 22 10000 5 1 100.06 
15 16 20000 2.5 1 44.85 
15 17 50000 1 1 76.49 
15 21 50000 1 1 29.97 
16 17 10000 5 1 121.37 
17 18 50000 1 1 6.1 
17 19 10000 5 1 43.34 
17 20 10000 5 1 54.91 
17 21 20000 2.5 1 48.47 
17 22 50000 1 1 28.01 
18 21 50000 1 1 42.97 
19 20 5000 10 1 12.25 
21 22 5000 10 1 47.23 
22 23 50000 1 1 9.03 
22 24 5000 10 1 29.37 
22 24 10000 5 1 29.07 
23 24 10000 5 1 24.37 
1 0 50000 1 1 15.27 
2 0 5000 10 1 58.04 
6 0 50000 1 1 6.55 
7 0 50000 1 1 16.5 
6 1 50000 1 1 21.76 
3 2 5000 10 1 25.46 
6 2 20000 2.5 1 53.75 
9 2 50000 1 1 20.98 
15 2 20000 2.5 1 74.1 
16 2 5000 10 1 33.84 
17 2 20000 2.5 1 149.68 
20 2 10000 5 1 140.1 
21 2 5000 10 1 101.95 
8 3 20000 2.5 1 37.07 
9 3 5000 10 1 40.2 
6 3 50000 1 1 28.95 
5 4 10000 5 1 28.9 
7 4 50000 1 1 18.79 
7 5 10000 5 1 43.91 
8 5 20000 2.5 1 17.45 
9 5 10000 5 1 37.9 
13 5 5000 10 1 58.67 
14 5 10000 5 1 32.55 
7 6 10000 5 1 10.27 
9 8 10000 5 1 20.67 
13 8 50000 1 1 49.74 
13 9 5000 10 1 44.68 
16 9 5000 10 1 20.01 
22 9 50000 1 1 127.96 
11 10 10000 5 1 25.87 
13 10 5000 10 1 36.24 
14 10 5000 10 1 43.58 
12 11 10000 5 1 15.58 
13 11 20000 2.5 1 18.25 
14 11 5000 10 1 68.93 
24 12 10000 5 1 68.53 
13 12 10000 5 1 20.58 
15 13 10000 5 1 53.54 
16 13 5000 10 1 37.07 
17 13 10000 5 1 119.65 
22 13 10000 5 1 100.06 
16 15 20000 2.5 1 44.85 
17 15 50000 1 1 76.49 
21 15 50000 1 1 29.97 
17 16 10000 5 1 121.37 
18 17 50000 1 1 6.1 
19 17 10000 5 1 43.34 
20 17 10000 5 1 54.91 
21 17 20000 2.5 1 48.47 
22 17 50000 1 1 28.01 
21 18 50000 1 1 42.97 
20 19 5000 10 1 12.25 
22 21 5000 10 1 47.23 
23 22 50000 1 1 9.03 
24 22 10000 5 1 29.07 
24 23 10000 5 1 24.37 
18 15 500 36.53 
23 4 50 20.1 
4 15 50 13.69 
8 14 100 24.52 
16 3 1000 33.91 
20 23 50 93.66 
22 15 50 51.18 
15 9 1000 53.23 
14 13 50 79.27 
10 4 1000 27.8 
1 8 50 30.23 
4 19 1000 20.52 
8 21 1000 34.44 
6 20 1000 4.92 
13 15 500 36.46 
11 24 1000 33.11 
22 11 500 41.9 
6 8 100 39.25 
18 19 1000 32.24 
2 19 1000 28.18 
23 0 1000 13.76 
20 18 1000 36.25 
24 21 50 72.24 
3 21 500 28.28 
13 21 500 29.26 
22 19 1000 28.1 
4 16 1000 28.46 
22 1 500 10.54 
3 24 50 19.62 
18 10 500 30.34 
17 13 1000 55.56 
19 23 500 105.06 
21 9 100 47.12 
6 0 1000 26.68 
3 12 100 37.62 
20 24 100 101.41 
4 1 500 34.65 
20 9 500 29.54 
7 11 100 14.93 
14 23 100 23.78 
18 24 50 64.03 
2 6 1000 41.12 
6 5 100 44.9 
3 1 1000 23.86 
13 11 500 63.97 
19 8 500 15.61 
9 10 500 51.74 
16 5 1000 32.83 
5 6 100 44.9 
8 4 50 29.56 
22 3 500 20.82 
20 17 100 45.73 
18 22 1000 29.03 
21 12 100 27.25 
24 1 50 9.47 
6 23 500 10.22 
1 15 500 23.78 
8 3 100 43.86 
6 4 1000 33.8 
8 10 500 50.44 
1 2 100 35.93 
14 2 500 17.87 
8 24 500 31.1 
2 8 1000 26.38 
19 21 50 50.59 
12 16 1000 43.27 
24 13 100 34.66 
9 18 500 26.16 
3 16 100 33.91 
13 14 1000 79.27 
15 6 100 23.18 
24 12 500 28.38 
6 22 50 14 
24 15 500 72.97 
24 7 50 14.03 
20 15 1000 49.1 
0 8 50 32.87 
3 0 1000 27.02 
23 8 100 18.28 
12 22 1000 40.58 
17 1 1000 2.84 
1 13 500 12.72 
5 11 100 52.72 
14 18 500 9.54 
6 13 100 20.48 
24 8 100 31.1 
10 18 100 30.34 
10 19 500 20.53 
24 14 1000 27.87 
9 0 50 34.04 
9 1 1000 20.22 
23 7 1000 10.84 
7 8 50 36.51 
2 3 50 51.08 
23 11 100 39.08 
8 20 50 26.76 
18 13 100 49.19 
8 17 50 16.33 
11 9 1000 48.13 
8 0 50 32.87 
15 4 1000 13.69 
10 17 50 28.41 
13 9 500 48.75 
3 9 100 43.48 
10 12 500 58.73 
11 0 500 14.93 
11 7 1000 14.93 
0 23 500 13.76 
8 2 50 26.38 
7 3 500 35.23 
8 22 500 19.09 
4 0 100 31.47 
16 10 100 44.07 
23 17 500 34.37 
20 5 1000 9.5 
4 13 100 19.16 
15 24 500 72.97 
9 3 100 43.48 
9 22 500 28.94 
13 3 500 39.28 
2 20 50 24.41 
11 2 50 29.13 
22 17 500 26.18 
17 11 100 39.84 
10 20 500 19.35 
4 18 100 18.68 
15 18 1000 36.53 
5 7 1000 32.87 
9 2 500 19.05 
9 12 100 47.21 
