25 113 390 
0 1 50000 1 0 15.27 
0 2 5000 10 0 58.04 
0 6 50000 1 0 6.55 
0 7 50000 1 0 16.5 
1 6 50000 1 0 21.76 
2 3 5000 10 0 25.46 
2 6 20000 2.5 0 53.75 
2 9 50000 1 0 20.98 
2 15 20000 2.5 0 74.1 
2 16 5000 10 0 33.84 
2 17 20000 2.5 0 149.68 
2 20 10000 5 0 140.1 
2 21 5000 10 0 101.95 
3 8 20000 2.5 0 37.07 
3 9 5000 10 0 40.2 
3 6 50000 1 0 28.95 
4 5 10000 5 0 28.9 
4 7 50000 1 0 18.79 
5 7 10000 5 0 43.91 
5 8 20000 2.5 0 17.45 
5 9 10000 5 0 37.9 
5 13 5000 10 0 58.67 
5 14 10000 5 0 32.55 
6 7 10000 5 0 10.27 
8 9 10000 5 0 20.67 
8 13 50000 1 0 49.74 
9 13 5000 10 0 44.68 
9 16 5000 10 0 20.01 
9 22 50000 1 0 127.96 
10 11 10000 5 0 25.87 
10 13 5000 10 0 36.24 
10 14 5000 10 0 43.58 
11 12 10000 5 0 15.58 
11 13 20000 2.5 0 18.25 
11 14 5000 10 0 68.93 
12 24 10000 5 0 68.53 
12 13 10000 5 0 20.58 
13 15 10000 5 0 53.54 
13 16 5000 10 0 37.07 
13 17 10000 5 0 119.65 
13 22 10000 5 0 100.06 
15 16 20000 2.5 0 44.85 
15 17 50000 1 0 76.49 
15 21 50000 1 0 29.97 
16 17 10000 5 0 121.37 
17 18 50000 1 0 6.1 
17 19 10000 5 0 43.34 
17 20 10000 5 0 54.91 
17 21 20000 2.5 0 48.47 
17 22 50000 1 0 28.01 
18 21 50000 1 0 42.97 
19 20 5000 10 0 12.25 
21 22 5000 10 0 47.23 
22 23 50000 1 0 9.03 
22 24 5000 10 0 29.37 
22 24 10000 5 0 29.07 
23 24 10000 5 0 24.37 
1 0 50000 1 0 15.27 
2 0 5000 10 0 58.04 
6 0 50000 1 0 6.55 
7 0 50000 1 0 16.5 
6 1 50000 1 0 21.76 
3 2 5000 10 0 25.46 
6 2 20000 2.5 0 53.75 
9 2 50000 1 0 20.98 
15 2 20000 2.5 0 74.1 
16 2 5000 10 0 33.84 
17 2 20000 2.5 0 149.68 
20 2 10000 5 0 140.1 
21 2 5000 10 0 101.95 
8 3 20000 2.5 0 37.07 
9 3 5000 10 0 40.2 
6 3 50000 1 0 28.95 
5 4 10000 5 0 28.9 
7 4 50000 1 0 18.79 
7 5 10000 5 0 43.91 
8 5 20000 2.5 0 17.45 
9 5 10000 5 0 37.9 
13 5 5000 10 0 58.67 
14 5 10000 5 0 32.55 
7 6 10000 5 0 10.27 
9 8 10000 5 0 20.67 
13 8 50000 1 0 49.74 
13 9 5000 10 0 44.68 
16 9 5000 10 0 20.01 
22 9 50000 1 0 127.96 
11 10 10000 5 0 25.87 
13 10 5000 10 0 36.24 
14 10 5000 10 0 43.58 
12 11 10000 5 0 15.58 
13 11 20000 2.5 0 18.25 
14 11 5000 10 0 68.93 
24 12 10000 5 0 68.53 
13 12 10000 5 0 20.58 
15 13 10000 5 0 53.54 
16 13 5000 10 0 37.07 
17 13 10000 5 0 119.65 
22 13 10000 5 0 100.06 
16 15 20000 2.5 0 44.85 
17 15 50000 1 0 76.49 
21 15 50000 1 0 29.97 
17 16 10000 5 0 121.37 
18 17 50000 1 0 6.1 
19 17 10000 5 0 43.34 
20 17 10000 5 0 54.91 
21 17 20000 2.5 0 48.47 
22 17 50000 1 0 28.01 
21 18 50000 1 0 42.97 
20 19 5000 10 0 12.25 
22 21 5000 10 0 47.23 
23 22 50000 1 0 9.03 
24 22 10000 5 0 29.07 
24 23 10000 5 0 24.37 
18 15 500 36.53 
23 4 50 20.1 
4 15 50 13.69 
8 14 100 24.52 
16 3 1000 33.91 
20 23 50 93.66 
22 15 50 51.18 
15 9 1000 53.23 
14 13 50 79.27 
10 4 1000 27.8 
1 8 50 30.23 
4 19 1000 20.52 
8 21 1000 34.44 
6 20 1000 4.92 
13 15 500 36.46 
11 24 1000 33.11 
22 11 500 41.9 
6 8 100 39.25 
18 19 1000 32.24 
2 19 1000 28.18 
23 0 1000 13.76 
20 18 1000 36.25 
24 21 50 72.24 
3 21 500 28.28 
13 21 500 29.26 
22 19 1000 28.1 
4 16 1000 28.46 
22 1 500 10.54 
3 24 50 19.62 
18 10 500 30.34 
17 13 1000 55.56 
19 23 500 105.06 
21 9 100 47.12 
6 0 1000 26.68 
3 12 100 37.62 
20 24 100 101.41 
4 1 500 34.65 
20 9 500 29.54 
7 11 100 14.93 
14 23 100 23.78 
18 24 50 64.03 
2 6 1000 41.12 
6 5 100 44.9 
3 1 1000 23.86 
13 11 500 63.97 
19 8 500 15.61 
9 10 500 51.74 
16 5 1000 32.83 
5 6 100 44.9 
8 4 50 29.56 
22 3 500 20.82 
20 17 100 45.73 
18 22 1000 29.03 
21 12 100 27.25 
24 1 50 9.47 
6 23 500 10.22 
1 15 500 23.78 
8 3 100 43.86 
6 4 1000 33.8 
8 10 500 50.44 
1 2 100 35.93 
14 2 500 17.87 
8 24 500 31.1 
2 8 1000 26.38 
19 21 50 50.59 
12 16 1000 43.27 
24 13 100 34.66 
9 18 500 26.16 
3 16 100 33.91 
13 14 1000 79.27 
15 6 100 23.18 
24 12 500 28.38 
6 22 50 14 
24 15 500 72.97 
24 7 50 14.03 
20 15 1000 49.1 
0 8 50 32.87 
3 0 1000 27.02 
23 8 100 18.28 
12 22 1000 40.58 
17 1 1000 2.84 
1 13 500 12.72 
5 11 100 52.72 
14 18 500 9.54 
6 13 100 20.48 
24 8 100 31.1 
10 18 100 30.34 
10 19 500 20.53 
24 14 1000 27.87 
9 0 50 34.04 
9 1 1000 20.22 
23 7 1000 10.84 
7 8 50 36.51 
2 3 50 51.08 
23 11 100 39.08 
8 20 50 26.76 
18 13 100 49.19 
8 17 50 16.33 
11 9 1000 48.13 
8 0 50 32.87 
15 4 1000 13.69 
10 17 50 28.41 
13 9 500 48.75 
3 9 100 43.48 
10 12 500 58.73 
11 0 500 14.93 
11 7 1000 14.93 
0 23 500 13.76 
8 2 50 26.38 
7 3 500 35.23 
8 22 500 19.09 
4 0 100 31.47 
16 10 100 44.07 
23 17 500 34.37 
20 5 1000 9.5 
4 13 100 19.16 
15 24 500 72.97 
9 3 100 43.48 
9 22 500 28.94 
13 3 500 39.28 
2 20 50 24.41 
11 2 50 29.13 
22 17 500 26.18 
17 11 100 39.84 
10 20 500 19.35 
4 18 100 18.68 
15 18 1000 36.53 
5 7 1000 32.87 
9 2 500 19.05 
9 12 100 47.21 
18 7 50 5.52 
1 24 500 9.47 
9 15 1000 53.23 
13 0 500 19.17 
11 10 50 62.82 
24 23 1000 40.58 
8 15 100 45.1 
14 16 1000 33.73 
10 1 1000 8.86 
7 15 1000 24.64 
16 22 1000 35.7 
4 23 100 20.1 
5 12 100 49.59 
21 14 1000 27.62 
5 24 100 25.51 
11 21 100 23.35 
16 6 1000 38.59 
24 11 500 33.11 
12 21 50 27.25 
17 24 500 43.93 
18 3 500 24.62 
21 6 1000 30.13 
16 24 500 27.27 
12 7 50 14.03 
23 12 50 31.25 
7 18 500 5.52 
13 20 500 30.51 
8 16 100 51.26 
4 14 500 16.77 
0 21 100 25.8 
5 23 50 21.27 
21 16 1000 38.2 
24 5 100 25.51 
21 15 100 33.51 
16 9 1000 45.18 
4 2 50 30.81 
12 4 1000 25.73 
9 20 500 29.54 
1 11 100 12.72 
16 18 100 26.77 
17 5 1000 22.73 
4 10 1000 27.8 
23 24 100 40.58 
2 21 50 33.25 
15 1 500 23.78 
5 18 100 23.21 
22 14 1000 19.51 
16 13 500 37.65 
18 21 50 32.91 
11 14 100 62.82 
3 14 500 44.86 
0 14 50 35.97 
9 23 100 22.95 
17 12 500 42.78 
6 9 50 44.06 
8 6 1000 39.25 
15 23 500 65.05 
13 2 50 44.84 
9 17 500 26.6 
9 16 1000 45.18 
11 3 1000 28.07 
23 14 100 23.78 
23 9 100 22.95 
23 18 500 77.48 
16 23 500 39.86 
1 9 100 20.22 
22 20 100 29.77 
7 16 50 34.31 
9 8 50 22.17 
10 16 50 44.07 
10 8 100 50.44 
12 6 500 12.61 
15 5 50 40.09 
3 17 500 28.69 
12 3 100 37.62 
14 6 50 44.9 
6 17 100 9.22 
23 6 50 10.22 
11 4 100 25.25 
1 7 500 28.47 
21 22 500 48.91 
24 17 50 43.93 
9 5 50 26.54 
5 20 500 9.5 
2 24 500 26.69 
9 14 100 24.4 
14 15 50 32.66 
5 17 100 22.73 
10 15 50 30.64 
0 9 1000 34.04 
17 15 1000 33.55 
8 13 500 50.63 
15 2 100 51.89 
18 16 100 26.77 
11 1 1000 12.72 
19 18 1000 32.24 
16 17 100 26.86 
22 21 50 48.91 
11 16 1000 38.47 
2 1 500 35.93 
4 17 1000 18.42 
0 22 50 14.33 
19 22 50 28.1 
13 1 1000 12.72 
14 0 500 35.97 
17 22 100 26.18 
3 15 1000 27.57 
14 17 1000 8.48 
19 15 100 52.2 
17 8 1000 16.33 
13 22 1000 56.97 
2 7 100 45.91 
18 23 100 77.48 
20 12 500 28.38 
3 23 50 17.51 
24 2 500 26.69 
11 12 50 58.65 
22 16 1000 35.7 
21 3 100 28.28 
6 2 500 41.12 
7 20 500 25.17 
15 20 1000 49.1 
13 24 500 34.66 
21 13 500 29.26 
15 0 100 23.33 
3 20 50 6.94 
12 15 50 37.5 
19 12 500 38.48 
18 2 100 42.5 
6 24 500 12.59 
22 24 500 40.58 
13 5 50 54 
20 11 50 25.39 
3 6 100 26.26 
5 13 50 54 
7 5 100 32.87 
18 6 100 10.18 
21 8 50 34.44 
14 9 50 24.4 
5 2 50 36.35 
9 6 50 44.06 
14 3 1000 44.86 
6 15 500 23.18 
19 11 500 24.03 
2 13 100 44.84 
5 0 1000 35.97 
13 6 1000 20.48 
0 11 1000 14.93 
11 17 100 39.84 
12 0 50 12.27 
1 10 50 8.86 
10 13 50 69.93 
23 13 1000 54.92 
11 18 500 32.29 
0 12 500 12.27 
3 11 500 28.07 
20 16 500 58.08 
21 4 100 9.51 
19 5 500 21.3 
8 12 500 30.85 
2 16 500 26.56 
12 19 100 38.48 
21 0 500 25.8 
23 2 50 14.6 
11 15 100 39.58 
14 22 100 19.51 
17 4 50 18.42 
14 11 50 62.82 
6 14 50 44.9 
3 19 100 20.37 
9 7 100 44.68 
0 18 1000 8.11 
3 10 100 20.65 
24 9 100 28.95 
20 22 500 29.77 
22 2 1000 17.81 
24 10 50 34.14 
24 0 100 12.27 
24 19 100 95.72 
21 7 100 13.86 
21 18 1000 32.91 
23 15 500 65.05 
7 23 50 10.84 
15 12 50 37.5 
4 24 500 19.95 
3 5 100 52.95 
6 18 500 10.18 
20 1 50 26.99 
20 10 50 19.35 
1 6 1000 26.68 
1 3 100 23.86 
22 18 1000 29.03 
12 10 50 58.73 
22 13 500 56.97 
8 9 100 22.17 
18 0 50 8.11 
18 9 1000 26.16 
16 21 50 38.2 
2 15 50 51.89 
19 9 100 14.59 
19 17 100 45.73 
16 11 50 38.47 
15 17 50 33.55 
24 3 50 19.62 
18 20 1000 36.25 
16 1 50 21.07 
1 12 50 9.47 
9 13 100 48.75 
12 1 100 9.47 
22 5 500 25.2 
21 2 100 33.25 
21 24 100 72.24 
0 5 50 35.97 
7 0 500 23.49 
15 13 100 36.46 
2 12 100 27.17 
4 8 100 29.56 
13 16 100 37.65 
16 2 500 26.56 
21 5 50 31.87 
7 9 100 44.68 
2 5 50 36.35 
19 24 50 95.72 
24 20 50 101.41 
1 18 50 8.93 
6 16 50 38.59 
7 1 100 28.47 
9 11 50 48.13 
17 2 1000 43.21 
7 22 100 11.47 
1 5 50 43.8 
20 13 100 30.51 
0 24 50 12.27 
4 22 100 20.65 
2 17 1000 43.21 
6 1 100 26.68 
7 2 50 45.91 
0 2 50 33.19 
17 16 1000 26.86 
16 12 50 43.27 
4 21 100 9.51 
15 22 50 51.18 
2 18 1000 42.5 
1 16 50 21.07 
17 20 100 45.73 
21 17 50 32.91 
16 8 500 51.26 
9 21 500 47.12 
18 12 100 42.84 
21 11 500 23.35 
9 19 100 14.59 
2 10 50 29.11 
0 17 50 6.85 
0 7 100 23.49 
20 21 50 53.37 
17 21 1000 32.91 
21 20 500 53.37 
19 16 100 40.67 
15 21 100 33.51 
16 20 100 58.08 
