25 113 390 
0 1 50000 1 1 15.27 
0 2 5000 10 1 58.04 
0 6 50000 1 1 6.55 
0 7 50000 1 1 16.5 
1 6 50000 1 1 21.76 
2 3 5000 10 1 25.46 
2 6 20000 2.5 1 53.75 
2 9 50000 1 1 20.98 
2 15 20000 2.5 1 74.1 
2 16 5000 10 1 33.84 
2 17 20000 2.5 1 149.68 
2 20 10000 5 1 140.1 
2 21 5000 10 1 101.95 
3 8 20000 2.5 1 37.07 
3 9 5000 10 1 40.2 
3 6 50000 1 1 28.95 
4 5 10000 5 1 28.9 
4 7 50000 1 1 18.79 
5 7 10000 5 1 43.91 
5 8 20000 2.5 1 17.45 
5 9 10000 5 1 37.9 
5 13 5000 10 1 58.67 
5 14 10000 5 1 32.55 
6 7 10000 5 1 10.27 
8 9 10000 5 1 20.67 
8 13 50000 1 1 49.74 
9 13 5000 10 1 44.68 
9 16 5000 10 1 20.01 
9 22 50000 1 1 127.96 
10 11 10000 5 1 25.87 
10 13 5000 10 1 36.24 
10 14 5000 10 1 43.58 
11 12 10000 5 1 15.58 
11 13 20000 2.5 1 18.25 
11 14 5000 10 1 68.93 
12 24 10000 5 1 68.53 
12 13 10000 5 1 20.58 
13 15 10000 5 1 53.54 
13 16 5000 10 1 37.07 
13 17 10000 5 1 119.65 
13 22 10000 5 1 100.06 
15 16 20000 2.5 1 44.85 
15 17 50000 1 1 76.49 
15 21 50000 1 1 29.97 
16 17 10000 5 1 121.37 
17 18 50000 1 1 6.1 
17 19 10000 5 1 43.34 
17 20 10000 5 1 54.91 
17 21 20000 2.5 1 48.47 
17 22 50000 1 1 28.01 
18 21 50000 1 1 42.97 
19 20 5000 10 1 12.25 
21 22 5000 10 1 47.23 
22 23 50000 1 1 9.03 
22 24 5000 10 1 29.37 
22 24 10000 5 1 29.07 
23 24 10000 5 1 24.37 
1 0 50000 1 1 15.27 
2 0 5000 10 1 58.04 
6 0 50000 1 1 6.55 
7 0 50000 1 1 16.5 
6 1 50000 1 1 21.76 
3 2 5000 10 1 25.46 
6 2 20000 2.5 1 53.75 
9 2 50000 1 1 20.98 
15 2 20000 2.5 1 74.1 
16 2 5000 10 1 33.84 
17 2 20000 2.5 1 149.68 
20 2 10000 5 1 140.1 
21 2 5000 10 1 101.95 
8 3 20000 2.5 1 37.07 
9 3 5000 10 1 40.2 
6 3 50000 1 1 28.95 
5 4 10000 5 1 28.9 
7 4 50000 1 1 18.79 
7 5 10000 5 1 43.91 
8 5 20000 2.5 1 17.45 
9 5 10000 5 1 37.9 
13 5 5000 10 1 58.67 
14 5 10000 5 1 32.55 
7 6 10000 5 1 10.27 
9 8 10000 5 1 20.67 
13 8 50000 1 1 49.74 
13 9 5000 10 1 44.68 
16 9 5000 10 1 20.01 
22 9 50000 1 1 127.96 
11 10 10000 5 1 25.87 
13 10 5000 10 1 36.24 
14 10 5000 10 1 43.58 
12 11 10000 5 1 15.58 
13 11 20000 2.5 1 18.25 
14 11 5000 10 1 68.93 
24 12 10000 5 1 68.53 
13 12 10000 5 1 20.58 
15 13 10000 5 1 53.54 
16 13 5000 10 1 37.07 
17 13 10000 5 1 119.65 
22 13 10000 5 1 100.06 
16 15 20000 2.5 1 44.85 
17 15 50000 1 1 76.49 
21 15 50000 1 1 29.97 
17 16 10000 5 1 121.37 
18 17 50000 1 1 6.1 
19 17 10000 5 1 43.34 
20 17 10000 5 1 54.91 
21 17 20000 2.5 1 48.47 
22 17 50000 1 1 28.01 
21 18 50000 1 1 42.97 
20 19 5000 10 1 12.25 
22 21 5000 10 1 47.23 
23 22 50000 1 1 9.03 
24 22 10000 5 1 29.07 
24 23 10000 5 1 24.37 
18 15 500 51.83 
23 4 50 23.33 
4 15 50 21.27 
8 14 100 33.16 
16 3 1000 55.18 
20 23 50 97.32 
22 15 50 69.81 
15 9 1000 67.04 
14 13 50 87.64 
10 4 1000 34.02 
1 8 50 42.03 
4 19 1000 24.04 
8 21 1000 49.49 
6 20 1000 7.58 
13 15 500 44.92 
11 24 1000 42.53 
22 11 500 56 
6 8 100 50.86 
18 19 1000 48.47 
2 19 1000 40.51 
23 0 1000 15.72 
20 18 1000 45.45 
24 21 50 81.74 
3 21 500 44.47 
13 21 500 37.78 
22 19 1000 34.81 
4 16 1000 41.32 
22 1 500 13.4 
3 24 50 25.62 
18 10 500 48.59 
17 13 1000 60.06 
19 23 500 113.2 
21 9 100 58.84 
6 0 1000 39.33 
3 12 100 45.26 
20 24 100 117.85 
4 1 500 49.6 
20 9 500 32.29 
7 11 100 17.91 
14 23 100 35.85 
18 24 50 78.35 
2 6 1000 53.68 
6 5 100 62.42 
3 1 1000 29.78 
13 11 500 75.76 
19 8 500 18.88 
9 10 500 68.73 
16 5 1000 37.45 
5 6 100 62.42 
8 4 50 37.48 
22 3 500 24.75 
20 17 100 54.61 
18 22 1000 39.23 
21 12 100 37.63 
24 1 50 13.19 
6 23 500 15.08 
1 15 500 27.62 
8 3 100 50.92 
6 4 1000 44.68 
8 10 500 61.32 
1 2 100 50.41 
14 2 500 31.74 
8 24 500 39.02 
2 8 1000 45.85 
19 21 50 59.25 
12 16 1000 53 
24 13 100 57.31 
9 18 500 36.61 
3 16 100 55.18 
13 14 1000 87.64 
15 6 100 31.34 
24 12 500 40.05 
6 22 50 20.23 
24 15 500 90.81 
24 7 50 16.63 
20 15 1000 60.58 
0 8 50 52.43 
3 0 1000 37.66 
23 8 100 29.74 
12 22 1000 56.03 
17 1 1000 5.45 
1 13 500 17.46 
5 11 100 72.81 
14 18 500 16.57 
6 13 100 28 
24 8 100 39.02 
10 18 100 48.59 
10 19 500 26.37 
24 14 1000 37.53 
9 0 50 56.28 
9 1 1000 32.72 
23 7 1000 12.96 
7 8 50 43.23 
2 3 50 60.08 
23 11 100 54.79 
8 20 50 29.53 
18 13 100 56.31 
8 17 50 25.83 
11 9 1000 62.84 
8 0 50 52.43 
15 4 1000 21.27 
10 17 50 48.84 
13 9 500 60.05 
3 9 100 57.32 
10 12 500 68.96 
11 0 500 16.93 
11 7 1000 17.91 
0 23 500 15.72 
8 2 50 45.85 
7 3 500 48.84 
8 22 500 29.16 
4 0 100 37.93 
16 10 100 52.72 
23 17 500 40.02 
20 5 1000 15.08 
4 13 100 25.89 
15 24 500 90.81 
9 3 100 57.32 
9 22 500 33.7 
13 3 500 50.02 
2 20 50 38.02 
11 2 50 34.46 
22 17 500 38.76 
17 11 100 49.37 
10 20 500 26.87 
4 18 100 22.2 
15 18 1000 51.83 
5 7 1000 42.83 
9 2 500 27.04 
9 12 100 56.06 
18 7 50 8.55 
1 24 500 13.19 
9 15 1000 67.04 
13 0 500 23.83 
11 10 50 78.45 
24 23 1000 56.03 
8 15 100 57.24 
14 16 1000 39.48 
10 1 1000 11.81 
7 15 1000 30.81 
16 22 1000 49.64 
4 23 100 23.33 
5 12 100 67.54 
21 14 1000 35.53 
5 24 100 33.74 
11 21 100 35.4 
16 6 1000 46.82 
24 11 500 42.53 
12 21 50 37.63 
17 24 500 57.96 
18 3 500 31.13 
21 6 1000 38.61 
16 24 500 38 
12 7 50 17.03 
23 12 50 44.73 
7 18 500 8.55 
13 20 500 54.72 
8 16 100 57.62 
4 14 500 26.44 
0 21 100 30.48 
5 23 50 29.03 
21 16 1000 54.04 
24 5 100 33.74 
21 15 100 43.17 
16 9 1000 50.51 
4 2 50 46.44 
12 4 1000 33.17 
9 20 500 32.29 
1 11 100 15.12 
16 18 100 41.98 
17 5 1000 25.5 
4 10 1000 34.02 
23 24 100 56.03 
2 21 50 44.61 
15 1 500 27.62 
5 18 100 28.1 
22 14 1000 32.69 
16 13 500 56.92 
18 21 50 51.03 
11 14 100 82.91 
3 14 500 51.1 
0 14 50 46.68 
9 23 100 31.85 
17 12 500 56.03 
6 9 50 60.6 
8 6 1000 50.86 
15 23 500 77.03 
13 2 50 53.04 
9 17 500 31.96 
9 16 1000 50.51 
11 3 1000 36.55 
23 14 100 35.85 
23 9 100 31.85 
23 18 500 89.08 
16 23 500 47.59 
1 9 100 32.72 
22 20 100 32.83 
7 16 50 43.57 
9 8 50 38.48 
10 16 50 52.72 
10 8 100 61.32 
12 6 500 17.34 
15 5 50 49.49 
3 17 500 33.3 
12 3 100 45.26 
14 6 50 55.52 
6 17 100 12.91 
23 6 50 15.08 
11 4 100 34.02 
1 7 500 32.25 
21 22 500 59.29 
24 17 50 57.96 
9 5 50 39.11 
5 20 500 15.08 
2 24 500 31.35 
9 14 100 31.5 
14 15 50 48.47 
5 17 100 25.5 
10 15 50 38.04 
0 9 1000 56.28 
17 15 1000 51.58 
8 13 500 62.85 
15 2 100 63.77 
18 16 100 41.98 
11 1 1000 15.12 
19 18 1000 48.47 
16 17 100 48.39 
22 21 50 59.29 
11 16 1000 55.47 
2 1 500 50.41 
4 17 1000 22.35 
0 22 50 18.01 
19 22 50 34.81 
13 1 1000 17.46 
14 0 500 46.68 
17 22 100 38.76 
3 15 1000 43.2 
14 17 1000 17.97 
19 15 100 60.27 
17 8 1000 25.83 
13 22 1000 69.37 
2 7 100 63.45 
18 23 100 89.08 
20 12 500 40.95 
3 23 50 21.09 
24 2 500 31.35 
11 12 50 70.11 
22 16 1000 49.64 
21 3 100 44.47 
6 2 500 53.68 
7 20 500 27.29 
15 20 1000 60.58 
13 24 500 57.31 
21 13 500 37.78 
15 0 100 29.92 
3 20 50 13.78 
12 15 50 46.61 
19 12 500 44.47 
18 2 100 53.75 
6 24 500 16.82 
22 24 500 56.03 
13 5 50 62.37 
20 11 50 30.93 
3 6 100 40.08 
5 13 50 62.37 
7 5 100 42.83 
18 6 100 14.3 
21 8 50 49.49 
14 9 50 31.5 
5 2 50 43.26 
9 6 50 60.6 
14 3 1000 51.1 
6 15 500 31.34 
19 11 500 30.37 
2 13 100 53.04 
5 0 1000 46.68 
13 6 1000 28 
0 11 1000 16.93 
11 17 100 49.37 
12 0 50 16.86 
1 10 50 11.81 
10 13 50 79.71 
23 13 1000 60.97 
11 18 500 46.64 
0 12 500 16.86 
3 11 500 36.55 
20 16 500 60.88 
21 4 100 17.66 
19 5 500 26.76 
8 12 500 48.2 
2 16 500 31.87 
12 19 100 44.47 
21 0 500 30.48 
23 2 50 19.4 
11 15 100 46.97 
14 22 100 32.69 
17 4 50 22.35 
14 11 50 82.91 
6 14 50 55.52 
3 19 100 23.86 
9 7 100 61.9 
0 18 1000 12.97 
3 10 100 33.11 
24 9 100 33.64 
20 22 500 32.83 
22 2 1000 30.37 
24 10 50 42.02 
24 0 100 16.02 
24 19 100 105.06 
21 7 100 28.15 
21 18 1000 51.03 
23 15 500 77.03 
7 23 50 12.96 
15 12 50 46.61 
4 24 500 25.73 
3 5 100 69.7 
6 18 500 14.3 
20 1 50 28.83 
20 10 50 26.87 
1 6 1000 39.33 
1 3 100 29.78 
22 18 1000 39.23 
12 10 50 68.96 
22 13 500 69.37 
8 9 100 38.48 
18 0 50 12.97 
18 9 1000 36.61 
16 21 50 54.04 
2 15 50 63.77 
19 9 100 29.28 
19 17 100 54.61 
16 11 50 55.47 
15 17 50 51.58 
24 3 50 25.62 
18 20 1000 45.45 
16 1 50 32.18 
1 12 50 13.19 
9 13 100 60.05 
12 1 100 13.19 
22 5 500 30.3 
21 2 100 44.61 
21 24 100 81.74 
0 5 50 46.68 
7 0 500 35.26 
15 13 100 44.92 
2 12 100 38.98 
4 8 100 37.48 
13 16 100 56.92 
16 2 500 31.87 
21 5 50 44.23 
7 9 100 61.9 
2 5 50 43.26 
19 24 50 105.06 
24 20 50 117.85 
1 18 50 11.08 
6 16 50 46.82 
7 1 100 32.25 
9 11 50 62.84 
17 2 1000 52.09 
7 22 100 13.44 
1 5 50 59.99 
20 13 100 54.72 
0 24 50 16.02 
4 22 100 24.65 
2 17 1000 52.09 
6 1 100 39.33 
7 2 50 63.45 
0 2 50 39.36 
17 16 1000 48.39 
16 12 50 53 
4 21 100 17.66 
15 22 50 69.81 
2 18 1000 53.75 
1 16 50 32.18 
17 20 100 54.61 
21 17 50 51.03 
16 8 500 57.62 
9 21 500 58.84 
18 12 100 53.38 
21 11 500 35.4 
9 19 100 29.28 
2 10 50 37.54 
0 17 50 11.74 
0 7 100 35.26 
20 21 50 63.05 
17 21 1000 51.03 
21 20 500 63.05 
19 16 100 44.68 
15 21 100 43.17 
16 20 100 60.88 
