25 113 130 
0 1 50000 1 1 15.27 
0 2 5000 10 1 58.04 
0 6 50000 1 1 6.55 
0 7 50000 1 1 16.5 
1 6 50000 1 1 21.76 
2 3 5000 10 1 25.46 
2 6 20000 2.5 1 53.75 
2 9 50000 1 1 20.98 
2 15 20000 2.5 1 74.1 
2 16 5000 10 1 33.84 
2 17 20000 2.5 1 149.68 
2 20 10000 5 1 140.1 
2 21 5000 10 1 101.95 
3 8 20000 2.5 1 37.07 
3 9 5000 10 1 40.2 
3 6 50000 1 1 28.95 
4 5 10000 5 1 28.9 
4 7 50000 1 1 18.79 
5 7 10000 5 1 43.91 
5 8 20000 2.5 1 17.45 
5 9 10000 5 1 37.9 
5 13 5000 10 1 58.67 
5 14 10000 5 1 32.55 
6 7 10000 5 1 10.27 
8 9 10000 5 1 20.67 
8 13 50000 1 1 49.74 
9 13 5000 10 1 44.68 
9 16 5000 10 1 20.01 
9 22 50000 1 1 127.96 
10 11 10000 5 1 25.87 
10 13 5000 10 1 36.24 
10 14 5000 10 1 43.58 
11 12 10000 5 1 15.58 
11 13 20000 2.5 1 18.25 
11 14 5000 10 1 68.93 
12 24 10000 5 1 68.53 
12 13 10000 5 1 20.58 
13 15 10000 5 1 53.54 
13 16 5000 10 1 37.07 
13 17 10000 5 1 119.65 
13 22 10000 5 1 100.06 
15 16 20000 2.5 1 44.85 
15 17 50000 1 1 76.49 
15 21 50000 1 1 29.97 
16 17 10000 5 1 121.37 
17 18 50000 1 1 6.1 
17 19 10000 5 1 43.34 
17 20 10000 5 1 54.91 
17 21 20000 2.5 1 48.47 
17 22 50000 1 1 28.01 
18 21 50000 1 1 42.97 
19 20 5000 10 1 12.25 
21 22 5000 10 1 47.23 
22 23 50000 1 1 9.03 
22 24 5000 10 1 29.37 
22 24 10000 5 1 29.07 
23 24 10000 5 1 24.37 
1 0 50000 1 1 15.27 
2 0 5000 10 1 58.04 
6 0 50000 1 1 6.55 
7 0 50000 1 1 16.5 
6 1 50000 1 1 21.76 
3 2 5000 10 1 25.46 
6 2 20000 2.5 1 53.75 
9 2 50000 1 1 20.98 
15 2 20000 2.5 1 74.1 
16 2 5000 10 1 33.84 
17 2 20000 2.5 1 149.68 
20 2 10000 5 1 140.1 
21 2 5000 10 1 101.95 
8 3 20000 2.5 1 37.07 
9 3 5000 10 1 40.2 
6 3 50000 1 1 28.95 
5 4 10000 5 1 28.9 
7 4 50000 1 1 18.79 
7 5 10000 5 1 43.91 
8 5 20000 2.5 1 17.45 
9 5 10000 5 1 37.9 
13 5 5000 10 1 58.67 
14 5 10000 5 1 32.55 
7 6 10000 5 1 10.27 
9 8 10000 5 1 20.67 
13 8 50000 1 1 49.74 
13 9 5000 10 1 44.68 
16 9 5000 10 1 20.01 
22 9 50000 1 1 127.96 
11 10 10000 5 1 25.87 
13 10 5000 10 1 36.24 
14 10 5000 10 1 43.58 
12 11 10000 5 1 15.58 
13 11 20000 2.5 1 18.25 
14 11 5000 10 1 68.93 
24 12 10000 5 1 68.53 
13 12 10000 5 1 20.58 
15 13 10000 5 1 53.54 
16 13 5000 10 1 37.07 
17 13 10000 5 1 119.65 
22 13 10000 5 1 100.06 
16 15 20000 2.5 1 44.85 
17 15 50000 1 1 76.49 
21 15 50000 1 1 29.97 
17 16 10000 5 1 121.37 
18 17 50000 1 1 6.1 
19 17 10000 5 1 43.34 
20 17 10000 5 1 54.91 
21 17 20000 2.5 1 48.47 
22 17 50000 1 1 28.01 
21 18 50000 1 1 42.97 
20 19 5000 10 1 12.25 
22 21 5000 10 1 47.23 
23 22 50000 1 1 9.03 
24 22 10000 5 1 29.07 
24 23 10000 5 1 24.37 
18 15 500 24.05 
23 4 50 14.86 
4 15 50 6.49 
8 14 100 11.07 
16 3 1000 21.35 
20 23 50 84.07 
22 15 50 35.7 
15 9 1000 34.36 
14 13 50 61.32 
10 4 1000 12.62 
1 8 50 23.8 
4 19 1000 9.45 
8 21 1000 18.77 
6 20 1000 2.82 
13 15 500 30 
11 24 1000 18.45 
22 11 500 27.3 
6 8 100 16.18 
18 19 1000 21.66 
2 19 1000 19.23 
23 0 1000 10.11 
20 18 1000 14.24 
24 21 50 59.48 
3 21 500 17.19 
13 21 500 10.28 
22 19 1000 20.67 
4 16 1000 10.84 
22 1 500 6.35 
3 24 50 11.3 
18 10 500 19.87 
17 13 1000 37.01 
19 23 500 91.33 
21 9 100 29.35 
6 0 1000 7.42 
3 12 100 19.62 
20 24 100 88.16 
4 1 500 29.1 
20 9 500 26.76 
7 11 100 6.08 
14 23 100 13.73 
18 24 50 43.34 
2 6 1000 25.51 
6 5 100 31.94 
3 1 1000 16.56 
13 11 500 33.29 
19 8 500 10.97 
9 10 500 34.81 
16 5 1000 25.68 
5 6 100 31.94 
8 4 50 18.65 
22 3 500 15.56 
20 17 100 28.69 
18 22 1000 19.04 
21 12 100 16.24 
24 1 50 7.97 
6 23 500 6.09 
1 15 500 14.97 
8 3 100 29.88 
6 4 1000 21.1 
8 10 500 31.61 
1 2 100 23.21 
14 2 500 9.39 
8 24 500 21.56 
2 8 1000 15.57 
19 21 50 30.87 
12 16 1000 26.84 
24 13 100 27 
9 18 500 10.15 
3 16 100 21.35 
13 14 1000 61.32 
15 6 100 16.94 
24 12 500 15.13 
6 22 50 6.24 
24 15 500 50.29 
24 7 50 10.39 
20 15 1000 37.69 
0 8 50 20.22 
3 0 1000 22.03 
23 8 100 13.02 
12 22 1000 26.77 
17 1 1000 0.89 
1 13 500 7.97 
5 11 100 31.24 
14 18 500 3.9 
6 13 100 11.44 
24 8 100 21.56 
10 18 100 19.87 
10 19 500 15.95 
24 14 1000 15.61 
9 0 50 13.57 
9 1 1000 8.92 
23 7 1000 6.71 
7 8 50 25.67 
2 3 50 33.7 
23 11 100 24.98 
8 20 50 15.2 
18 13 100 29.54 
8 17 50 13.06 
11 9 1000 24.86 
8 0 50 20.22 
15 4 1000 6.49 
10 17 50 20.46 
13 9 500 24.9 
3 9 100 19.08 
10 12 500 29.45 
11 0 500 9.71 
11 7 1000 6.08 
0 23 500 10.11 
8 2 50 15.57 
7 3 500 10.73 
8 22 500 11.78 
4 0 100 11.21 
16 10 100 26.38 
23 17 500 19.32 
20 5 1000 2.55 
4 13 100 13.11 
15 24 500 50.29 
9 3 100 19.08 
9 22 500 17.35 
13 3 500 30.47 
2 20 50 5.27 
11 2 50 16.55 
22 17 500 13.25 
17 11 100 17.32 
10 20 500 7.09 
4 18 100 13.43 
15 18 1000 24.05 
5 7 1000 12.56 
9 2 500 10.84 
9 12 100 29.86 
