51 132 144 
0 48 50000 1 0 4.03 
1 4 20000 2.5 0 7.08 
2 42 5000 10 0 2.58 
3 50 20000 2.5 0 8.04 
4 35 50000 1 0 22.98 
4 49 20000 2.5 0 26.41 
5 46 50000 1 0 17.31 
6 26 10000 5 0 41.8 
6 31 50000 1 0 21.38 
7 48 10000 5 0 8 
8 46 5000 10 0 12.96 
9 46 20000 2.5 0 6.07 
10 15 5000 10 0 38.43 
10 35 50000 1 0 1.12 
10 46 5000 10 0 0.6 
10 39 10000 5 0 13.06 
11 35 20000 2.5 0 17.45 
11 31 20000 2.5 0 37.86 
12 35 5000 10 0 13.05 
12 31 20000 2.5 0 44.14 
13 15 50000 1 0 5.94 
14 15 10000 5 0 4.65 
15 16 20000 2.5 0 17.01 
17 35 20000 2.5 0 28.39 
17 31 5000 10 0 13.61 
18 31 20000 2.5 0 28.96 
19 20 20000 2.5 0 6.66 
20 35 50000 1 0 25.81 
20 21 5000 10 0 5.86 
20 31 10000 5 0 50.44 
22 25 10000 5 0 26.17 
22 31 50000 1 0 26.45 
23 26 20000 2.5 0 2.19 
24 26 20000 2.5 0 11.01 
25 35 5000 10 0 18.83 
25 31 10000 5 0 52.54 
26 35 5000 10 0 23.58 
26 47 10000 5 0 15.06 
27 35 20000 2.5 0 15.72 
27 28 20000 2.5 0 5.4 
27 29 20000 2.5 0 6.12 
27 30 5000 10 0 9.11 
27 31 10000 5 0 48.53 
31 32 50000 1 0 2.33 
31 34 5000 10 0 36.62 
31 37 10000 5 0 6.53 
31 39 10000 5 0 22.72 
31 40 50000 1 0 25.18 
31 43 5000 10 0 11.2 
31 35 50000 1 0 34.21 
31 49 20000 2.5 0 54.01 
31 38 10000 5 0 14.3 
33 40 20000 2.5 0 6.93 
34 35 5000 10 0 8.95 
35 40 50000 1 0 11.33 
35 43 20000 2.5 0 24.3 
35 44 5000 10 0 11.63 
35 48 10000 5 0 32.55 
35 49 10000 5 0 48.92 
36 46 5000 10 0 4.36 
38 44 10000 5 0 33.69 
41 50 5000 10 0 2.54 
42 50 20000 2.5 0 3.43 
44 45 50000 1 0 2.24 
48 49 5000 10 0 17 
49 50 20000 2.5 0 0.15 
48 0 50000 1 0 4.03 
4 1 20000 2.5 0 7.08 
42 2 5000 10 0 2.58 
50 3 20000 2.5 0 8.04 
35 4 50000 1 0 22.98 
49 4 20000 2.5 0 26.41 
46 5 50000 1 0 17.31 
26 6 10000 5 0 41.8 
31 6 50000 1 0 21.38 
48 7 10000 5 0 8 
46 8 5000 10 0 12.96 
46 9 20000 2.5 0 6.07 
15 10 5000 10 0 38.43 
35 10 50000 1 0 1.12 
46 10 5000 10 0 0.6 
39 10 10000 5 0 13.06 
35 11 20000 2.5 0 17.45 
31 11 20000 2.5 0 37.86 
35 12 5000 10 0 13.05 
31 12 20000 2.5 0 44.14 
15 13 50000 1 0 5.94 
15 14 10000 5 0 4.65 
16 15 20000 2.5 0 17.01 
35 17 20000 2.5 0 28.39 
31 17 5000 10 0 13.61 
31 18 20000 2.5 0 28.96 
20 19 20000 2.5 0 6.66 
35 20 50000 1 0 25.81 
21 20 5000 10 0 5.86 
31 20 10000 5 0 50.44 
25 22 10000 5 0 26.17 
31 22 50000 1 0 26.45 
26 23 20000 2.5 0 2.19 
26 24 20000 2.5 0 11.01 
35 25 5000 10 0 18.83 
31 25 10000 5 0 52.54 
35 26 5000 10 0 23.58 
47 26 10000 5 0 15.06 
35 27 20000 2.5 0 15.72 
28 27 20000 2.5 0 5.4 
29 27 20000 2.5 0 6.12 
30 27 5000 10 0 9.11 
31 27 10000 5 0 48.53 
32 31 50000 1 0 2.33 
34 31 5000 10 0 36.62 
37 31 10000 5 0 6.53 
39 31 10000 5 0 22.72 
40 31 50000 1 0 25.18 
43 31 5000 10 0 11.2 
35 31 50000 1 0 34.21 
49 31 20000 2.5 0 54.01 
38 31 10000 5 0 14.3 
40 33 20000 2.5 0 6.93 
35 34 5000 10 0 8.95 
40 35 50000 1 0 11.33 
43 35 20000 2.5 0 24.3 
44 35 5000 10 0 11.63 
48 35 10000 5 0 32.55 
49 35 10000 5 0 48.92 
46 36 5000 10 0 4.36 
44 38 10000 5 0 33.69 
50 41 5000 10 0 2.54 
50 42 20000 2.5 0 3.43 
45 44 50000 1 0 2.24 
49 48 5000 10 0 17 
50 49 20000 2.5 0 0.15 
49 31 50 18.33 
10 22 50 29.15 
49 25 100 21.54 
11 22 100 24.91 
25 11 1000 9.68 
43 49 500 15.42 
49 27 1000 18.66 
34 49 1000 4.25 
26 25 50 8.29 
25 43 1000 29.57 
20 4 50 16.14 
48 11 50 22.01 
11 4 1000 19.06 
39 22 500 22.78 
38 49 50 9.44 
4 40 50 28.4 
48 40 50 13.56 
34 48 100 22.58 
49 34 100 4.25 
40 22 50 26.85 
43 22 500 22.72 
12 48 500 22.25 
48 17 50 15.04 
44 48 50 20.83 
17 25 1000 28.2 
44 25 1000 8.79 
6 25 100 57.9 
38 22 1000 22.98 
22 17 500 23.97 
43 4 500 29.24 
48 31 500 11.75 
27 48 500 19.81 
27 22 50 30.68 
25 38 500 46.01 
20 25 500 11.28 
26 49 100 25.07 
25 4 1000 20.54 
25 20 500 11.28 
49 26 100 25.07 
48 22 50 17.88 
25 34 100 15.65 
49 40 50 7.79 
25 27 50 9.96 
22 44 500 31.97 
4 44 100 16.08 
22 6 100 20.94 
48 34 50 22.58 
48 10 50 23.11 
25 44 100 8.79 
26 48 1000 20.68 
11 25 1000 9.68 
4 10 1000 14.46 
4 39 1000 29.37 
38 48 1000 13.16 
22 39 100 22.78 
4 34 500 14.58 
39 25 1000 10.06 
17 22 50 23.97 
49 38 1000 9.44 
25 40 100 10.1 
10 49 100 10.77 
4 6 500 31.42 
6 22 500 20.94 
25 12 500 10.07 
10 25 1000 18.88 
49 22 500 9.44 
27 4 50 16.06 
20 49 50 10.95 
49 6 50 8.59 
40 48 100 13.56 
22 27 1000 30.68 
48 26 100 20.68 
44 49 50 22.21 
22 43 500 22.72 
25 48 100 8.67 
40 25 50 10.1 
43 48 1000 16.06 
22 26 1000 35.17 
27 49 50 18.66 
34 25 500 15.65 
25 49 500 21.54 
48 43 50 16.06 
22 12 500 27.14 
26 4 500 12.2 
39 48 100 14.03 
31 4 1000 29.24 
49 20 500 10.95 
4 17 500 28.23 
48 6 50 13.55 
22 49 500 9.44 
49 17 500 17.95 
17 4 50 28.23 
11 49 100 6.89 
40 4 100 28.4 
22 34 50 27.14 
48 20 500 18.68 
4 20 500 16.14 
48 44 50 20.83 
4 31 100 29.24 
4 38 500 30.41 
22 40 100 26.85 
22 38 50 22.98 
31 49 50 18.33 
48 12 50 22.25 
12 25 50 10.07 
48 38 50 13.16 
49 11 1000 6.89 
31 48 50 11.75 
39 4 100 29.37 
49 43 1000 15.42 
4 27 50 16.06 
34 22 100 27.14 
27 25 100 9.96 
4 43 500 29.24 
4 11 100 19.06 
26 22 500 35.17 
44 4 500 16.08 
10 4 50 14.46 
4 26 1000 12.2 
22 10 500 29.15 
44 22 50 31.97 
48 25 100 8.67 
49 39 1000 7.63 
22 4 50 29.75 
12 4 1000 16.14 
20 48 50 18.68 
39 49 500 7.63 
4 22 50 29.75 
12 49 500 17.33 
49 44 50 22.21 
49 12 1000 17.33 
12 22 500 27.14 
48 27 50 19.81 
49 10 500 10.77 
40 49 50 7.79 
20 22 100 29.28 
38 4 500 30.41 
34 4 500 14.58 
6 49 100 8.59 
4 12 1000 16.14 
6 4 100 31.42 
48 39 100 14.03 
4 25 100 20.54 
17 49 500 17.95 
