51 132 144 
0 48 50000 1 1 4.03 
1 4 20000 2.5 1 7.08 
2 42 5000 10 1 2.58 
3 50 20000 2.5 1 8.04 
4 35 50000 1 1 22.98 
4 49 20000 2.5 1 26.41 
5 46 50000 1 1 17.31 
6 26 10000 5 1 41.8 
6 31 50000 1 1 21.38 
7 48 10000 5 1 8 
8 46 5000 10 1 12.96 
9 46 20000 2.5 1 6.07 
10 15 5000 10 1 38.43 
10 35 50000 1 1 1.12 
10 46 5000 10 1 0.6 
10 39 10000 5 1 13.06 
11 35 20000 2.5 1 17.45 
11 31 20000 2.5 1 37.86 
12 35 5000 10 1 13.05 
12 31 20000 2.5 1 44.14 
13 15 50000 1 1 5.94 
14 15 10000 5 1 4.65 
15 16 20000 2.5 1 17.01 
17 35 20000 2.5 1 28.39 
17 31 5000 10 1 13.61 
18 31 20000 2.5 1 28.96 
19 20 20000 2.5 1 6.66 
20 35 50000 1 1 25.81 
20 21 5000 10 1 5.86 
20 31 10000 5 1 50.44 
22 25 10000 5 1 26.17 
22 31 50000 1 1 26.45 
23 26 20000 2.5 1 2.19 
24 26 20000 2.5 1 11.01 
25 35 5000 10 1 18.83 
25 31 10000 5 1 52.54 
26 35 5000 10 1 23.58 
26 47 10000 5 1 15.06 
27 35 20000 2.5 1 15.72 
27 28 20000 2.5 1 5.4 
27 29 20000 2.5 1 6.12 
27 30 5000 10 1 9.11 
27 31 10000 5 1 48.53 
31 32 50000 1 1 2.33 
31 34 5000 10 1 36.62 
31 37 10000 5 1 6.53 
31 39 10000 5 1 22.72 
31 40 50000 1 1 25.18 
31 43 5000 10 1 11.2 
31 35 50000 1 1 34.21 
31 49 20000 2.5 1 54.01 
31 38 10000 5 1 14.3 
33 40 20000 2.5 1 6.93 
34 35 5000 10 1 8.95 
35 40 50000 1 1 11.33 
35 43 20000 2.5 1 24.3 
35 44 5000 10 1 11.63 
35 48 10000 5 1 32.55 
35 49 10000 5 1 48.92 
36 46 5000 10 1 4.36 
38 44 10000 5 1 33.69 
41 50 5000 10 1 2.54 
42 50 20000 2.5 1 3.43 
44 45 50000 1 1 2.24 
48 49 5000 10 1 17 
49 50 20000 2.5 1 0.15 
48 0 50000 1 1 4.03 
4 1 20000 2.5 1 7.08 
42 2 5000 10 1 2.58 
50 3 20000 2.5 1 8.04 
35 4 50000 1 1 22.98 
49 4 20000 2.5 1 26.41 
46 5 50000 1 1 17.31 
26 6 10000 5 1 41.8 
31 6 50000 1 1 21.38 
48 7 10000 5 1 8 
46 8 5000 10 1 12.96 
46 9 20000 2.5 1 6.07 
15 10 5000 10 1 38.43 
35 10 50000 1 1 1.12 
46 10 5000 10 1 0.6 
39 10 10000 5 1 13.06 
35 11 20000 2.5 1 17.45 
31 11 20000 2.5 1 37.86 
35 12 5000 10 1 13.05 
31 12 20000 2.5 1 44.14 
15 13 50000 1 1 5.94 
15 14 10000 5 1 4.65 
16 15 20000 2.5 1 17.01 
35 17 20000 2.5 1 28.39 
31 17 5000 10 1 13.61 
31 18 20000 2.5 1 28.96 
20 19 20000 2.5 1 6.66 
35 20 50000 1 1 25.81 
21 20 5000 10 1 5.86 
31 20 10000 5 1 50.44 
25 22 10000 5 1 26.17 
31 22 50000 1 1 26.45 
26 23 20000 2.5 1 2.19 
26 24 20000 2.5 1 11.01 
35 25 5000 10 1 18.83 
31 25 10000 5 1 52.54 
35 26 5000 10 1 23.58 
47 26 10000 5 1 15.06 
35 27 20000 2.5 1 15.72 
28 27 20000 2.5 1 5.4 
29 27 20000 2.5 1 6.12 
30 27 5000 10 1 9.11 
31 27 10000 5 1 48.53 
32 31 50000 1 1 2.33 
34 31 5000 10 1 36.62 
37 31 10000 5 1 6.53 
39 31 10000 5 1 22.72 
40 31 50000 1 1 25.18 
43 31 5000 10 1 11.2 
35 31 50000 1 1 34.21 
49 31 20000 2.5 1 54.01 
38 31 10000 5 1 14.3 
40 33 20000 2.5 1 6.93 
35 34 5000 10 1 8.95 
40 35 50000 1 1 11.33 
43 35 20000 2.5 1 24.3 
44 35 5000 10 1 11.63 
48 35 10000 5 1 32.55 
49 35 10000 5 1 48.92 
46 36 5000 10 1 4.36 
44 38 10000 5 1 33.69 
50 41 5000 10 1 2.54 
50 42 20000 2.5 1 3.43 
45 44 50000 1 1 2.24 
49 48 5000 10 1 17 
50 49 20000 2.5 1 0.15 
49 31 50 27.74 
10 22 50 48.9 
49 25 100 23.52 
11 22 100 43.31 
25 11 1000 30.04 
43 49 500 23.11 
49 27 1000 25.88 
34 49 1000 16.14 
26 25 50 24.65 
25 43 1000 46.81 
20 4 50 33.94 
48 11 50 29.67 
11 4 1000 32.3 
39 22 500 43.31 
38 49 50 28.59 
4 40 50 37.79 
48 40 50 23.63 
34 48 100 26.37 
49 34 100 16.14 
40 22 50 43.31 
43 22 500 51.91 
12 48 500 29.37 
48 17 50 33.43 
44 48 50 32.28 
17 25 1000 48.49 
44 25 1000 30.04 
6 25 100 77.71 
38 22 1000 54.95 
22 17 500 50.25 
43 4 500 45.13 
48 31 500 30.94 
27 48 500 29.59 
27 22 50 46.37 
25 38 500 64.73 
20 25 500 25.33 
26 49 100 30.94 
25 4 1000 28.83 
25 20 500 25.33 
49 26 100 30.94 
48 22 50 34.37 
25 34 100 28.83 
49 40 50 21.1 
25 27 50 24.09 
22 44 500 46.37 
4 44 100 33.19 
22 6 100 56.61 
48 34 50 26.37 
48 10 50 31.14 
25 44 100 30.04 
26 48 1000 33.72 
11 25 1000 30.04 
4 10 1000 31.49 
4 39 1000 37.79 
38 48 1000 31.49 
22 39 100 43.31 
4 34 500 32.06 
39 25 1000 29.57 
17 22 50 50.25 
49 38 1000 28.59 
25 40 100 29.96 
10 49 100 20.46 
4 6 500 45.49 
6 22 500 56.61 
25 12 500 28.83 
10 25 1000 28.69 
49 22 500 21.72 
27 4 50 33.17 
20 49 50 19.54 
49 6 50 23.11 
40 48 100 23.63 
22 27 1000 46.37 
48 26 100 33.72 
44 49 50 28.33 
22 43 500 51.91 
25 48 100 23.16 
40 25 50 29.96 
43 48 1000 33.15 
22 26 1000 46.53 
27 49 50 25.88 
34 25 500 28.83 
25 49 500 23.52 
48 43 50 33.15 
22 12 500 43.94 
26 4 500 35.8 
39 48 100 23.63 
31 4 1000 48.04 
49 20 500 19.54 
4 17 500 46.81 
48 6 50 31.49 
22 49 500 21.72 
49 17 500 23.49 
17 4 50 46.81 
11 49 100 15.95 
40 4 100 37.79 
22 34 50 43.94 
48 20 500 25.45 
4 20 500 33.94 
48 44 50 32.28 
4 31 100 48.04 
4 38 500 45.49 
22 40 100 43.31 
22 38 50 54.95 
31 49 50 27.74 
48 12 50 29.37 
12 25 50 28.83 
48 38 50 31.49 
49 11 1000 15.95 
31 48 50 30.94 
39 4 100 37.79 
49 43 1000 23.11 
4 27 50 33.17 
34 22 100 43.94 
27 25 100 24.09 
4 43 500 45.13 
4 11 100 32.3 
26 22 500 46.53 
44 4 500 33.19 
10 4 50 31.49 
4 26 1000 35.8 
22 10 500 48.9 
44 22 50 46.37 
48 25 100 23.16 
49 39 1000 21.33 
22 4 50 36.82 
12 4 1000 33.55 
20 48 50 25.45 
39 49 500 21.33 
4 22 50 36.82 
12 49 500 25.88 
49 44 50 28.33 
49 12 1000 25.88 
12 22 500 43.94 
48 27 50 29.59 
49 10 500 20.46 
40 49 50 21.1 
20 22 100 45.61 
38 4 500 45.49 
34 4 500 32.06 
6 49 100 23.11 
4 12 1000 33.55 
6 4 100 45.49 
48 39 100 23.63 
4 25 100 28.83 
17 49 500 23.49 
