51 132 72 
0 48 50000 1 0 4.03 
1 4 20000 2.5 0 7.08 
2 42 5000 10 0 2.58 
3 50 20000 2.5 0 8.04 
4 35 50000 1 0 22.98 
4 49 20000 2.5 0 26.41 
5 46 50000 1 0 17.31 
6 26 10000 5 0 41.8 
6 31 50000 1 0 21.38 
7 48 10000 5 0 8 
8 46 5000 10 0 12.96 
9 46 20000 2.5 0 6.07 
10 15 5000 10 0 38.43 
10 35 50000 1 0 1.12 
10 46 5000 10 0 0.6 
10 39 10000 5 0 13.06 
11 35 20000 2.5 0 17.45 
11 31 20000 2.5 0 37.86 
12 35 5000 10 0 13.05 
12 31 20000 2.5 0 44.14 
13 15 50000 1 0 5.94 
14 15 10000 5 0 4.65 
15 16 20000 2.5 0 17.01 
17 35 20000 2.5 0 28.39 
17 31 5000 10 0 13.61 
18 31 20000 2.5 0 28.96 
19 20 20000 2.5 0 6.66 
20 35 50000 1 0 25.81 
20 21 5000 10 0 5.86 
20 31 10000 5 0 50.44 
22 25 10000 5 0 26.17 
22 31 50000 1 0 26.45 
23 26 20000 2.5 0 2.19 
24 26 20000 2.5 0 11.01 
25 35 5000 10 0 18.83 
25 31 10000 5 0 52.54 
26 35 5000 10 0 23.58 
26 47 10000 5 0 15.06 
27 35 20000 2.5 0 15.72 
27 28 20000 2.5 0 5.4 
27 29 20000 2.5 0 6.12 
27 30 5000 10 0 9.11 
27 31 10000 5 0 48.53 
31 32 50000 1 0 2.33 
31 34 5000 10 0 36.62 
31 37 10000 5 0 6.53 
31 39 10000 5 0 22.72 
31 40 50000 1 0 25.18 
31 43 5000 10 0 11.2 
31 35 50000 1 0 34.21 
31 49 20000 2.5 0 54.01 
31 38 10000 5 0 14.3 
33 40 20000 2.5 0 6.93 
34 35 5000 10 0 8.95 
35 40 50000 1 0 11.33 
35 43 20000 2.5 0 24.3 
35 44 5000 10 0 11.63 
35 48 10000 5 0 32.55 
35 49 10000 5 0 48.92 
36 46 5000 10 0 4.36 
38 44 10000 5 0 33.69 
41 50 5000 10 0 2.54 
42 50 20000 2.5 0 3.43 
44 45 50000 1 0 2.24 
48 49 5000 10 0 17 
49 50 20000 2.5 0 0.15 
48 0 50000 1 0 4.03 
4 1 20000 2.5 0 7.08 
42 2 5000 10 0 2.58 
50 3 20000 2.5 0 8.04 
35 4 50000 1 0 22.98 
49 4 20000 2.5 0 26.41 
46 5 50000 1 0 17.31 
26 6 10000 5 0 41.8 
31 6 50000 1 0 21.38 
48 7 10000 5 0 8 
46 8 5000 10 0 12.96 
46 9 20000 2.5 0 6.07 
15 10 5000 10 0 38.43 
35 10 50000 1 0 1.12 
46 10 5000 10 0 0.6 
39 10 10000 5 0 13.06 
35 11 20000 2.5 0 17.45 
31 11 20000 2.5 0 37.86 
35 12 5000 10 0 13.05 
31 12 20000 2.5 0 44.14 
15 13 50000 1 0 5.94 
15 14 10000 5 0 4.65 
16 15 20000 2.5 0 17.01 
35 17 20000 2.5 0 28.39 
31 17 5000 10 0 13.61 
31 18 20000 2.5 0 28.96 
20 19 20000 2.5 0 6.66 
35 20 50000 1 0 25.81 
21 20 5000 10 0 5.86 
31 20 10000 5 0 50.44 
25 22 10000 5 0 26.17 
31 22 50000 1 0 26.45 
26 23 20000 2.5 0 2.19 
26 24 20000 2.5 0 11.01 
35 25 5000 10 0 18.83 
31 25 10000 5 0 52.54 
35 26 5000 10 0 23.58 
47 26 10000 5 0 15.06 
35 27 20000 2.5 0 15.72 
28 27 20000 2.5 0 5.4 
29 27 20000 2.5 0 6.12 
30 27 5000 10 0 9.11 
31 27 10000 5 0 48.53 
32 31 50000 1 0 2.33 
34 31 5000 10 0 36.62 
37 31 10000 5 0 6.53 
39 31 10000 5 0 22.72 
40 31 50000 1 0 25.18 
43 31 5000 10 0 11.2 
35 31 50000 1 0 34.21 
49 31 20000 2.5 0 54.01 
38 31 10000 5 0 14.3 
40 33 20000 2.5 0 6.93 
35 34 5000 10 0 8.95 
40 35 50000 1 0 11.33 
43 35 20000 2.5 0 24.3 
44 35 5000 10 0 11.63 
48 35 10000 5 0 32.55 
49 35 10000 5 0 48.92 
46 36 5000 10 0 4.36 
44 38 10000 5 0 33.69 
50 41 5000 10 0 2.54 
50 42 20000 2.5 0 3.43 
45 44 50000 1 0 2.24 
49 48 5000 10 0 17 
50 49 20000 2.5 0 0.15 
49 31 50 39.9 
10 22 50 80.35 
49 25 100 28.62 
11 22 100 79.4 
25 11 1000 68.72 
43 49 500 34.94 
49 27 1000 39.97 
34 49 1000 27.52 
26 25 50 63.88 
25 43 1000 92.55 
20 4 50 47.62 
48 11 50 43.93 
11 4 1000 46.37 
39 22 500 70.4 
38 49 50 36.49 
4 40 50 51.1 
48 40 50 35.72 
34 48 100 43.68 
49 34 100 27.52 
40 22 50 75.71 
43 22 500 69.53 
12 48 500 41.62 
48 17 50 43.5 
44 48 50 40.95 
17 25 1000 94.23 
44 25 1000 66.62 
6 25 100 125.33 
38 22 1000 75.24 
22 17 500 71.6 
43 4 500 56.49 
48 31 500 45.59 
27 48 500 40.75 
27 22 50 81.83 
25 38 500 112.35 
20 25 500 68.64 
26 49 100 46.6 
25 4 1000 49.94 
25 20 500 68.64 
49 26 100 46.6 
48 22 50 40.12 
25 34 100 67.43 
49 40 50 29.57 
25 27 50 67.32 
22 44 500 84.48 
4 44 100 42.63 
22 6 100 79.59 
48 34 50 43.68 
48 10 50 48.37 
25 44 100 66.62 
26 48 1000 39.74 
11 25 1000 68.72 
4 10 1000 45.94 
4 39 1000 52.35 
38 48 1000 47.63 
22 39 100 70.4 
4 34 500 46.37 
39 25 1000 70.91 
17 22 50 71.6 
49 38 1000 36.49 
25 40 100 68.64 
10 49 100 34.35 
4 6 500 66.28 
6 22 500 79.59 
25 12 500 67.43 
10 25 1000 66.97 
49 22 500 29.51 
27 4 50 43.24 
20 49 50 31.79 
49 6 50 35.1 
40 48 100 35.72 
22 27 1000 81.83 
48 26 100 39.74 
