20 62 148 
0 15 5000 10 0 163.19 
1 2 10000 5 0 194.72 
1 6 50000 1 0 165.07 
1 15 50000 1 0 300.19 
2 3 5000 10 0 16.4 
2 6 50000 1 0 314.73 
2 8 10000 5 0 99.07 
2 17 10000 5 0 71.61 
2 18 20000 2.5 0 145.53 
2 19 5000 10 0 196.03 
4 13 20000 2.5 0 194.8 
4 6 50000 1 0 194.73 
4 15 50000 1 0 206.54 
5 15 50000 1 0 73.73 
5 13 10000 5 0 70.57 
5 6 50000 1 0 370.59 
5 7 10000 5 0 442.2 
6 7 5000 10 0 108.65 
8 11 20000 2.5 0 96.89 
8 15 20000 2.5 0 153.21 
9 15 10000 5 0 182.95 
10 11 50000 1 0 57.8 
11 15 10000 5 0 215.66 
12 13 5000 10 0 57.98 
12 15 20000 2.5 0 104.82 
13 14 5000 10 0 105.02 
13 15 20000 2.5 0 143.75 
13 16 20000 2.5 0 149.02 
14 15 20000 2.5 0 40.74 
15 16 10000 5 0 56.01 
15 17 5000 10 0 86.81 
15 0 5000 10 0 163.19 
2 1 10000 5 0 194.72 
6 1 50000 1 0 165.07 
15 1 50000 1 0 300.19 
3 2 5000 10 0 16.4 
6 2 50000 1 0 314.73 
8 2 10000 5 0 99.07 
17 2 10000 5 0 71.61 
18 2 20000 2.5 0 145.53 
19 2 5000 10 0 196.03 
13 4 20000 2.5 0 194.8 
6 4 50000 1 0 194.73 
15 4 50000 1 0 206.54 
15 5 50000 1 0 73.73 
13 5 10000 5 0 70.57 
6 5 50000 1 0 370.59 
7 5 10000 5 0 442.2 
7 6 5000 10 0 108.65 
11 8 20000 2.5 0 96.89 
15 8 20000 2.5 0 153.21 
15 9 10000 5 0 182.95 
11 10 50000 1 0 57.8 
15 11 10000 5 0 215.66 
13 12 5000 10 0 57.98 
15 12 20000 2.5 0 104.82 
14 13 5000 10 0 105.02 
15 13 20000 2.5 0 143.75 
16 13 20000 2.5 0 149.02 
15 14 20000 2.5 0 40.74 
16 15 10000 5 0 56.01 
17 15 5000 10 0 86.81 
5 17 500 446.68 
6 1 500 215.18 
13 11 1000 645.64 
6 2 1000 267.35 
14 6 500 222.71 
4 2 1000 419.82 
8 13 100 551.7 
8 6 1000 212.43 
2 6 50 267.35 
12 6 500 158.19 
1 13 100 293.74 
14 17 50 432.76 
5 14 100 532.82 
5 11 50 626.44 
4 7 1000 127.97 
2 12 50 445.49 
6 12 100 158.19 
16 8 100 502.45 
6 4 500 159.72 
11 17 1000 144.7 
17 11 500 144.7 
7 12 50 124.72 
2 16 50 410.6 
7 2 500 203.93 
17 16 1000 410.6 
1 12 500 281.27 
12 1 50 281.27 
12 11 100 663.26 
11 1 50 244.92 
5 13 1000 228.63 
2 4 100 419.82 
5 15 1000 471.69 
17 12 50 478.86 
2 8 500 248.3 
14 11 1000 623.11 
11 12 1000 663.26 
4 15 1000 912.92 
17 8 50 183.64 
17 1 1000 307.76 
8 15 500 489.48 
4 11 100 440.77 
1 6 500 215.18 
1 8 1000 272.5 
1 15 50 593.31 
8 16 50 502.45 
11 7 1000 140.59 
11 13 50 645.64 
16 1 50 257.04 
5 8 100 540.54 
7 13 500 204.79 
8 14 1000 526.62 
16 14 1000 664.5 
4 14 1000 493.92 
16 2 500 410.6 
1 16 500 257.04 
7 4 100 127.97 
2 15 100 489.48 
15 5 100 471.69 
12 17 1000 478.86 
14 5 1000 532.82 
5 7 50 272.08 
5 16 100 514.43 
2 14 50 432.76 
5 4 500 568.14 
4 13 50 209.98 
4 12 100 471.3 
1 14 50 266.15 
12 4 500 471.3 
4 17 100 374.76 
1 4 1000 286.54 
6 5 100 272.08 
5 1 500 306.15 
13 2 50 466.43 
5 2 1000 481.15 
4 16 50 503.79 
11 5 1000 626.44 
15 11 1000 489.48 
4 5 100 568.14 
11 15 500 489.48 
13 6 1000 209.98 
8 12 500 592.39 
15 2 500 489.48 
8 7 100 172.99 
12 2 1000 445.49 
1 11 50 244.92 
12 5 1000 530.02 
12 14 50 621.35 
13 4 100 209.98 
14 4 500 493.92 
13 7 500 204.79 
1 17 100 307.76 
7 14 500 193.51 
6 13 1000 209.98 
13 17 50 490.28 
15 1 500 593.31 
16 7 50 195.13 
16 6 500 236.12 
8 4 1000 397.54 
5 6 1000 272.08 
6 14 1000 222.71 
7 17 1000 276.13 
14 1 500 266.15 
7 5 100 272.08 
15 4 500 912.92 
12 7 100 124.72 
15 8 50 489.48 
6 8 1000 212.43 
14 8 100 526.62 
1 5 1000 306.15 
7 16 50 195.13 
14 16 100 664.5 
1 7 100 128.82 
2 7 50 203.93 
11 4 500 440.77 
12 16 50 612.77 
2 1 50 271.7 
16 12 500 612.77 
4 1 1000 286.54 
17 14 50 432.76 
11 6 50 173.04 
2 5 1000 481.15 
11 16 1000 606.73 
16 17 100 410.6 
2 13 1000 466.43 
8 5 100 540.54 
14 7 100 193.51 
6 11 100 173.04 
13 5 500 228.63 
13 8 50 551.7 
2 11 50 183.64 
5 12 500 530.02 
6 16 500 236.12 
7 1 100 128.82 
14 2 500 432.76 
4 8 100 397.54 
8 2 50 248.3 
17 6 100 294.67 
16 11 50 606.73 
14 12 500 621.35 
13 1 1000 293.74 
16 5 500 514.43 
1 2 100 271.7 
11 2 100 183.64 
16 4 100 503.79 
8 17 50 183.64 
4 6 100 159.72 
15 7 100 812.79 
8 1 50 272.5 
