20 62 49 
0 15 5000 10 0 163.19 
1 2 10000 5 0 194.72 
1 6 50000 1 0 165.07 
1 15 50000 1 0 300.19 
2 3 5000 10 0 16.4 
2 6 50000 1 0 314.73 
2 8 10000 5 0 99.07 
2 17 10000 5 0 71.61 
2 18 20000 2.5 0 145.53 
2 19 5000 10 0 196.03 
4 13 20000 2.5 0 194.8 
4 6 50000 1 0 194.73 
4 15 50000 1 0 206.54 
5 15 50000 1 0 73.73 
5 13 10000 5 0 70.57 
5 6 50000 1 0 370.59 
5 7 10000 5 0 442.2 
6 7 5000 10 0 108.65 
8 11 20000 2.5 0 96.89 
8 15 20000 2.5 0 153.21 
9 15 10000 5 0 182.95 
10 11 50000 1 0 57.8 
11 15 10000 5 0 215.66 
12 13 5000 10 0 57.98 
12 15 20000 2.5 0 104.82 
13 14 5000 10 0 105.02 
13 15 20000 2.5 0 143.75 
13 16 20000 2.5 0 149.02 
14 15 20000 2.5 0 40.74 
15 16 10000 5 0 56.01 
15 17 5000 10 0 86.81 
15 0 5000 10 0 163.19 
2 1 10000 5 0 194.72 
6 1 50000 1 0 165.07 
15 1 50000 1 0 300.19 
3 2 5000 10 0 16.4 
6 2 50000 1 0 314.73 
8 2 10000 5 0 99.07 
17 2 10000 5 0 71.61 
18 2 20000 2.5 0 145.53 
19 2 5000 10 0 196.03 
13 4 20000 2.5 0 194.8 
6 4 50000 1 0 194.73 
15 4 50000 1 0 206.54 
15 5 50000 1 0 73.73 
13 5 10000 5 0 70.57 
6 5 50000 1 0 370.59 
7 5 10000 5 0 442.2 
7 6 5000 10 0 108.65 
11 8 20000 2.5 0 96.89 
15 8 20000 2.5 0 153.21 
15 9 10000 5 0 182.95 
11 10 50000 1 0 57.8 
15 11 10000 5 0 215.66 
13 12 5000 10 0 57.98 
15 12 20000 2.5 0 104.82 
14 13 5000 10 0 105.02 
15 13 20000 2.5 0 143.75 
16 13 20000 2.5 0 149.02 
15 14 20000 2.5 0 40.74 
16 15 10000 5 0 56.01 
17 15 5000 10 0 86.81 
5 17 500 225.59 
6 1 500 59.27 
13 11 1000 380.04 
6 2 1000 90.97 
14 6 500 93.86 
4 2 1000 178.39 
8 13 100 281.98 
8 6 1000 70.13 
2 6 50 90.97 
12 6 500 48.8 
1 13 100 156.04 
14 17 50 236.64 
5 14 100 398.25 
5 11 50 390.02 
4 7 1000 54.08 
2 12 50 183.36 
6 12 100 48.8 
16 8 100 318.81 
6 4 500 24.77 
11 17 1000 53.67 
17 11 500 53.67 
7 12 50 49.14 
2 16 50 241.17 
7 2 500 60.73 
17 16 1000 241.17 
1 12 500 151.01 
12 1 50 151.01 
12 11 100 413.93 
11 1 50 131.3 
5 13 1000 70.13 
2 4 100 178.39 
5 15 1000 93.86 
17 12 50 224.13 
2 8 500 97.54 
14 11 1000 413.93 
11 12 1000 413.93 
4 15 1000 248.97 
17 8 50 106 
17 1 1000 105.07 
8 15 500 64.11 
4 11 100 163.55 
1 6 500 59.27 
1 8 1000 121.41 
1 15 50 210.36 
8 16 50 318.81 
11 7 1000 71.12 
11 13 50 380.04 
16 1 50 107.9 
5 8 100 293.6 
