20 62 49 
0 15 5000 10 1 163.19 
1 2 10000 5 1 194.72 
1 6 50000 1 1 165.07 
1 15 50000 1 1 300.19 
2 3 5000 10 1 16.4 
2 6 50000 1 1 314.73 
2 8 10000 5 1 99.07 
2 17 10000 5 1 71.61 
2 18 20000 2.5 1 145.53 
2 19 5000 10 1 196.03 
4 13 20000 2.5 1 194.8 
4 6 50000 1 1 194.73 
4 15 50000 1 1 206.54 
5 15 50000 1 1 73.73 
5 13 10000 5 1 70.57 
5 6 50000 1 1 370.59 
5 7 10000 5 1 442.2 
6 7 5000 10 1 108.65 
8 11 20000 2.5 1 96.89 
8 15 20000 2.5 1 153.21 
9 15 10000 5 1 182.95 
10 11 50000 1 1 57.8 
11 15 10000 5 1 215.66 
12 13 5000 10 1 57.98 
12 15 20000 2.5 1 104.82 
13 14 5000 10 1 105.02 
13 15 20000 2.5 1 143.75 
13 16 20000 2.5 1 149.02 
14 15 20000 2.5 1 40.74 
15 16 10000 5 1 56.01 
15 17 5000 10 1 86.81 
15 0 5000 10 1 163.19 
2 1 10000 5 1 194.72 
6 1 50000 1 1 165.07 
15 1 50000 1 1 300.19 
3 2 5000 10 1 16.4 
6 2 50000 1 1 314.73 
8 2 10000 5 1 99.07 
17 2 10000 5 1 71.61 
18 2 20000 2.5 1 145.53 
19 2 5000 10 1 196.03 
13 4 20000 2.5 1 194.8 
6 4 50000 1 1 194.73 
15 4 50000 1 1 206.54 
15 5 50000 1 1 73.73 
13 5 10000 5 1 70.57 
6 5 50000 1 1 370.59 
7 5 10000 5 1 442.2 
7 6 5000 10 1 108.65 
11 8 20000 2.5 1 96.89 
15 8 20000 2.5 1 153.21 
15 9 10000 5 1 182.95 
11 10 50000 1 1 57.8 
15 11 10000 5 1 215.66 
13 12 5000 10 1 57.98 
15 12 20000 2.5 1 104.82 
14 13 5000 10 1 105.02 
15 13 20000 2.5 1 143.75 
16 13 20000 2.5 1 149.02 
15 14 20000 2.5 1 40.74 
16 15 10000 5 1 56.01 
17 15 5000 10 1 86.81 
5 17 500 365.4 
6 1 500 144.8 
13 11 1000 601.13 
6 2 1000 180.28 
14 6 500 147.9 
4 2 1000 321.44 
8 13 100 504.53 
8 6 1000 155.36 
2 6 50 180.28 
12 6 500 96.91 
1 13 100 216.77 
14 17 50 340.81 
5 14 100 476.76 
5 11 50 530.7 
4 7 1000 70.77 
2 12 50 355.65 
6 12 100 96.91 
16 8 100 445.14 
6 4 500 73.64 
11 17 1000 116.62 
17 11 500 116.62 
7 12 50 73.34 
2 16 50 356.96 
7 2 500 120.64 
17 16 1000 356.96 
1 12 500 245.42 
12 1 50 245.42 
12 11 100 583.17 
11 1 50 183.64 
5 13 1000 154.84 
2 4 100 321.44 
5 15 1000 229.06 
17 12 50 396.42 
2 8 500 150.24 
14 11 1000 524.59 
11 12 1000 583.17 
4 15 1000 568.54 
17 8 50 148.23 
17 1 1000 250.94 
8 15 500 231.89 
4 11 100 386.74 
1 6 500 144.8 
1 8 1000 216.04 
1 15 50 361.42 
8 16 50 445.14 
11 7 1000 105.56 
11 13 50 601.13 
16 1 50 199.2 
5 8 100 443 
