42 132 305 
0 16 5000 10 0 63.27 
0 3 50000 1 0 55.02 
0 39 50000 1 0 128.44 
1 18 50000 1 0 25.49 
1 39 5000 10 0 59.88 
2 33 20000 2.5 0 54.12 
4 8 20000 2.5 0 36.71 
5 38 10000 5 0 22.3 
6 18 50000 1 0 25.92 
6 39 10000 5 0 20.42 
7 39 50000 1 0 13.34 
8 38 10000 5 0 48.35 
8 39 5000 10 0 53.94 
8 9 20000 2.5 0 4.18 
8 11 20000 2.5 0 75.66 
8 16 5000 10 0 83.67 
8 18 5000 10 0 61.63 
8 23 5000 10 0 100.96 
8 24 5000 10 0 8.77 
8 25 10000 5 0 34.85 
8 26 10000 5 0 20.45 
8 27 50000 1 0 13.6 
8 28 5000 10 0 61.14 
8 31 10000 5 0 30.66 
9 27 20000 2.5 0 9.81 
10 39 10000 5 0 216.69 
12 28 10000 5 0 25.65 
13 25 5000 10 0 15.24 
14 16 50000 1 0 26.13 
14 28 20000 2.5 0 38.33 
15 16 20000 2.5 0 13.6 
15 28 20000 2.5 0 49.04 
16 27 20000 2.5 0 70.5 
16 28 10000 5 0 62.14 
17 28 10000 5 0 54.88 
18 32 50000 1 0 35.1 
18 33 50000 1 0 106.11 
18 41 20000 2.5 0 26.37 
18 39 50000 1 0 45.69 
18 40 20000 2.5 0 38.45 
18 25 5000 10 0 32.92 
18 27 20000 2.5 0 47.65 
18 28 50000 1 0 65.29 
19 39 10000 5 0 31.36 
20 23 5000 10 0 294.11 
21 28 10000 5 0 233.79 
22 25 10000 5 0 61.91 
22 28 5000 10 0 23.31 
23 28 50000 1 0 74.33 
23 39 50000 1 0 90.33 
25 39 5000 10 0 53.22 
25 27 50000 1 0 23.04 
27 39 20000 2.5 0 44.98 
27 30 5000 10 0 33.95 
28 38 20000 2.5 0 90.92 
28 39 5000 10 0 94.86 
28 29 20000 2.5 0 25.9 
32 39 20000 2.5 0 66.64 
33 39 50000 1 0 121 
34 39 20000 2.5 0 53.09 
35 39 50000 1 0 43.13 
36 39 10000 5 0 31.74 
37 38 50000 1 0 19.26 
38 39 10000 5 0 5.71 
39 41 20000 2.5 0 44.58 
39 40 5000 10 0 21.36 
16 0 5000 10 0 63.27 
3 0 50000 1 0 55.02 
39 0 50000 1 0 128.44 
18 1 50000 1 0 25.49 
39 1 5000 10 0 59.88 
33 2 20000 2.5 0 54.12 
8 4 20000 2.5 0 36.71 
38 5 10000 5 0 22.3 
18 6 50000 1 0 25.92 
39 6 10000 5 0 20.42 
39 7 50000 1 0 13.34 
38 8 10000 5 0 48.35 
39 8 5000 10 0 53.94 
9 8 20000 2.5 0 4.18 
11 8 20000 2.5 0 75.66 
16 8 5000 10 0 83.67 
18 8 5000 10 0 61.63 
23 8 5000 10 0 100.96 
24 8 5000 10 0 8.77 
25 8 10000 5 0 34.85 
26 8 10000 5 0 20.45 
27 8 50000 1 0 13.6 
28 8 5000 10 0 61.14 
31 8 10000 5 0 30.66 
27 9 20000 2.5 0 9.81 
39 10 10000 5 0 216.69 
28 12 10000 5 0 25.65 
25 13 5000 10 0 15.24 
16 14 50000 1 0 26.13 
28 14 20000 2.5 0 38.33 
16 15 20000 2.5 0 13.6 
28 15 20000 2.5 0 49.04 
27 16 20000 2.5 0 70.5 
28 16 10000 5 0 62.14 
28 17 10000 5 0 54.88 
32 18 50000 1 0 35.1 
33 18 50000 1 0 106.11 
41 18 20000 2.5 0 26.37 
39 18 50000 1 0 45.69 
40 18 20000 2.5 0 38.45 
25 18 5000 10 0 32.92 
27 18 20000 2.5 0 47.65 
28 18 50000 1 0 65.29 
39 19 10000 5 0 31.36 
23 20 5000 10 0 294.11 
28 21 10000 5 0 233.79 
25 22 10000 5 0 61.91 
28 22 5000 10 0 23.31 
28 23 50000 1 0 74.33 
39 23 50000 1 0 90.33 
39 25 5000 10 0 53.22 
27 25 50000 1 0 23.04 
39 27 20000 2.5 0 44.98 
30 27 5000 10 0 33.95 
38 28 20000 2.5 0 90.92 
39 28 5000 10 0 94.86 
29 28 20000 2.5 0 25.9 
39 32 20000 2.5 0 66.64 
39 33 50000 1 0 121 
39 34 20000 2.5 0 53.09 
39 35 50000 1 0 43.13 
39 36 10000 5 0 31.74 
38 37 50000 1 0 19.26 
39 38 10000 5 0 5.71 
41 39 20000 2.5 0 44.58 
40 39 5000 10 0 21.36 
9 32 1000 33.38 
39 28 1000 32.88 
41 27 500 34.37 
18 14 1000 27 
1 40 500 36.68 
40 38 500 31.28 
38 14 100 36.35 
8 9 1000 39.51 
14 33 1000 17.67 
6 14 100 16.48 
25 40 50 50.56 
40 32 500 39.03 
6 15 500 19.64 
0 8 100 55.86 
40 6 500 26.95 
16 6 100 21.16 
15 9 500 35.84 
27 23 1000 49.15 
16 38 1000 26.86 
16 9 500 44.29 
0 14 100 25.26 
41 23 1000 30.84 
25 9 1000 39.39 
15 32 50 23.46 
23 25 50 36.51 
32 38 50 38.38 
9 14 500 30.05 
15 33 100 12.91 
32 9 100 33.38 
18 16 1000 38.26 
28 32 1000 34.71 
9 8 50 39.51 
1 6 50 25.8 
32 6 1000 29.5 
27 15 500 41.03 
33 14 50 17.67 
9 0 500 48.71 
8 22 500 17.64 
18 27 500 25.38 
15 14 1000 46.12 
23 38 500 28.46 
40 0 50 24.78 
16 40 1000 26.32 
32 23 1000 33.77 
1 38 1000 38.38 
41 16 500 29.98 
0 33 50 26.77 
6 22 100 21.39 
14 0 1000 25.26 
9 1 1000 30.65 
32 25 1000 35.57 
0 15 50 22.19 
33 22 500 17.77 
41 25 500 36.86 
27 22 100 27.16 
9 6 100 40.19 
22 23 50 21.05 
6 1 100 25.8 
18 38 1000 43.41 
28 18 50 38.72 
23 27 500 49.15 
41 6 500 23.71 
23 32 50 33.77 
8 0 1000 55.86 
6 32 50 29.5 
33 16 100 27.93 
18 28 100 38.72 
25 8 1000 47.97 
27 39 500 33.76 
1 32 50 46.8 
15 41 500 15.12 
32 22 100 20.49 
8 14 50 33.35 
25 15 50 49.91 
23 16 1000 33.13 
15 39 500 30.31 
15 0 1000 22.19 
38 28 100 32.23 
8 1 500 36.17 
40 1 1000 36.68 
22 16 500 52.27 
38 40 1000 31.28 
16 25 100 39.88 
28 39 50 32.88 
14 18 500 27 
9 23 1000 37.25 
22 40 100 32.59 
0 22 1000 35.01 
22 14 500 50.48 
41 14 100 18.16 
33 1 100 37.48 
9 22 1000 20.7 
38 22 500 37.77 
16 1 500 35.03 
27 0 1000 39.85 
1 28 500 34.71 
18 15 500 34.16 
25 28 1000 18.44 
28 16 50 32.01 
41 8 100 48.36 
41 9 100 40.39 
14 9 1000 30.05 
27 18 1000 25.38 
33 9 100 40.4 
25 14 100 48.07 
40 28 1000 28.6 
1 16 100 35.03 
1 33 1000 37.48 
14 40 1000 24.69 
22 41 500 16.37 
38 6 100 30.63 
27 1 100 25.8 
27 16 100 56.57 
9 28 50 25.37 
15 6 1000 19.64 
9 15 1000 35.84 
22 8 1000 17.64 
25 1 100 35.57 
1 25 100 35.57 
32 28 100 34.71 
39 22 100 37.12 
25 39 500 53.52 
14 8 100 33.35 
23 0 100 17.52 
33 32 500 38.25 
15 38 100 32.52 
39 18 1000 36.3 
32 40 100 39.03 
0 23 50 17.52 
38 25 100 51.86 
0 27 50 39.85 
9 33 500 40.4 
39 16 50 28.68 
18 25 50 26.48 
0 40 100 24.78 
0 32 100 33.46 
40 25 100 50.56 
22 33 100 17.77 
6 27 50 40.31 
0 41 1000 26.77 
8 23 100 15.98 
27 41 50 34.37 
14 41 100 18.16 
1 9 500 30.65 
41 40 100 25.8 
39 27 100 33.76 
23 41 50 30.84 
16 23 1000 33.13 
38 32 100 38.38 
33 15 500 12.91 
15 1 500 26.31 
23 15 50 25.92 
8 15 50 26.7 
6 40 500 26.95 
14 22 50 50.48 
14 23 500 26.77 
27 6 100 40.31 
28 41 1000 35.57 
38 15 50 32.52 
38 41 1000 38.38 
33 6 100 32.28 
14 32 500 16.57 
9 18 50 29.48 
22 6 50 21.39 
39 25 500 53.52 
23 39 1000 27.57 
15 18 50 34.16 
15 23 100 25.92 
14 38 500 36.35 
16 32 1000 34.66 
28 38 1000 32.23 
18 0 50 35.56 
14 1 50 16.46 
28 23 1000 36.33 
0 28 100 33.8 
23 40 500 32.87 
8 27 500 39.51 
23 28 50 36.33 
18 23 100 35.1 
32 16 50 34.66 
27 28 100 28.34 
22 38 1000 37.77 
25 23 100 36.51 
9 38 1000 25.26 
15 8 500 26.7 
23 14 100 26.77 
40 15 100 23.97 
9 41 50 40.39 
9 39 50 25.26 
40 16 500 26.32 
23 33 500 31.98 
9 25 50 39.39 
18 39 50 36.3 
32 8 50 39.02 
38 0 50 29.92 
32 41 500 37.77 
38 23 500 28.46 
14 6 50 16.48 
6 33 100 32.28 
38 39 100 30.11 
23 8 50 15.98 
40 33 100 31.38 
22 18 50 28.07 
33 25 100 33.65 
1 0 50 36.31 
28 9 100 25.37 
6 0 50 19.89 
14 27 50 34.02 
22 27 500 27.16 
27 14 50 34.02 
32 15 500 23.46 
6 41 50 23.71 
41 22 50 16.37 
41 32 50 37.77 
9 40 50 35.32 
1 23 50 34.85 
8 39 500 31.4 
25 32 50 35.57 
25 41 50 36.86 
38 8 50 31.4 
25 16 100 39.88 
41 15 50 15.12 
33 38 500 25 
16 8 50 11.61 
25 33 50 33.65 
39 8 1000 31.4 
38 18 1000 43.41 
23 6 1000 29.86 
16 18 1000 38.26 
6 23 500 29.86 
38 16 500 26.86 
18 8 1000 36.19 
8 28 1000 30.33 
33 8 1000 48.36 
8 32 50 39.02 
18 9 100 29.48 
0 6 100 19.89 
32 14 500 16.57 
16 39 500 28.68 
8 16 1000 11.61 
16 27 50 56.57 
6 16 100 21.16 
9 16 100 44.29 
28 8 500 30.33 
1 14 50 16.46 
27 8 500 39.51 
27 33 100 34.37 
1 27 50 25.8 
22 15 100 52.08 
40 41 500 25.8 
41 33 100 32.88 
38 9 50 25.26 
6 9 500 40.19 
6 38 50 30.63 
14 39 50 26.33 
27 9 100 39.51 
39 23 50 27.57 
39 15 1000 30.31 
16 41 100 29.98 
38 27 500 33.78 
8 41 100 48.36 
23 18 500 35.1 
28 27 100 28.34 
23 9 1000 37.25 
39 9 1000 25.26 
16 22 100 52.27 
6 28 1000 36.84 
41 38 100 38.38 
25 38 1000 51.86 
6 25 50 43.69 
0 38 50 29.92 
33 27 50 34.37 
6 8 500 46 
8 25 500 47.97 
22 32 500 20.49 
23 22 50 21.05 
8 33 500 48.36 
18 22 50 28.07 
39 14 100 26.33 
16 33 50 27.93 
28 6 100 36.84 
14 15 500 46.12 
38 33 1000 25 
33 28 50 32.63 
27 32 100 28.27 
15 27 100 41.03 
25 6 100 43.69 
8 6 50 46 
32 33 100 38.25 
33 41 50 32.88 
39 38 50 30.11 
32 27 50 28.27 
25 18 500 26.48 
41 28 100 35.57 
27 38 100 33.78 
28 25 50 18.44 
33 23 1000 31.98 
8 18 50 36.19 
15 25 50 49.91 
27 25 500 39.12 
14 25 500 48.07 
16 28 100 32.01 
15 22 50 52.08 
9 27 1000 39.51 
28 33 500 32.63 
