42 132 152 
0 16 5000 10 0 63.27 
0 3 50000 1 0 55.02 
0 39 50000 1 0 128.44 
1 18 50000 1 0 25.49 
1 39 5000 10 0 59.88 
2 33 20000 2.5 0 54.12 
4 8 20000 2.5 0 36.71 
5 38 10000 5 0 22.3 
6 18 50000 1 0 25.92 
6 39 10000 5 0 20.42 
7 39 50000 1 0 13.34 
8 38 10000 5 0 48.35 
8 39 5000 10 0 53.94 
8 9 20000 2.5 0 4.18 
8 11 20000 2.5 0 75.66 
8 16 5000 10 0 83.67 
8 18 5000 10 0 61.63 
8 23 5000 10 0 100.96 
8 24 5000 10 0 8.77 
8 25 10000 5 0 34.85 
8 26 10000 5 0 20.45 
8 27 50000 1 0 13.6 
8 28 5000 10 0 61.14 
8 31 10000 5 0 30.66 
9 27 20000 2.5 0 9.81 
10 39 10000 5 0 216.69 
12 28 10000 5 0 25.65 
13 25 5000 10 0 15.24 
14 16 50000 1 0 26.13 
14 28 20000 2.5 0 38.33 
15 16 20000 2.5 0 13.6 
15 28 20000 2.5 0 49.04 
16 27 20000 2.5 0 70.5 
16 28 10000 5 0 62.14 
17 28 10000 5 0 54.88 
18 32 50000 1 0 35.1 
18 33 50000 1 0 106.11 
18 41 20000 2.5 0 26.37 
18 39 50000 1 0 45.69 
18 40 20000 2.5 0 38.45 
18 25 5000 10 0 32.92 
18 27 20000 2.5 0 47.65 
18 28 50000 1 0 65.29 
19 39 10000 5 0 31.36 
20 23 5000 10 0 294.11 
21 28 10000 5 0 233.79 
22 25 10000 5 0 61.91 
22 28 5000 10 0 23.31 
23 28 50000 1 0 74.33 
23 39 50000 1 0 90.33 
25 39 5000 10 0 53.22 
25 27 50000 1 0 23.04 
27 39 20000 2.5 0 44.98 
27 30 5000 10 0 33.95 
28 38 20000 2.5 0 90.92 
28 39 5000 10 0 94.86 
28 29 20000 2.5 0 25.9 
32 39 20000 2.5 0 66.64 
33 39 50000 1 0 121 
34 39 20000 2.5 0 53.09 
35 39 50000 1 0 43.13 
36 39 10000 5 0 31.74 
37 38 50000 1 0 19.26 
38 39 10000 5 0 5.71 
39 41 20000 2.5 0 44.58 
39 40 5000 10 0 21.36 
16 0 5000 10 0 63.27 
3 0 50000 1 0 55.02 
39 0 50000 1 0 128.44 
18 1 50000 1 0 25.49 
39 1 5000 10 0 59.88 
33 2 20000 2.5 0 54.12 
8 4 20000 2.5 0 36.71 
38 5 10000 5 0 22.3 
18 6 50000 1 0 25.92 
39 6 10000 5 0 20.42 
39 7 50000 1 0 13.34 
38 8 10000 5 0 48.35 
39 8 5000 10 0 53.94 
9 8 20000 2.5 0 4.18 
11 8 20000 2.5 0 75.66 
16 8 5000 10 0 83.67 
18 8 5000 10 0 61.63 
23 8 5000 10 0 100.96 
24 8 5000 10 0 8.77 
25 8 10000 5 0 34.85 
26 8 10000 5 0 20.45 
27 8 50000 1 0 13.6 
28 8 5000 10 0 61.14 
31 8 10000 5 0 30.66 
27 9 20000 2.5 0 9.81 
39 10 10000 5 0 216.69 
28 12 10000 5 0 25.65 
25 13 5000 10 0 15.24 
16 14 50000 1 0 26.13 
28 14 20000 2.5 0 38.33 
16 15 20000 2.5 0 13.6 
28 15 20000 2.5 0 49.04 
27 16 20000 2.5 0 70.5 
28 16 10000 5 0 62.14 
28 17 10000 5 0 54.88 
32 18 50000 1 0 35.1 
33 18 50000 1 0 106.11 
41 18 20000 2.5 0 26.37 
39 18 50000 1 0 45.69 
40 18 20000 2.5 0 38.45 
25 18 5000 10 0 32.92 
27 18 20000 2.5 0 47.65 
28 18 50000 1 0 65.29 
39 19 10000 5 0 31.36 
23 20 5000 10 0 294.11 
28 21 10000 5 0 233.79 
25 22 10000 5 0 61.91 
28 22 5000 10 0 23.31 
28 23 50000 1 0 74.33 
39 23 50000 1 0 90.33 
39 25 5000 10 0 53.22 
27 25 50000 1 0 23.04 
39 27 20000 2.5 0 44.98 
30 27 5000 10 0 33.95 
38 28 20000 2.5 0 90.92 
39 28 5000 10 0 94.86 
29 28 20000 2.5 0 25.9 
39 32 20000 2.5 0 66.64 
39 33 50000 1 0 121 
39 34 20000 2.5 0 53.09 
39 35 50000 1 0 43.13 
39 36 10000 5 0 31.74 
38 37 50000 1 0 19.26 
39 38 10000 5 0 5.71 
41 39 20000 2.5 0 44.58 
40 39 5000 10 0 21.36 
9 32 1000 41.98 
39 28 1000 40.54 
41 27 500 44.21 
18 14 1000 37.15 
1 40 500 58.66 
40 38 500 46.38 
38 14 100 44.89 
8 9 1000 52.07 
14 33 1000 19.03 
6 14 100 25.41 
25 40 50 53.91 
40 32 500 64.63 
6 15 500 25.98 
0 8 100 60.72 
40 6 500 34.84 
16 6 100 35.46 
15 9 500 41.06 
27 23 1000 56 
16 38 1000 35.1 
16 9 500 46.55 
0 14 100 34.32 
41 23 1000 35.36 
25 9 1000 47.2 
15 32 50 31.84 
23 25 50 52.88 
32 38 50 46.61 
9 14 500 41.03 
15 33 100 21.22 
32 9 100 41.98 
18 16 1000 40.31 
28 32 1000 48.44 
9 8 50 52.07 
1 6 50 54.26 
32 6 1000 55.5 
27 15 500 53.29 
33 14 50 19.03 
9 0 500 56 
8 22 500 32.54 
18 27 500 35.17 
15 14 1000 58.11 
23 38 500 36.87 
40 0 50 33.31 
16 40 1000 30.89 
32 23 1000 37.18 
1 38 1000 46.61 
41 16 500 37.57 
0 33 50 43.29 
6 22 100 34.01 
14 0 1000 34.32 
9 1 1000 39.25 
32 25 1000 37.87 
0 15 50 34.95 
33 22 500 23.44 
41 25 500 39.04 
27 22 100 29.88 
9 6 100 50.62 
22 23 50 32.81 
6 1 100 54.26 
18 38 1000 52.5 
28 18 50 41.57 
23 27 500 56 
41 6 500 42.98 
23 32 50 37.18 
8 0 1000 60.72 
6 32 50 55.5 
33 16 100 37.57 
18 28 100 41.57 
25 8 1000 58.78 
27 39 500 58.93 
1 32 50 50.76 
15 41 500 23.12 
32 22 100 30.14 
8 14 50 47.76 
25 15 50 58.04 
23 16 1000 43.9 
15 39 500 35.09 
15 0 1000 34.95 
38 28 100 39.46 
8 1 500 46.84 
40 1 1000 58.66 
22 16 500 58.89 
38 40 1000 46.38 
16 25 100 47.55 
28 39 50 40.54 
14 18 500 37.15 
9 23 1000 43.77 
22 40 100 38.76 
0 22 1000 40.04 
22 14 500 61.62 
41 14 100 21.78 
33 1 100 49.05 
9 22 1000 28.67 
38 22 500 51.25 
16 1 500 38.26 
27 0 1000 46.62 
1 28 500 48.44 
18 15 500 38.26 
25 28 1000 25.48 
28 16 50 41.66 
41 8 100 56.93 
41 9 100 48.7 
14 9 1000 41.03 
27 18 1000 35.17 
33 9 100 48.7 
25 14 100 56.74 
40 28 1000 33.88 
1 16 100 38.26 
1 33 1000 49.05 
14 40 1000 30.09 
22 41 500 24.71 
38 6 100 52.07 
27 1 100 36.56 
27 16 100 62.19 
9 28 50 38.65 
15 6 1000 25.98 
9 15 1000 41.06 
22 8 1000 32.54 
25 1 100 38.7 
1 25 100 38.7 
32 28 100 48.44 
39 22 100 50.6 
25 39 500 64.82 
14 8 100 47.76 
23 0 100 34.6 
33 32 500 46.97 
15 38 100 36.22 
39 18 1000 70.21 
32 40 100 64.63 
0 23 50 34.6 
38 25 100 62.55 
0 27 50 46.62 
9 33 500 48.7 
39 16 50 35.49 
18 25 50 37.87 
0 40 100 33.31 
0 32 100 44.36 
40 25 100 53.91 
22 33 100 23.44 
6 27 50 52.24 
0 41 1000 43.29 
8 23 100 27.37 
27 41 50 44.21 
14 41 100 21.78 
1 9 500 39.25 
41 40 100 49.94 
39 27 100 58.93 
23 41 50 35.36 
16 23 1000 43.9 
38 32 100 46.61 
33 15 500 21.22 
15 1 500 32.29 
23 15 50 36.9 
