42 132 305 
0 16 5000 10 1 63.27 
0 3 50000 1 1 55.02 
0 39 50000 1 1 128.44 
1 18 50000 1 1 25.49 
1 39 5000 10 1 59.88 
2 33 20000 2.5 1 54.12 
4 8 20000 2.5 1 36.71 
5 38 10000 5 1 22.3 
6 18 50000 1 1 25.92 
6 39 10000 5 1 20.42 
7 39 50000 1 1 13.34 
8 38 10000 5 1 48.35 
8 39 5000 10 1 53.94 
8 9 20000 2.5 1 4.18 
8 11 20000 2.5 1 75.66 
8 16 5000 10 1 83.67 
8 18 5000 10 1 61.63 
8 23 5000 10 1 100.96 
8 24 5000 10 1 8.77 
8 25 10000 5 1 34.85 
8 26 10000 5 1 20.45 
8 27 50000 1 1 13.6 
8 28 5000 10 1 61.14 
8 31 10000 5 1 30.66 
9 27 20000 2.5 1 9.81 
10 39 10000 5 1 216.69 
12 28 10000 5 1 25.65 
13 25 5000 10 1 15.24 
14 16 50000 1 1 26.13 
14 28 20000 2.5 1 38.33 
15 16 20000 2.5 1 13.6 
15 28 20000 2.5 1 49.04 
16 27 20000 2.5 1 70.5 
16 28 10000 5 1 62.14 
17 28 10000 5 1 54.88 
18 32 50000 1 1 35.1 
18 33 50000 1 1 106.11 
18 41 20000 2.5 1 26.37 
18 39 50000 1 1 45.69 
18 40 20000 2.5 1 38.45 
18 25 5000 10 1 32.92 
18 27 20000 2.5 1 47.65 
18 28 50000 1 1 65.29 
19 39 10000 5 1 31.36 
20 23 5000 10 1 294.11 
21 28 10000 5 1 233.79 
22 25 10000 5 1 61.91 
22 28 5000 10 1 23.31 
23 28 50000 1 1 74.33 
23 39 50000 1 1 90.33 
25 39 5000 10 1 53.22 
25 27 50000 1 1 23.04 
27 39 20000 2.5 1 44.98 
27 30 5000 10 1 33.95 
28 38 20000 2.5 1 90.92 
28 39 5000 10 1 94.86 
28 29 20000 2.5 1 25.9 
32 39 20000 2.5 1 66.64 
33 39 50000 1 1 121 
34 39 20000 2.5 1 53.09 
35 39 50000 1 1 43.13 
36 39 10000 5 1 31.74 
37 38 50000 1 1 19.26 
38 39 10000 5 1 5.71 
39 41 20000 2.5 1 44.58 
39 40 5000 10 1 21.36 
16 0 5000 10 1 63.27 
3 0 50000 1 1 55.02 
39 0 50000 1 1 128.44 
18 1 50000 1 1 25.49 
39 1 5000 10 1 59.88 
33 2 20000 2.5 1 54.12 
8 4 20000 2.5 1 36.71 
38 5 10000 5 1 22.3 
18 6 50000 1 1 25.92 
39 6 10000 5 1 20.42 
39 7 50000 1 1 13.34 
38 8 10000 5 1 48.35 
39 8 5000 10 1 53.94 
9 8 20000 2.5 1 4.18 
11 8 20000 2.5 1 75.66 
16 8 5000 10 1 83.67 
18 8 5000 10 1 61.63 
23 8 5000 10 1 100.96 
24 8 5000 10 1 8.77 
25 8 10000 5 1 34.85 
26 8 10000 5 1 20.45 
27 8 50000 1 1 13.6 
28 8 5000 10 1 61.14 
31 8 10000 5 1 30.66 
27 9 20000 2.5 1 9.81 
39 10 10000 5 1 216.69 
28 12 10000 5 1 25.65 
25 13 5000 10 1 15.24 
16 14 50000 1 1 26.13 
28 14 20000 2.5 1 38.33 
16 15 20000 2.5 1 13.6 
28 15 20000 2.5 1 49.04 
27 16 20000 2.5 1 70.5 
28 16 10000 5 1 62.14 
28 17 10000 5 1 54.88 
32 18 50000 1 1 35.1 
33 18 50000 1 1 106.11 
41 18 20000 2.5 1 26.37 
39 18 50000 1 1 45.69 
40 18 20000 2.5 1 38.45 
25 18 5000 10 1 32.92 
27 18 20000 2.5 1 47.65 
28 18 50000 1 1 65.29 
39 19 10000 5 1 31.36 
23 20 5000 10 1 294.11 
28 21 10000 5 1 233.79 
25 22 10000 5 1 61.91 
28 22 5000 10 1 23.31 
28 23 50000 1 1 74.33 
39 23 50000 1 1 90.33 
39 25 5000 10 1 53.22 
27 25 50000 1 1 23.04 
39 27 20000 2.5 1 44.98 
30 27 5000 10 1 33.95 
38 28 20000 2.5 1 90.92 
39 28 5000 10 1 94.86 
29 28 20000 2.5 1 25.9 
39 32 20000 2.5 1 66.64 
39 33 50000 1 1 121 
39 34 20000 2.5 1 53.09 
39 35 50000 1 1 43.13 
39 36 10000 5 1 31.74 
38 37 50000 1 1 19.26 
39 38 10000 5 1 5.71 
41 39 20000 2.5 1 44.58 
40 39 5000 10 1 21.36 
9 32 1000 19.11 
39 28 1000 27.77 
41 27 500 27.48 
18 14 1000 11.15 
1 40 500 20.77 
40 38 500 22.56 
38 14 100 20.07 
8 9 1000 25.39 
14 33 1000 10.33 
6 14 100 6.47 
25 40 50 25.05 
40 32 500 25.63 
6 15 500 12.79 
0 8 100 46.9 
40 6 500 18.62 
16 6 100 13.46 
15 9 500 19.85 
27 23 1000 34.51 
16 38 1000 19.66 
16 9 500 38.2 
0 14 100 14.43 
41 23 1000 18.65 
25 9 1000 25.27 
15 32 50 12.1 
23 25 50 11.65 
32 38 50 16.71 
9 14 500 16.87 
15 33 100 7.74 
32 9 100 19.11 
18 16 1000 34.66 
28 32 1000 20.56 
9 8 50 25.39 
1 6 50 19.66 
32 6 1000 23.75 
27 15 500 31.16 
33 14 50 10.33 
9 0 500 29.46 
8 22 500 13.48 
18 27 500 8.72 
15 14 1000 37.05 
23 38 500 13.47 
40 0 50 18.57 
16 40 1000 16.68 
32 23 1000 22.74 
1 38 1000 16.71 
41 16 500 10.64 
0 33 50 21.5 
6 22 100 13.98 
14 0 1000 14.43 
9 1 1000 16.59 
32 25 1000 22.68 
0 15 50 9.46 
33 22 500 11.83 
41 25 500 12.67 
27 22 100 14.41 
9 6 100 29.6 
22 23 50 9.79 
6 1 100 19.66 
18 38 1000 16.71 
28 18 50 24.21 
23 27 500 34.51 
41 6 500 15.4 
23 32 50 22.74 
8 0 1000 46.9 
6 32 50 23.75 
33 16 100 7.59 
18 28 100 24.21 
25 8 1000 25.65 
27 39 500 19.9 
1 32 50 41.78 
15 41 500 10.09 
32 22 100 9.25 
8 14 50 24.06 
25 15 50 28.63 
23 16 1000 9.39 
15 39 500 16.52 
15 0 1000 9.46 
38 28 100 27.59 
8 1 500 20.39 
40 1 1000 20.77 
22 16 500 40.97 
38 40 1000 22.56 
16 25 100 11.17 
28 39 50 27.77 
14 18 500 11.15 
9 23 1000 30.78 
22 40 100 14.37 
0 22 1000 22.82 
22 14 500 40.7 
41 14 100 10.72 
33 1 100 29.44 
9 22 1000 14.05 
38 22 500 14.12 
16 1 500 26 
27 0 1000 29.57 
1 28 500 23.41 
18 15 500 15.05 
25 28 1000 8.27 
28 16 50 19.27 
41 8 100 29.1 
41 9 100 23.49 
14 9 1000 16.87 
27 18 1000 8.72 
33 9 100 26.81 
25 14 100 40 
40 28 1000 15.43 
1 16 100 26 
1 33 1000 29.44 
14 40 1000 11.24 
22 41 500 10.26 
38 6 100 19.46 
27 1 100 11.95 
27 16 100 41.15 
9 28 50 19.23 
15 6 1000 12.79 
9 15 1000 19.85 
22 8 1000 13.48 
25 1 100 25.41 
1 25 100 25.41 
32 28 100 20.56 
39 22 100 13.47 
25 39 500 43.57 
14 8 100 24.06 
23 0 100 8.49 
33 32 500 30.2 
15 38 100 16.33 
39 18 1000 8.31 
32 40 100 25.63 
0 23 50 8.49 
38 25 100 43.69 
0 27 50 29.57 
9 33 500 26.81 
39 16 50 25.39 
18 25 50 23.36 
0 40 100 18.57 
0 32 100 15.75 
40 25 100 25.05 
22 33 100 11.83 
6 27 50 30.71 
0 41 1000 18.57 
8 23 100 7.67 
27 41 50 27.48 
14 41 100 10.72 
1 9 500 16.59 
41 40 100 19.73 
39 27 100 19.9 
23 41 50 18.65 
16 23 1000 9.39 
38 32 100 16.71 
33 15 500 7.74 
15 1 500 12.1 
23 15 50 9.19 
8 15 50 22.09 
6 40 500 18.62 
14 22 50 40.7 
14 23 500 18.43 
27 6 100 30.71 
28 41 1000 13.13 
38 15 50 16.33 
38 41 1000 15.54 
33 6 100 24.24 
14 32 500 8.42 
9 18 50 16.92 
22 6 50 13.98 
39 25 500 43.57 
23 39 1000 19.25 
15 18 50 15.05 
15 23 100 9.19 
14 38 500 20.07 
16 32 1000 23.15 
28 38 1000 27.59 
18 0 50 8.31 
14 1 50 8.76 
28 23 1000 23.58 
0 28 100 24.61 
23 40 500 18.07 
8 27 500 25.39 
23 28 50 23.58 
18 23 100 26.59 
32 16 50 23.15 
27 28 100 21.9 
22 38 1000 14.12 
25 23 100 11.65 
9 38 1000 9 
15 8 500 22.09 
23 14 100 18.43 
40 15 100 12.09 
9 41 50 23.49 
9 39 50 14.12 
40 16 500 16.68 
23 33 500 15.35 
9 25 50 25.27 
18 39 50 8.31 
32 8 50 23.24 
38 0 50 21.85 
32 41 500 29.44 
38 23 500 13.47 
14 6 50 6.47 
6 33 100 24.24 
38 39 100 8.97 
23 8 50 7.67 
40 33 100 24.72 
22 18 50 8.27 
33 25 100 9.35 
1 0 50 16.14 
28 9 100 19.23 
6 0 50 12.81 
14 27 50 15.84 
22 27 500 14.41 
27 14 50 15.84 
32 15 500 12.1 
6 41 50 15.4 
41 22 50 10.26 
41 32 50 29.44 
9 40 50 25.37 
1 23 50 25.2 
8 39 500 8.97 
25 32 50 22.68 
25 41 50 12.67 
38 8 50 8.97 
25 16 100 11.17 
41 15 50 10.09 
33 38 500 13.84 
16 8 50 6.93 
25 33 50 9.35 
39 8 1000 8.97 
38 18 1000 16.71 
23 6 1000 17.6 
16 18 1000 34.66 
6 23 500 17.6 
38 16 500 19.66 
18 8 1000 24.49 
8 28 1000 13.56 
33 8 1000 31.28 
8 32 50 23.24 
18 9 100 16.92 
0 6 100 12.81 
32 14 500 8.42 
16 39 500 25.39 
8 16 1000 6.93 
16 27 50 41.15 
6 16 100 13.46 
9 16 100 38.2 
28 8 500 13.56 
1 14 50 8.76 
27 8 500 25.39 
27 33 100 30.8 
1 27 50 11.95 
22 15 100 33.81 
40 41 500 19.73 
41 33 100 29.17 
38 9 50 9 
6 9 500 29.6 
6 38 50 19.46 
14 39 50 11.14 
27 9 100 25.39 
39 23 50 19.25 
39 15 1000 16.52 
16 41 100 10.64 
38 27 500 19.92 
8 41 100 29.1 
23 18 500 26.59 
28 27 100 21.9 
23 9 1000 30.78 
39 9 1000 14.12 
16 22 100 40.97 
6 28 1000 22.72 
41 38 100 15.54 
25 38 1000 43.69 
6 25 50 13.19 
0 38 50 21.85 
33 27 50 30.8 
6 8 500 34.32 
8 25 500 25.65 
22 32 500 9.25 
23 22 50 9.79 
8 33 500 31.28 
18 22 50 8.27 
39 14 100 11.14 
16 33 50 7.59 
28 6 100 22.72 
14 15 500 37.05 
38 33 1000 13.84 
33 28 50 13.41 
27 32 100 14.8 
15 27 100 31.16 
25 6 100 13.19 
8 6 50 34.32 
32 33 100 30.2 
33 41 50 29.17 
39 38 50 8.97 
32 27 50 14.8 
25 18 500 23.36 
41 28 100 13.13 
27 38 100 19.92 
28 25 50 8.27 
33 23 1000 15.35 
8 18 50 24.49 
15 25 50 28.63 
27 25 500 25.39 
14 25 500 40 
16 28 100 19.27 
15 22 50 33.81 
9 27 1000 25.39 
28 33 500 13.41 
