37 114 163 
0 7 7560 23310 1 13.37 
0 13 7560 96030 1 58.61 
0 14 7560 49680 1 33.48 
0 18 7560 48600 1 32.84 
1 25 7560 122670 1 61.86 
1 30 7560 71460 1 28.76 
1 35 7560 135000 1 63.56 
2 20 7560 68400 1 37.45 
2 21 7560 45720 1 25.05 
2 29 7560 111960 1 54.68 
3 8 7560 42660 1 20.45 
3 30 7560 43830 1 23.41 
3 35 7560 49590 1 29.76 
4 9 7560 48600 1 22.36 
4 14 7560 34290 1 23.93 
4 23 7560 68130 1 30.33 
4 27 7560 37800 1 18.77 
4 34 7560 69750 1 46.49 
5 13 7560 54900 1 27.31 
5 18 7560 21510 1 15.3 
6 20 7560 75060 1 34.58 
6 21 7560 68040 1 38.36 
6 26 7560 67230 1 31.93 
7 11 7560 23760 1 18.03 
7 26 7560 35370 1 20.01 
8 16 7560 39240 1 18.63 
8 27 7560 60120 1 33.58 
9 24 7560 64980 1 29.47 
9 31 7560 69930 1 40.39 
10 13 7560 41580 1 22.22 
10 18 7560 62100 1 39.53 
11 12 7560 24750 1 16.58 
12 14 7560 53280 1 24.78 
12 23 7560 41040 1 23.74 
12 32 7560 24390 1 14.15 
15 24 7560 106380 1 83.12 
15 31 7560 53730 1 42.97 
15 34 7560 123300 1 50.57 
16 34 7560 34470 1 17.27 
17 18 7560 177930 1 90.8 
17 20 7560 67590 1 35.75 
17 29 7560 42390 1 23.35 
18 26 7560 46260 1 24.54 
19 21 7560 36990 1 18.21 
19 26 7560 53460 1 26.66 
19 36 7560 45630 1 26.91 
21 28 7560 81630 1 44.6 
22 23 7560 46980 1 24.11 
22 28 7560 64800 1 31.32 
22 36 7560 29430 1 15.46 
23 33 7560 48060 1 30.97 
25 28 7560 57420 1 25.34 
26 32 7560 54000 1 34.53 
27 33 7560 33840 1 19.07 
28 35 7560 70470 1 33.28 
32 36 7560 19620 1 12.3 
33 35 7560 36000 1 17.33 
7 0 7560 23310 1 13.37 
13 0 7560 96030 1 58.61 
14 0 7560 49680 1 33.48 
18 0 7560 48600 1 32.84 
25 1 7560 122670 1 61.86 
30 1 7560 71460 1 28.76 
35 1 7560 135000 1 63.56 
20 2 7560 68400 1 37.45 
21 2 7560 45720 1 25.05 
29 2 7560 111960 1 54.68 
8 3 7560 42660 1 20.45 
30 3 7560 43830 1 23.41 
35 3 7560 49590 1 29.76 
9 4 7560 48600 1 22.36 
14 4 7560 34290 1 23.93 
23 4 7560 68130 1 30.33 
27 4 7560 37800 1 18.77 
34 4 7560 69750 1 46.49 
13 5 7560 54900 1 27.31 
18 5 7560 21510 1 15.3 
20 6 7560 75060 1 34.58 
21 6 7560 68040 1 38.36 
26 6 7560 67230 1 31.93 
11 7 7560 23760 1 18.03 
26 7 7560 35370 1 20.01 
16 8 7560 39240 1 18.63 
27 8 7560 60120 1 33.58 
24 9 7560 64980 1 29.47 
31 9 7560 69930 1 40.39 
13 10 7560 41580 1 22.22 
18 10 7560 62100 1 39.53 
12 11 7560 24750 1 16.58 
14 12 7560 53280 1 24.78 
23 12 7560 41040 1 23.74 
32 12 7560 24390 1 14.15 
24 15 7560 106380 1 83.12 
31 15 7560 53730 1 42.97 
34 15 7560 123300 1 50.57 
34 16 7560 34470 1 17.27 
18 17 7560 177930 1 90.8 
20 17 7560 67590 1 35.75 
29 17 7560 42390 1 23.35 
26 18 7560 46260 1 24.54 
21 19 7560 36990 1 18.21 
26 19 7560 53460 1 26.66 
36 19 7560 45630 1 26.91 
28 21 7560 81630 1 44.6 
23 22 7560 46980 1 24.11 
28 22 7560 64800 1 31.32 
36 22 7560 29430 1 15.46 
33 23 7560 48060 1 30.97 
28 25 7560 57420 1 25.34 
32 26 7560 54000 1 34.53 
33 27 7560 33840 1 19.07 
35 28 7560 70470 1 33.28 
36 32 7560 19620 1 12.3 
35 33 7560 36000 1 17.33 
1 28 58 35.24 
2 23 176 17.34 
3 5 200 12.03 
17 35 757 10.76 
35 4 133 45.7 
0 26 269 40.52 
13 15 401 11.48 
6 9 452 21.98 
10 15 4907 9.31 
6 1 91 16.37 
16 13 329 13.32 
13 29 279 24.41 
12 25 470 33.51 
7 22 82 33.49 
0 33 82 23.22 
32 13 166 34 
23 22 351 24.72 
25 20 637 32.09 
24 28 1064 27.24 
36 26 1687 42.6 
3 9 1298 32.95 
6 19 114 34.24 
25 35 432 37.58 
12 6 99 41.8 
23 2 1273 17.34 
32 20 565 24.44 
16 35 181 37.9 
15 10 465 9.31 
0 5 196 52.7 
2 3 927 11.12 
11 34 752 29.51 
2 10 1259 17.2 
12 1 499 25.49 
19 13 107 29.7 
33 26 341 18.9 
19 0 1551 42.4 
26 28 757 19.4 
0 35 1599 14.85 
24 8 452 40.41 
19 31 377 33.44 
14 7 701 31.76 
33 23 679 35.13 
6 23 700 24.26 
19 16 724 16.23 
22 21 1484 41.54 
35 9 121 42.94 
33 2 114 19.34 
16 10 250 10.7 
13 26 583 44.62 
27 1 160 35.24 
9 32 36 37.78 
5 3 341 12.03 
15 30 259 36.04 
35 14 324 34.47 
35 34 126 22.21 
2 32 691 37.02 
20 12 372 16.48 
17 27 114 12.54 
15 11 551 31.66 
18 22 178 35.5 
5 10 605 41.62 
31 32 1071 34.42 
12 18 239 38.78 
16 3 883 40.41 
33 11 176 35.9 
9 22 148 24 
7 20 75 29.25 
19 12 321 42.96 
15 17 339 7.58 
12 13 142 34.08 
35 32 840 24.62 
9 6 242 21.98 
33 21 1732 23.22 
27 6 114 17.36 
0 11 36 31.72 
17 0 883 17.3 
23 19 861 19.56 
26 7 605 51.6 
3 29 168 10.62 
23 11 119 41.14 
30 11 958 27.86 
9 13 689 18.68 
12 36 255 32.74 
6 29 79 53.23 
8 2 107 17.71 
33 5 611 11.8 
28 10 54 12.52 
34 35 76 22.21 
17 36 205 24.3 
31 8 62 36.87 
19 18 315 24.8 
34 1 269 40.41 
21 0 77 20.62 
17 7 62 23.13 
3 4 85 36.67 
7 18 175 43.72 
26 29 112 51.33 
36 7 37 47.32 
9 26 91 27.86 
32 26 170 37.88 
6 17 149 46.26 
15 27 377 46.45 
3 36 58 31.32 
10 18 358 40.52 
29 6 753 53.23 
28 6 202 34.26 
10 36 30 22.84 
5 23 82 18.44 
8 4 398 30.07 
20 26 55 37.28 
11 22 61 34 
25 19 46 35.43 
17 2 762 46.18 
29 19 114 47.32 
17 5 219 27.27 
15 9 1612 43.85 
2 29 449 46.18 
35 30 1506 44.27 
25 17 61 36.75 
26 0 125 40.52 
28 33 392 35.63 
18 10 1750 40.52 
1 8 28 33.83 
25 11 30 20.85 
2 26 20 30.1 
30 25 1174 34.23 
35 1 620 41.88 
26 17 470 46.26 
12 2 43 28.4 
3 23 359 38.92 
21 13 133 25.42 
32 19 155 37.84 
30 28 138 32.32 
28 30 99 32.32 
6 13 140 27.12 
36 6 35 45.2 
6 5 64 31.34 
24 15 1120 43.85 
9 33 172 42.35 
4 33 336 45.63 
7 10 122 42.9 
13 0 511 42.32 
26 19 40 39.5 
17 10 84 31.24 
14 11 86 37.46 
5 0 91 52.7 
15 4 313 43.85 
29 10 54 25.3 
22 33 258 31.95 
0 13 189 42.32 
30 23 535 37.92 
29 2 1442 46.18 
17 19 39 30.73 
2 17 596 46.18 
1 33 540 37.2 
29 13 77 24.41 
36 20 77 24.26 
14 13 180 35.64 
15 33 143 42.28 
0 10 264 44.14 
15 24 206 43.85 
30 35 471 44.27 
1 35 341 41.88 
