37 114 54 
0 7 7560 23310 1 13.37 
0 13 7560 96030 1 58.61 
0 14 7560 49680 1 33.48 
0 18 7560 48600 1 32.84 
1 25 7560 122670 1 61.86 
1 30 7560 71460 1 28.76 
1 35 7560 135000 1 63.56 
2 20 7560 68400 1 37.45 
2 21 7560 45720 1 25.05 
2 29 7560 111960 1 54.68 
3 8 7560 42660 1 20.45 
3 30 7560 43830 1 23.41 
3 35 7560 49590 1 29.76 
4 9 7560 48600 1 22.36 
4 14 7560 34290 1 23.93 
4 23 7560 68130 1 30.33 
4 27 7560 37800 1 18.77 
4 34 7560 69750 1 46.49 
5 13 7560 54900 1 27.31 
5 18 7560 21510 1 15.3 
6 20 7560 75060 1 34.58 
6 21 7560 68040 1 38.36 
6 26 7560 67230 1 31.93 
7 11 7560 23760 1 18.03 
7 26 7560 35370 1 20.01 
8 16 7560 39240 1 18.63 
8 27 7560 60120 1 33.58 
9 24 7560 64980 1 29.47 
9 31 7560 69930 1 40.39 
10 13 7560 41580 1 22.22 
10 18 7560 62100 1 39.53 
11 12 7560 24750 1 16.58 
12 14 7560 53280 1 24.78 
12 23 7560 41040 1 23.74 
12 32 7560 24390 1 14.15 
15 24 7560 106380 1 83.12 
15 31 7560 53730 1 42.97 
15 34 7560 123300 1 50.57 
16 34 7560 34470 1 17.27 
17 18 7560 177930 1 90.8 
17 20 7560 67590 1 35.75 
17 29 7560 42390 1 23.35 
18 26 7560 46260 1 24.54 
19 21 7560 36990 1 18.21 
19 26 7560 53460 1 26.66 
19 36 7560 45630 1 26.91 
21 28 7560 81630 1 44.6 
22 23 7560 46980 1 24.11 
22 28 7560 64800 1 31.32 
22 36 7560 29430 1 15.46 
23 33 7560 48060 1 30.97 
25 28 7560 57420 1 25.34 
26 32 7560 54000 1 34.53 
27 33 7560 33840 1 19.07 
28 35 7560 70470 1 33.28 
32 36 7560 19620 1 12.3 
33 35 7560 36000 1 17.33 
7 0 7560 23310 1 13.37 
13 0 7560 96030 1 58.61 
14 0 7560 49680 1 33.48 
18 0 7560 48600 1 32.84 
25 1 7560 122670 1 61.86 
30 1 7560 71460 1 28.76 
35 1 7560 135000 1 63.56 
20 2 7560 68400 1 37.45 
21 2 7560 45720 1 25.05 
29 2 7560 111960 1 54.68 
8 3 7560 42660 1 20.45 
30 3 7560 43830 1 23.41 
35 3 7560 49590 1 29.76 
9 4 7560 48600 1 22.36 
14 4 7560 34290 1 23.93 
23 4 7560 68130 1 30.33 
27 4 7560 37800 1 18.77 
34 4 7560 69750 1 46.49 
13 5 7560 54900 1 27.31 
18 5 7560 21510 1 15.3 
20 6 7560 75060 1 34.58 
21 6 7560 68040 1 38.36 
26 6 7560 67230 1 31.93 
11 7 7560 23760 1 18.03 
26 7 7560 35370 1 20.01 
16 8 7560 39240 1 18.63 
27 8 7560 60120 1 33.58 
24 9 7560 64980 1 29.47 
31 9 7560 69930 1 40.39 
13 10 7560 41580 1 22.22 
18 10 7560 62100 1 39.53 
12 11 7560 24750 1 16.58 
14 12 7560 53280 1 24.78 
23 12 7560 41040 1 23.74 
32 12 7560 24390 1 14.15 
24 15 7560 106380 1 83.12 
31 15 7560 53730 1 42.97 
34 15 7560 123300 1 50.57 
34 16 7560 34470 1 17.27 
18 17 7560 177930 1 90.8 
20 17 7560 67590 1 35.75 
29 17 7560 42390 1 23.35 
26 18 7560 46260 1 24.54 
21 19 7560 36990 1 18.21 
26 19 7560 53460 1 26.66 
36 19 7560 45630 1 26.91 
28 21 7560 81630 1 44.6 
23 22 7560 46980 1 24.11 
28 22 7560 64800 1 31.32 
36 22 7560 29430 1 15.46 
33 23 7560 48060 1 30.97 
28 25 7560 57420 1 25.34 
32 26 7560 54000 1 34.53 
33 27 7560 33840 1 19.07 
35 28 7560 70470 1 33.28 
36 32 7560 19620 1 12.3 
35 33 7560 36000 1 17.33 
1 28 58 35.24 
2 23 176 17.34 
3 5 200 12.03 
17 35 757 10.76 
35 4 133 45.7 
0 26 269 40.52 
13 15 401 11.48 
6 9 452 21.98 
10 15 4907 9.31 
6 1 91 16.37 
16 13 329 13.32 
13 29 279 24.41 
12 25 470 33.51 
7 22 82 33.49 
0 33 82 23.22 
32 13 166 34 
23 22 351 24.72 
25 20 637 32.09 
24 28 1064 27.24 
36 26 1687 42.6 
3 9 1298 32.95 
6 19 114 34.24 
25 35 432 37.58 
12 6 99 41.8 
23 2 1273 17.34 
32 20 565 24.44 
16 35 181 37.9 
15 10 465 9.31 
0 5 196 52.7 
2 3 927 11.12 
11 34 752 29.51 
2 10 1259 17.2 
12 1 499 25.49 
19 13 107 29.7 
33 26 341 18.9 
19 0 1551 42.4 
26 28 757 19.4 
0 35 1599 14.85 
24 8 452 40.41 
19 31 377 33.44 
14 7 701 31.76 
33 23 679 35.13 
6 23 700 24.26 
19 16 724 16.23 
22 21 1484 41.54 
35 9 121 42.94 
33 2 114 19.34 
16 10 250 10.7 
13 26 583 44.62 
27 1 160 35.24 
9 32 36 37.78 
5 3 341 12.03 
15 30 259 36.04 
35 14 324 34.47 
