37 114 54 
0 7 7560 23310 0 13.37 
0 13 7560 96030 0 58.61 
0 14 7560 49680 0 33.48 
0 18 7560 48600 0 32.84 
1 25 7560 122670 0 61.86 
1 30 7560 71460 0 28.76 
1 35 7560 135000 0 63.56 
2 20 7560 68400 0 37.45 
2 21 7560 45720 0 25.05 
2 29 7560 111960 0 54.68 
3 8 7560 42660 0 20.45 
3 30 7560 43830 0 23.41 
3 35 7560 49590 0 29.76 
4 9 7560 48600 0 22.36 
4 14 7560 34290 0 23.93 
4 23 7560 68130 0 30.33 
4 27 7560 37800 0 18.77 
4 34 7560 69750 0 46.49 
5 13 7560 54900 0 27.31 
5 18 7560 21510 0 15.3 
6 20 7560 75060 0 34.58 
6 21 7560 68040 0 38.36 
6 26 7560 67230 0 31.93 
7 11 7560 23760 0 18.03 
7 26 7560 35370 0 20.01 
8 16 7560 39240 0 18.63 
8 27 7560 60120 0 33.58 
9 24 7560 64980 0 29.47 
9 31 7560 69930 0 40.39 
10 13 7560 41580 0 22.22 
10 18 7560 62100 0 39.53 
11 12 7560 24750 0 16.58 
12 14 7560 53280 0 24.78 
12 23 7560 41040 0 23.74 
12 32 7560 24390 0 14.15 
15 24 7560 106380 0 83.12 
15 31 7560 53730 0 42.97 
15 34 7560 123300 0 50.57 
16 34 7560 34470 0 17.27 
17 18 7560 177930 0 90.8 
17 20 7560 67590 0 35.75 
17 29 7560 42390 0 23.35 
18 26 7560 46260 0 24.54 
19 21 7560 36990 0 18.21 
19 26 7560 53460 0 26.66 
19 36 7560 45630 0 26.91 
21 28 7560 81630 0 44.6 
22 23 7560 46980 0 24.11 
22 28 7560 64800 0 31.32 
22 36 7560 29430 0 15.46 
23 33 7560 48060 0 30.97 
25 28 7560 57420 0 25.34 
26 32 7560 54000 0 34.53 
27 33 7560 33840 0 19.07 
28 35 7560 70470 0 33.28 
32 36 7560 19620 0 12.3 
33 35 7560 36000 0 17.33 
7 0 7560 23310 0 13.37 
13 0 7560 96030 0 58.61 
14 0 7560 49680 0 33.48 
18 0 7560 48600 0 32.84 
25 1 7560 122670 0 61.86 
30 1 7560 71460 0 28.76 
35 1 7560 135000 0 63.56 
20 2 7560 68400 0 37.45 
21 2 7560 45720 0 25.05 
29 2 7560 111960 0 54.68 
8 3 7560 42660 0 20.45 
30 3 7560 43830 0 23.41 
35 3 7560 49590 0 29.76 
9 4 7560 48600 0 22.36 
14 4 7560 34290 0 23.93 
23 4 7560 68130 0 30.33 
27 4 7560 37800 0 18.77 
34 4 7560 69750 0 46.49 
13 5 7560 54900 0 27.31 
18 5 7560 21510 0 15.3 
20 6 7560 75060 0 34.58 
21 6 7560 68040 0 38.36 
26 6 7560 67230 0 31.93 
11 7 7560 23760 0 18.03 
26 7 7560 35370 0 20.01 
16 8 7560 39240 0 18.63 
27 8 7560 60120 0 33.58 
24 9 7560 64980 0 29.47 
31 9 7560 69930 0 40.39 
13 10 7560 41580 0 22.22 
18 10 7560 62100 0 39.53 
12 11 7560 24750 0 16.58 
14 12 7560 53280 0 24.78 
23 12 7560 41040 0 23.74 
32 12 7560 24390 0 14.15 
24 15 7560 106380 0 83.12 
31 15 7560 53730 0 42.97 
34 15 7560 123300 0 50.57 
34 16 7560 34470 0 17.27 
18 17 7560 177930 0 90.8 
20 17 7560 67590 0 35.75 
29 17 7560 42390 0 23.35 
26 18 7560 46260 0 24.54 
21 19 7560 36990 0 18.21 
26 19 7560 53460 0 26.66 
36 19 7560 45630 0 26.91 
28 21 7560 81630 0 44.6 
23 22 7560 46980 0 24.11 
28 22 7560 64800 0 31.32 
36 22 7560 29430 0 15.46 
33 23 7560 48060 0 30.97 
28 25 7560 57420 0 25.34 
32 26 7560 54000 0 34.53 
33 27 7560 33840 0 19.07 
35 28 7560 70470 0 33.28 
36 32 7560 19620 0 12.3 
35 33 7560 36000 0 17.33 
1 28 58 70.25 
2 23 176 49.36 
3 5 200 28.98 
17 35 757 32.15 
35 4 133 75 
0 26 269 83.92 
13 15 401 29.96 
6 9 452 46.26 
10 15 4907 26.15 
6 1 91 33.53 
16 13 329 26.52 
13 29 279 57.03 
12 25 470 60.73 
7 22 82 70.51 
0 33 82 47.8 
32 13 166 70.32 
23 22 351 57.4 
25 20 637 51.3 
24 28 1064 48.78 
36 26 1687 81.88 
3 9 1298 72.95 
6 19 114 71.06 
25 35 432 63.84 
12 6 99 75.16 
23 2 1273 49.36 
32 20 565 64.86 
16 35 181 85.25 
15 10 465 26.15 
0 5 196 98.9 
2 3 927 33.96 
11 34 752 53.03 
2 10 1259 43.66 
12 1 499 55.57 
19 13 107 56.44 
33 26 341 55.4 
19 0 1551 65.12 
26 28 757 48.62 
0 35 1599 44.64 
24 8 452 84.07 
19 31 377 51.18 
14 7 701 71.27 
33 23 679 61.99 
6 23 700 58.38 
19 16 724 41.14 
22 21 1484 75.25 
35 9 121 70.86 
33 2 114 40.78 
16 10 250 25.1 
13 26 583 80.6 
27 1 160 78.18 
9 32 36 69.89 
5 3 341 28.98 
15 30 259 75.47 
35 14 324 60.6 
