37 114 163 
0 7 7560 23310 0 13.37 
0 13 7560 96030 0 58.61 
0 14 7560 49680 0 33.48 
0 18 7560 48600 0 32.84 
1 25 7560 122670 0 61.86 
1 30 7560 71460 0 28.76 
1 35 7560 135000 0 63.56 
2 20 7560 68400 0 37.45 
2 21 7560 45720 0 25.05 
2 29 7560 111960 0 54.68 
3 8 7560 42660 0 20.45 
3 30 7560 43830 0 23.41 
3 35 7560 49590 0 29.76 
4 9 7560 48600 0 22.36 
4 14 7560 34290 0 23.93 
4 23 7560 68130 0 30.33 
4 27 7560 37800 0 18.77 
4 34 7560 69750 0 46.49 
5 13 7560 54900 0 27.31 
5 18 7560 21510 0 15.3 
6 20 7560 75060 0 34.58 
6 21 7560 68040 0 38.36 
6 26 7560 67230 0 31.93 
7 11 7560 23760 0 18.03 
7 26 7560 35370 0 20.01 
8 16 7560 39240 0 18.63 
8 27 7560 60120 0 33.58 
9 24 7560 64980 0 29.47 
9 31 7560 69930 0 40.39 
10 13 7560 41580 0 22.22 
10 18 7560 62100 0 39.53 
11 12 7560 24750 0 16.58 
12 14 7560 53280 0 24.78 
12 23 7560 41040 0 23.74 
12 32 7560 24390 0 14.15 
15 24 7560 106380 0 83.12 
15 31 7560 53730 0 42.97 
15 34 7560 123300 0 50.57 
16 34 7560 34470 0 17.27 
17 18 7560 177930 0 90.8 
17 20 7560 67590 0 35.75 
17 29 7560 42390 0 23.35 
18 26 7560 46260 0 24.54 
19 21 7560 36990 0 18.21 
19 26 7560 53460 0 26.66 
19 36 7560 45630 0 26.91 
21 28 7560 81630 0 44.6 
22 23 7560 46980 0 24.11 
22 28 7560 64800 0 31.32 
22 36 7560 29430 0 15.46 
23 33 7560 48060 0 30.97 
25 28 7560 57420 0 25.34 
26 32 7560 54000 0 34.53 
27 33 7560 33840 0 19.07 
28 35 7560 70470 0 33.28 
32 36 7560 19620 0 12.3 
33 35 7560 36000 0 17.33 
7 0 7560 23310 0 13.37 
13 0 7560 96030 0 58.61 
14 0 7560 49680 0 33.48 
18 0 7560 48600 0 32.84 
25 1 7560 122670 0 61.86 
30 1 7560 71460 0 28.76 
35 1 7560 135000 0 63.56 
20 2 7560 68400 0 37.45 
21 2 7560 45720 0 25.05 
29 2 7560 111960 0 54.68 
8 3 7560 42660 0 20.45 
30 3 7560 43830 0 23.41 
35 3 7560 49590 0 29.76 
9 4 7560 48600 0 22.36 
14 4 7560 34290 0 23.93 
23 4 7560 68130 0 30.33 
27 4 7560 37800 0 18.77 
34 4 7560 69750 0 46.49 
13 5 7560 54900 0 27.31 
18 5 7560 21510 0 15.3 
20 6 7560 75060 0 34.58 
21 6 7560 68040 0 38.36 
26 6 7560 67230 0 31.93 
11 7 7560 23760 0 18.03 
26 7 7560 35370 0 20.01 
16 8 7560 39240 0 18.63 
27 8 7560 60120 0 33.58 
24 9 7560 64980 0 29.47 
31 9 7560 69930 0 40.39 
13 10 7560 41580 0 22.22 
18 10 7560 62100 0 39.53 
12 11 7560 24750 0 16.58 
14 12 7560 53280 0 24.78 
23 12 7560 41040 0 23.74 
32 12 7560 24390 0 14.15 
24 15 7560 106380 0 83.12 
31 15 7560 53730 0 42.97 
34 15 7560 123300 0 50.57 
34 16 7560 34470 0 17.27 
18 17 7560 177930 0 90.8 
20 17 7560 67590 0 35.75 
29 17 7560 42390 0 23.35 
26 18 7560 46260 0 24.54 
21 19 7560 36990 0 18.21 
26 19 7560 53460 0 26.66 
36 19 7560 45630 0 26.91 
28 21 7560 81630 0 44.6 
23 22 7560 46980 0 24.11 
28 22 7560 64800 0 31.32 
36 22 7560 29430 0 15.46 
33 23 7560 48060 0 30.97 
28 25 7560 57420 0 25.34 
32 26 7560 54000 0 34.53 
33 27 7560 33840 0 19.07 
35 28 7560 70470 0 33.28 
36 32 7560 19620 0 12.3 
35 33 7560 36000 0 17.33 
1 28 58 52.73 
2 23 176 34.02 
3 5 200 23.8 
17 35 757 21.06 
35 4 133 64.91 
0 26 269 62.84 
13 15 401 23.02 
6 9 452 33.28 
10 15 4907 19.36 
6 1 91 25.54 
16 13 329 20.54 
13 29 279 41.25 
12 25 470 46.24 
7 22 82 53.78 
0 33 82 37.29 
32 13 166 50.36 
23 22 351 37.18 
25 20 637 44.85 
24 28 1064 41.63 
36 26 1687 68.53 
3 9 1298 58.25 
6 19 114 49.44 
25 35 432 51.32 
12 6 99 57.32 
23 2 1273 34.02 
32 20 565 47.56 
16 35 181 66.64 
15 10 465 19.36 
0 5 196 80.38 
2 3 927 26.65 
11 34 752 46.62 
2 10 1259 32.69 
12 1 499 43.79 
19 13 107 46.02 
33 26 341 37.29 
19 0 1551 55.3 
26 28 757 35.62 
0 35 1599 30.04 
24 8 452 71.34 
19 31 377 42.94 
14 7 701 57.52 
33 23 679 48.47 
6 23 700 45.56 
19 16 724 27.92 
22 21 1484 57.92 
35 9 121 59.13 
33 2 114 32.74 
16 10 250 19.94 
13 26 583 63.5 
27 1 160 63.25 
9 32 36 51.7 
5 3 341 23.8 
15 30 259 60.79 
35 14 324 48.65 
35 34 126 47.7 
2 32 691 58.52 
20 12 372 40.44 
17 27 114 18.52 
15 11 551 45.64 
18 22 178 61.64 
5 10 605 69.44 
31 32 1071 43.84 
12 18 239 63.76 
16 3 883 51.07 
33 11 176 47.53 
9 22 148 51.93 
7 20 75 43.54 
19 12 321 63.22 
15 17 339 12.41 
12 13 142 63.5 
35 32 840 41.11 
9 6 242 33.28 
33 21 1732 35.26 
27 6 114 32.51 
0 11 36 58.5 
17 0 883 29.76 
23 19 861 45.56 
26 7 605 77.02 
3 29 168 17.39 
23 11 119 62.44 
30 11 958 37.2 
9 13 689 32.08 
12 36 255 61.58 
6 29 79 69.82 
8 2 107 30.23 
33 5 611 24.32 
28 10 54 24.65 
34 35 76 47.7 
17 36 205 39.07 
31 8 62 59.87 
19 18 315 55.98 
34 1 269 60.52 
21 0 77 37.96 
17 7 62 42.27 
3 4 85 59.14 
7 18 175 57.7 
26 29 112 66.34 
36 7 37 63.28 
9 26 91 51.32 
32 26 170 62.92 
6 17 149 65.2 
15 27 377 72.35 
3 36 58 55.59 
10 18 358 62.04 
29 6 753 69.82 
28 6 202 47.98 
10 36 30 42.04 
5 23 82 39.6 
8 4 398 57.92 
20 26 55 52.62 
11 22 61 52.34 
25 19 46 50.74 
17 2 762 67.42 
29 19 114 69.52 
17 5 219 50.07 
15 9 1612 78.31 
2 29 449 67.42 
35 30 1506 76.11 
25 17 61 47.08 
26 0 125 62.84 
28 33 392 52.71 
18 10 1750 62.04 
1 8 28 48.3 
25 11 30 41.24 
2 26 20 54.42 
30 25 1174 54.44 
35 1 620 68.35 
26 17 470 69.99 
12 2 43 51.3 
3 23 359 67.94 
21 13 133 42.18 
32 19 155 57.67 
30 28 138 55.11 
28 30 99 55.11 
6 13 140 41.62 
36 6 35 65.02 
6 5 64 51.3 
24 15 1120 78.31 
9 33 172 51.57 
4 33 336 58.32 
7 10 122 66.46 
13 0 511 65.42 
26 19 40 68.96 
17 10 84 50.14 
14 11 86 58.99 
5 0 91 80.38 
15 4 313 78.31 
29 10 54 34.04 
22 33 258 42.74 
0 13 189 65.42 
30 23 535 59.65 
29 2 1442 67.42 
17 19 39 54.21 
2 17 596 67.42 
1 33 540 56.82 
29 13 77 41.25 
36 20 77 48.7 
14 13 180 53.88 
15 33 143 74.49 
0 10 264 69.54 
15 24 206 78.31 
30 35 471 76.11 
1 35 341 68.35 
