37 114 81 
0 7 7560 23310 1 13.37 
0 13 7560 96030 1 58.61 
0 14 7560 49680 1 33.48 
0 18 7560 48600 1 32.84 
1 25 7560 122670 1 61.86 
1 30 7560 71460 1 28.76 
1 35 7560 135000 1 63.56 
2 20 7560 68400 1 37.45 
2 21 7560 45720 1 25.05 
2 29 7560 111960 1 54.68 
3 8 7560 42660 1 20.45 
3 30 7560 43830 1 23.41 
3 35 7560 49590 1 29.76 
4 9 7560 48600 1 22.36 
4 14 7560 34290 1 23.93 
4 23 7560 68130 1 30.33 
4 27 7560 37800 1 18.77 
4 34 7560 69750 1 46.49 
5 13 7560 54900 1 27.31 
5 18 7560 21510 1 15.3 
6 20 7560 75060 1 34.58 
6 21 7560 68040 1 38.36 
6 26 7560 67230 1 31.93 
7 11 7560 23760 1 18.03 
7 26 7560 35370 1 20.01 
8 16 7560 39240 1 18.63 
8 27 7560 60120 1 33.58 
9 24 7560 64980 1 29.47 
9 31 7560 69930 1 40.39 
10 13 7560 41580 1 22.22 
10 18 7560 62100 1 39.53 
11 12 7560 24750 1 16.58 
12 14 7560 53280 1 24.78 
12 23 7560 41040 1 23.74 
12 32 7560 24390 1 14.15 
15 24 7560 106380 1 83.12 
15 31 7560 53730 1 42.97 
15 34 7560 123300 1 50.57 
16 34 7560 34470 1 17.27 
17 18 7560 177930 1 90.8 
17 20 7560 67590 1 35.75 
17 29 7560 42390 1 23.35 
18 26 7560 46260 1 24.54 
19 21 7560 36990 1 18.21 
19 26 7560 53460 1 26.66 
19 36 7560 45630 1 26.91 
21 28 7560 81630 1 44.6 
22 23 7560 46980 1 24.11 
22 28 7560 64800 1 31.32 
22 36 7560 29430 1 15.46 
23 33 7560 48060 1 30.97 
25 28 7560 57420 1 25.34 
26 32 7560 54000 1 34.53 
27 33 7560 33840 1 19.07 
28 35 7560 70470 1 33.28 
32 36 7560 19620 1 12.3 
33 35 7560 36000 1 17.33 
7 0 7560 23310 1 13.37 
13 0 7560 96030 1 58.61 
14 0 7560 49680 1 33.48 
18 0 7560 48600 1 32.84 
25 1 7560 122670 1 61.86 
30 1 7560 71460 1 28.76 
35 1 7560 135000 1 63.56 
20 2 7560 68400 1 37.45 
21 2 7560 45720 1 25.05 
29 2 7560 111960 1 54.68 
8 3 7560 42660 1 20.45 
30 3 7560 43830 1 23.41 
35 3 7560 49590 1 29.76 
9 4 7560 48600 1 22.36 
14 4 7560 34290 1 23.93 
23 4 7560 68130 1 30.33 
27 4 7560 37800 1 18.77 
34 4 7560 69750 1 46.49 
13 5 7560 54900 1 27.31 
18 5 7560 21510 1 15.3 
20 6 7560 75060 1 34.58 
21 6 7560 68040 1 38.36 
26 6 7560 67230 1 31.93 
11 7 7560 23760 1 18.03 
26 7 7560 35370 1 20.01 
16 8 7560 39240 1 18.63 
27 8 7560 60120 1 33.58 
24 9 7560 64980 1 29.47 
31 9 7560 69930 1 40.39 
13 10 7560 41580 1 22.22 
18 10 7560 62100 1 39.53 
12 11 7560 24750 1 16.58 
14 12 7560 53280 1 24.78 
23 12 7560 41040 1 23.74 
32 12 7560 24390 1 14.15 
24 15 7560 106380 1 83.12 
31 15 7560 53730 1 42.97 
34 15 7560 123300 1 50.57 
34 16 7560 34470 1 17.27 
18 17 7560 177930 1 90.8 
20 17 7560 67590 1 35.75 
29 17 7560 42390 1 23.35 
26 18 7560 46260 1 24.54 
21 19 7560 36990 1 18.21 
26 19 7560 53460 1 26.66 
36 19 7560 45630 1 26.91 
28 21 7560 81630 1 44.6 
23 22 7560 46980 1 24.11 
28 22 7560 64800 1 31.32 
36 22 7560 29430 1 15.46 
33 23 7560 48060 1 30.97 
28 25 7560 57420 1 25.34 
32 26 7560 54000 1 34.53 
33 27 7560 33840 1 19.07 
35 28 7560 70470 1 33.28 
36 32 7560 19620 1 12.3 
35 33 7560 36000 1 17.33 
1 28 58 52.73 
2 23 176 34.02 
3 5 200 23.8 
17 35 757 21.06 
35 4 133 64.91 
0 26 269 62.84 
13 15 401 23.02 
6 9 452 33.28 
10 15 4907 19.36 
6 1 91 25.54 
16 13 329 20.54 
13 29 279 41.25 
12 25 470 46.24 
7 22 82 53.78 
0 33 82 37.29 
32 13 166 50.36 
23 22 351 37.18 
25 20 637 44.85 
24 28 1064 41.63 
36 26 1687 68.53 
3 9 1298 58.25 
6 19 114 49.44 
25 35 432 51.32 
12 6 99 57.32 
23 2 1273 34.02 
32 20 565 47.56 
16 35 181 66.64 
15 10 465 19.36 
0 5 196 80.38 
2 3 927 26.65 
11 34 752 46.62 
2 10 1259 32.69 
12 1 499 43.79 
19 13 107 46.02 
33 26 341 37.29 
19 0 1551 55.3 
26 28 757 35.62 
0 35 1599 30.04 
24 8 452 71.34 
19 31 377 42.94 
14 7 701 57.52 
33 23 679 48.47 
6 23 700 45.56 
19 16 724 27.92 
22 21 1484 57.92 
35 9 121 59.13 
33 2 114 32.74 
16 10 250 19.94 
13 26 583 63.5 
27 1 160 63.25 
9 32 36 51.7 
5 3 341 23.8 
15 30 259 60.79 
35 14 324 48.65 
35 34 126 47.7 
2 32 691 58.52 
20 12 372 40.44 
17 27 114 18.52 
15 11 551 45.64 
18 22 178 61.64 
5 10 605 69.44 
31 32 1071 43.84 
12 18 239 63.76 
16 3 883 51.07 
33 11 176 47.53 
9 22 148 51.93 
7 20 75 43.54 
19 12 321 63.22 
15 17 339 12.41 
12 13 142 63.5 
35 32 840 41.11 
9 6 242 33.28 
33 21 1732 35.26 
27 6 114 32.51 
0 11 36 58.5 
17 0 883 29.76 
23 19 861 45.56 
26 7 605 77.02 
3 29 168 17.39 
23 11 119 62.44 
30 11 958 37.2 
