39 124 96 
0 8 10000 5 1 24.82 
0 1 20000 2.5 1 11.38 
0 3 5000 10 1 8.81 
0 6 50000 1 1 10.92 
0 7 10000 5 1 42.12 
1 8 5000 10 1 21.13 
1 6 5000 10 1 13.11 
2 29 50000 1 1 10.79 
2 30 50000 1 1 28.22 
4 8 20000 2.5 1 52.78 
4 5 5000 10 1 25.76 
4 7 10000 5 1 25.57 
6 8 10000 5 1 32.34 
8 9 20000 2.5 1 17.36 
8 21 5000 10 1 24.59 
8 24 10000 5 1 21.84 
8 25 20000 2.5 1 310.25 
9 20 10000 5 1 279.56 
9 21 20000 2.5 1 32.12 
9 24 20000 2.5 1 18.05 
9 25 5000 10 1 297.24 
9 28 5000 10 1 24.68 
10 16 50000 1 1 660.25 
10 17 20000 2.5 1 143.75 
11 19 50000 1 1 35.27 
11 20 20000 2.5 1 57.59 
11 15 5000 10 1 149.61 
12 25 10000 5 1 2.42 
12 20 10000 5 1 16.74 
12 13 50000 1 1 74.3 
12 14 50000 1 1 185.08 
14 16 5000 10 1 219.96 
14 17 20000 2.5 1 583.76 
14 18 20000 2.5 1 706.94 
14 15 10000 5 1 26.07 
15 16 5000 10 1 244.51 
15 25 20000 2.5 1 193.83 
15 20 5000 10 1 207.05 
16 20 20000 2.5 1 177.76 
17 18 50000 1 1 128.91 
18 21 5000 10 1 514.03 
19 20 10000 5 1 28.11 
20 36 50000 1 1 319.87 
20 21 20000 2.5 1 311.11 
20 23 20000 2.5 1 309.3 
20 28 10000 5 1 302.61 
21 34 10000 5 1 101.63 
21 24 10000 5 1 18.55 
21 25 10000 5 1 328.6 
23 25 20000 2.5 1 326.49 
24 26 10000 5 1 18.67 
24 28 5000 10 1 9.73 
25 36 50000 1 1 337.07 
25 28 20000 2.5 1 319.77 
26 32 20000 2.5 1 40.77 
26 31 20000 2.5 1 14.59 
29 37 10000 5 1 12.94 
29 30 20000 2.5 1 17.99 
31 32 5000 10 1 26.78 
33 35 50000 1 1 25.98 
33 38 20000 2.5 1 38.4 
37 38 50000 1 1 12.65 
8 0 10000 5 1 24.82 
1 0 20000 2.5 1 11.38 
3 0 5000 10 1 8.81 
6 0 50000 1 1 10.92 
7 0 10000 5 1 42.12 
8 1 5000 10 1 21.13 
6 1 5000 10 1 13.11 
29 2 50000 1 1 10.79 
30 2 50000 1 1 28.22 
8 4 20000 2.5 1 52.78 
5 4 5000 10 1 25.76 
7 4 10000 5 1 25.57 
8 6 10000 5 1 32.34 
9 8 20000 2.5 1 17.36 
21 8 5000 10 1 24.59 
24 8 10000 5 1 21.84 
25 8 20000 2.5 1 310.25 
20 9 10000 5 1 279.56 
21 9 20000 2.5 1 32.12 
24 9 20000 2.5 1 18.05 
25 9 5000 10 1 297.24 
28 9 5000 10 1 24.68 
16 10 50000 1 1 660.25 
17 10 20000 2.5 1 143.75 
19 11 50000 1 1 35.27 
20 11 20000 2.5 1 57.59 
15 11 5000 10 1 149.61 
25 12 10000 5 1 2.42 
20 12 10000 5 1 16.74 
13 12 50000 1 1 74.3 
14 12 50000 1 1 185.08 
16 14 5000 10 1 219.96 
17 14 20000 2.5 1 583.76 
18 14 20000 2.5 1 706.94 
15 14 10000 5 1 26.07 
16 15 5000 10 1 244.51 
25 15 20000 2.5 1 193.83 
20 15 5000 10 1 207.05 
20 16 20000 2.5 1 177.76 
18 17 50000 1 1 128.91 
21 18 5000 10 1 514.03 
20 19 10000 5 1 28.11 
36 20 50000 1 1 319.87 
21 20 20000 2.5 1 311.11 
23 20 20000 2.5 1 309.3 
28 20 10000 5 1 302.61 
34 21 10000 5 1 101.63 
24 21 10000 5 1 18.55 
25 21 10000 5 1 328.6 
25 23 20000 2.5 1 326.49 
26 24 10000 5 1 18.67 
28 24 5000 10 1 9.73 
36 25 50000 1 1 337.07 
28 25 20000 2.5 1 319.77 
32 26 20000 2.5 1 40.77 
31 26 20000 2.5 1 14.59 
37 29 10000 5 1 12.94 
30 29 20000 2.5 1 17.99 
32 31 5000 10 1 26.78 
35 33 50000 1 1 25.98 
38 33 20000 2.5 1 38.4 
38 37 50000 1 1 12.65 
15 11 1000 407.35 
24 14 100 27.09 
12 11 500 112.97 
23 6 50 11.41 
8 23 100 43.19 
9 6 500 99.05 
25 7 500 32.19 
12 17 50 51.78 
24 7 1000 58.73 
1 36 100 22.54 
18 23 100 27.6 
14 36 1000 540.53 
19 11 1000 65.78 
23 12 50 217.72 
8 18 500 51.53 
36 10 1000 138.22 
21 20 500 69.26 
12 4 100 24.2 
18 7 1000 52.85 
4 24 1000 69.28 
15 23 1000 586.61 
24 18 50 44.67 
28 19 50 56.04 
9 11 100 41.09 
11 14 500 369.48 
21 36 50 27.59 
1 14 100 21.84 
10 14 100 50.03 
24 6 50 102.99 
8 36 100 43.2 
9 21 500 55.45 
28 4 500 47.04 
11 20 500 65.78 
21 17 50 32.4 
9 18 500 53.45 
21 6 1000 101.63 
4 36 100 35.72 
28 9 50 68.02 
19 21 1000 50.31 
10 6 1000 101.63 
17 1 500 99.21 
11 36 100 314.67 
23 11 50 314.67 
21 11 500 37.28 
12 0 100 29.3 
10 20 100 56.18 
17 25 50 49.21 
19 15 100 416.89 
0 23 50 20.28 
18 17 500 31.89 
19 12 1000 184.48 
4 23 1000 35.71 
14 17 500 33.4 
36 18 500 27.59 
10 0 100 108.8 
17 14 50 33.4 
11 28 50 38.79 
18 19 100 47.21 
20 9 1000 355 
17 20 500 64.2 
6 11 1000 20.1 
20 1 500 26.07 
10 28 1000 357.72 
1 20 500 26.07 
15 0 1000 20.01 
9 15 50 36.51 
11 8 100 36.84 
16 20 50 598.55 
25 11 1000 214.06 
1 25 500 29.8 
36 24 100 36.84 
28 17 500 398.06 
28 23 500 42.32 
12 10 1000 49.29 
16 1 500 26.07 
23 36 50 222.88 
23 24 1000 36.84 
6 21 1000 101.63 
36 12 100 216.74 
15 1 1000 17.31 
12 36 500 216.74 
15 6 1000 19.97 
9 7 100 41.64 
20 36 1000 82.69 
15 9 500 36.51 
9 16 500 191.87 
6 19 500 16.82 
25 28 100 58.74 
19 10 1000 119.26 
19 24 50 49.27 
6 14 500 29.04 
17 18 100 31.89 
1 9 1000 105.78 
23 21 50 27.6 
20 4 50 38.77 
1 28 500 45.62 
