39 124 290 
0 8 10000 5 0 24.82 
0 1 20000 2.5 0 11.38 
0 3 5000 10 0 8.81 
0 6 50000 1 0 10.92 
0 7 10000 5 0 42.12 
1 8 5000 10 0 21.13 
1 6 5000 10 0 13.11 
2 29 50000 1 0 10.79 
2 30 50000 1 0 28.22 
4 8 20000 2.5 0 52.78 
4 5 5000 10 0 25.76 
4 7 10000 5 0 25.57 
6 8 10000 5 0 32.34 
8 9 20000 2.5 0 17.36 
8 21 5000 10 0 24.59 
8 24 10000 5 0 21.84 
8 25 20000 2.5 0 310.25 
9 20 10000 5 0 279.56 
9 21 20000 2.5 0 32.12 
9 24 20000 2.5 0 18.05 
9 25 5000 10 0 297.24 
9 28 5000 10 0 24.68 
10 16 50000 1 0 660.25 
10 17 20000 2.5 0 143.75 
11 19 50000 1 0 35.27 
11 20 20000 2.5 0 57.59 
11 15 5000 10 0 149.61 
12 25 10000 5 0 2.42 
12 20 10000 5 0 16.74 
12 13 50000 1 0 74.3 
12 14 50000 1 0 185.08 
14 16 5000 10 0 219.96 
14 17 20000 2.5 0 583.76 
14 18 20000 2.5 0 706.94 
14 15 10000 5 0 26.07 
15 16 5000 10 0 244.51 
15 25 20000 2.5 0 193.83 
15 20 5000 10 0 207.05 
16 20 20000 2.5 0 177.76 
17 18 50000 1 0 128.91 
18 21 5000 10 0 514.03 
19 20 10000 5 0 28.11 
20 36 50000 1 0 319.87 
20 21 20000 2.5 0 311.11 
20 23 20000 2.5 0 309.3 
20 28 10000 5 0 302.61 
21 34 10000 5 0 101.63 
21 24 10000 5 0 18.55 
21 25 10000 5 0 328.6 
23 25 20000 2.5 0 326.49 
24 26 10000 5 0 18.67 
24 28 5000 10 0 9.73 
25 36 50000 1 0 337.07 
25 28 20000 2.5 0 319.77 
26 32 20000 2.5 0 40.77 
26 31 20000 2.5 0 14.59 
29 37 10000 5 0 12.94 
29 30 20000 2.5 0 17.99 
31 32 5000 10 0 26.78 
33 35 50000 1 0 25.98 
33 38 20000 2.5 0 38.4 
37 38 50000 1 0 12.65 
8 0 10000 5 0 24.82 
1 0 20000 2.5 0 11.38 
3 0 5000 10 0 8.81 
6 0 50000 1 0 10.92 
7 0 10000 5 0 42.12 
8 1 5000 10 0 21.13 
6 1 5000 10 0 13.11 
29 2 50000 1 0 10.79 
30 2 50000 1 0 28.22 
8 4 20000 2.5 0 52.78 
5 4 5000 10 0 25.76 
7 4 10000 5 0 25.57 
8 6 10000 5 0 32.34 
9 8 20000 2.5 0 17.36 
21 8 5000 10 0 24.59 
24 8 10000 5 0 21.84 
25 8 20000 2.5 0 310.25 
20 9 10000 5 0 279.56 
21 9 20000 2.5 0 32.12 
24 9 20000 2.5 0 18.05 
25 9 5000 10 0 297.24 
28 9 5000 10 0 24.68 
16 10 50000 1 0 660.25 
17 10 20000 2.5 0 143.75 
19 11 50000 1 0 35.27 
20 11 20000 2.5 0 57.59 
15 11 5000 10 0 149.61 
25 12 10000 5 0 2.42 
20 12 10000 5 0 16.74 
13 12 50000 1 0 74.3 
14 12 50000 1 0 185.08 
16 14 5000 10 0 219.96 
17 14 20000 2.5 0 583.76 
18 14 20000 2.5 0 706.94 
15 14 10000 5 0 26.07 
16 15 5000 10 0 244.51 
25 15 20000 2.5 0 193.83 
20 15 5000 10 0 207.05 
20 16 20000 2.5 0 177.76 
18 17 50000 1 0 128.91 
21 18 5000 10 0 514.03 
20 19 10000 5 0 28.11 
36 20 50000 1 0 319.87 
21 20 20000 2.5 0 311.11 
23 20 20000 2.5 0 309.3 
28 20 10000 5 0 302.61 
34 21 10000 5 0 101.63 
24 21 10000 5 0 18.55 
25 21 10000 5 0 328.6 
25 23 20000 2.5 0 326.49 
26 24 10000 5 0 18.67 
28 24 5000 10 0 9.73 
36 25 50000 1 0 337.07 
28 25 20000 2.5 0 319.77 
32 26 20000 2.5 0 40.77 
31 26 20000 2.5 0 14.59 
37 29 10000 5 0 12.94 
30 29 20000 2.5 0 17.99 
32 31 5000 10 0 26.78 
35 33 50000 1 0 25.98 
38 33 20000 2.5 0 38.4 
38 37 50000 1 0 12.65 
15 11 1000 407.35 
24 14 100 27.09 
12 11 500 112.97 
23 6 50 11.41 
8 23 100 43.19 
9 6 500 99.05 
25 7 500 32.19 
12 17 50 51.78 
24 7 1000 58.73 
1 36 100 22.54 
18 23 100 27.6 
14 36 1000 540.53 
19 11 1000 65.78 
23 12 50 217.72 
8 18 500 51.53 
36 10 1000 138.22 
21 20 500 69.26 
12 4 100 24.2 
18 7 1000 52.85 
4 24 1000 69.28 
15 23 1000 586.61 
24 18 50 44.67 
28 19 50 56.04 
9 11 100 41.09 
11 14 500 369.48 
21 36 50 27.59 
1 14 100 21.84 
10 14 100 50.03 
24 6 50 102.99 
8 36 100 43.2 
9 21 500 55.45 
28 4 500 47.04 
11 20 500 65.78 
21 17 50 32.4 
9 18 500 53.45 
21 6 1000 101.63 
4 36 100 35.72 
28 9 50 68.02 
19 21 1000 50.31 
10 6 1000 101.63 
17 1 500 99.21 
11 36 100 314.67 
23 11 50 314.67 
21 11 500 37.28 
12 0 100 29.3 
10 20 100 56.18 
17 25 50 49.21 
19 15 100 416.89 
0 23 50 20.28 
18 17 500 31.89 
19 12 1000 184.48 
4 23 1000 35.71 
14 17 500 33.4 
36 18 500 27.59 
10 0 100 108.8 
17 14 50 33.4 
11 28 50 38.79 
18 19 100 47.21 
20 9 1000 355 
17 20 500 64.2 
6 11 1000 20.1 
20 1 500 26.07 
10 28 1000 357.72 
1 20 500 26.07 
15 0 1000 20.01 
9 15 50 36.51 
11 8 100 36.84 
16 20 50 598.55 
25 11 1000 214.06 
1 25 500 29.8 
36 24 100 36.84 
28 17 500 398.06 
28 23 500 42.32 
12 10 1000 49.29 
16 1 500 26.07 
23 36 50 222.88 
23 24 1000 36.84 
6 21 1000 101.63 
36 12 100 216.74 
15 1 1000 17.31 
12 36 500 216.74 
15 6 1000 19.97 
9 7 100 41.64 
20 36 1000 82.69 
15 9 500 36.51 
9 16 500 191.87 
6 19 500 16.82 
25 28 100 58.74 
19 10 1000 119.26 
19 24 50 49.27 
6 14 500 29.04 
17 18 100 31.89 
1 9 1000 105.78 
23 21 50 27.6 
20 4 50 38.77 
1 28 500 45.62 
25 6 1000 35.25 
7 25 100 32.19 
21 15 1000 23.31 
11 15 1000 407.35 
8 25 50 48.33 
23 4 500 35.71 
36 4 1000 35.72 
36 9 1000 40.93 
28 12 500 55.57 
1 17 1000 99.21 
18 16 500 67.94 
4 17 500 63.78 
28 0 100 43.83 
21 0 50 108.8 
7 14 1000 24.5 
20 12 100 52.56 
18 14 1000 31.89 
21 10 100 55.24 
16 11 50 579.76 
23 18 500 27.6 
16 17 50 103.17 
6 15 1000 19.97 
36 16 100 367.6 
9 28 1000 68.02 
24 10 500 80.22 
4 15 1000 21.3 
9 24 50 66.26 
24 23 50 36.84 
18 1 1000 99.21 
12 14 500 176.98 
15 21 50 23.31 
28 8 1000 574.29 
17 0 100 108.8 
20 17 500 64.2 
14 23 50 540.53 
16 12 1000 356.94 
7 23 1000 17.81 
20 14 500 244.18 
18 21 1000 26.67 
0 18 100 108.8 
8 11 50 36.84 
28 14 50 31.82 
10 21 1000 55.24 
19 1 1000 26.07 
19 0 50 21.3 
20 11 500 65.78 
25 8 500 48.33 
21 28 500 570.7 
14 15 100 414.64 
4 10 50 63.78 
7 16 50 21.34 
24 4 100 69.28 
14 25 500 239.13 
28 20 100 67.7 
28 15 500 35.63 
9 14 50 37.11 
7 19 50 21.34 
0 15 100 20.01 
24 36 50 36.84 
36 21 50 27.59 
15 24 500 21.89 
9 0 100 98.51 
8 28 1000 574.29 
0 20 50 21.3 
7 10 50 52.85 
14 24 1000 27.09 
8 16 100 57.07 
4 25 50 23.37 
16 14 50 366.51 
28 24 1000 42.32 
11 1 50 21.47 
36 23 500 222.88 
9 17 50 51.67 
24 15 100 21.89 
6 9 50 99.05 
16 36 500 367.6 
16 28 100 67.7 
11 12 500 112.97 
11 7 100 22.35 
23 20 100 82.69 
14 11 50 369.48 
1 19 500 26.07 
4 11 100 26.27 
18 24 100 44.67 
10 12 1000 49.29 
14 8 1000 26.55 
25 24 50 59.29 
25 21 50 54.77 
6 24 100 102.99 
14 10 100 50.03 
16 24 50 65.63 
8 14 100 26.55 
19 14 1000 379.44 
23 25 500 82.69 
0 11 50 21.3 
9 36 500 40.93 
1 18 500 99.21 
1 11 50 21.47 
25 14 50 239.13 
10 36 100 138.22 
15 28 100 35.63 
24 25 1000 59.29 
12 6 100 32.61 
6 17 50 101.63 
15 25 500 62.76 
7 11 500 22.35 
15 16 500 392.72 
28 25 1000 58.74 
0 24 100 109.83 
21 18 50 26.67 
6 28 500 46.19 
23 17 100 149.01 
0 16 50 21.3 
19 36 50 261.45 
28 11 500 38.79 
23 19 50 261.78 
8 9 100 78.68 
15 8 50 22.15 
10 23 50 138.23 
4 19 50 36.87 
15 7 50 17.12 
16 9 50 191.87 
11 24 500 42.05 
9 4 100 60.19 
28 21 50 570.7 
11 6 100 20.1 
14 19 1000 379.44 
0 9 100 98.51 
17 12 100 51.78 
15 36 500 584.95 
6 25 100 35.25 
23 15 50 586.61 
18 28 1000 570.7 
24 21 1000 44.67 
11 16 50 579.76 
10 25 50 49.33 
25 20 1000 74.27 
8 24 100 57.78 
11 10 100 135.87 
21 9 50 55.45 
23 14 100 540.53 
15 19 50 416.89 
25 9 100 337.94 
28 36 50 42.32 
0 25 500 28.03 
20 8 1000 57.07 
12 28 50 55.57 
18 11 50 42.06 
9 8 50 78.68 
8 21 100 51.53 
9 25 50 337.94 
0 10 50 108.8 
36 28 50 42.32 
8 10 50 58.74 
9 23 100 40.92 
19 16 50 589.53 
11 19 100 65.78 
10 9 100 75.04 
23 8 100 43.19 
19 9 100 59.4 
14 18 500 31.89 
11 21 50 37.28 
17 6 50 101.63 
24 20 50 65.63 
20 25 1000 74.27 
21 8 500 51.53 
24 19 500 49.27 
21 23 1000 27.6 
23 28 1000 42.32 
20 24 50 65.63 
16 19 100 589.53 
24 9 100 66.26 
23 10 100 138.23 
10 15 50 215.79 
23 9 50 40.92 
12 19 50 184.48 
17 28 50 398.06 
19 25 1000 227.06 
12 23 50 217.72 
17 8 50 55.2 
9 20 50 355 
36 8 50 43.2 
19 8 100 52.59 
9 19 500 59.4 
24 11 500 42.05 
21 19 50 50.31 
20 21 100 69.26 
14 16 100 366.51 
21 24 500 44.67 
11 9 50 41.09 
24 8 100 57.78 
8 19 500 52.59 
28 10 100 357.72 
11 25 1000 214.06 
