39 124 96 
0 8 10000 5 1 24.82 
0 1 20000 2.5 1 11.38 
0 3 5000 10 1 8.81 
0 6 50000 1 1 10.92 
0 7 10000 5 1 42.12 
1 8 5000 10 1 21.13 
1 6 5000 10 1 13.11 
2 29 50000 1 1 10.79 
2 30 50000 1 1 28.22 
4 8 20000 2.5 1 52.78 
4 5 5000 10 1 25.76 
4 7 10000 5 1 25.57 
6 8 10000 5 1 32.34 
8 9 20000 2.5 1 17.36 
8 21 5000 10 1 24.59 
8 24 10000 5 1 21.84 
8 25 20000 2.5 1 310.25 
9 20 10000 5 1 279.56 
9 21 20000 2.5 1 32.12 
9 24 20000 2.5 1 18.05 
9 25 5000 10 1 297.24 
9 28 5000 10 1 24.68 
10 16 50000 1 1 660.25 
10 17 20000 2.5 1 143.75 
11 19 50000 1 1 35.27 
11 20 20000 2.5 1 57.59 
11 15 5000 10 1 149.61 
12 25 10000 5 1 2.42 
12 20 10000 5 1 16.74 
12 13 50000 1 1 74.3 
12 14 50000 1 1 185.08 
14 16 5000 10 1 219.96 
14 17 20000 2.5 1 583.76 
14 18 20000 2.5 1 706.94 
14 15 10000 5 1 26.07 
15 16 5000 10 1 244.51 
15 25 20000 2.5 1 193.83 
15 20 5000 10 1 207.05 
16 20 20000 2.5 1 177.76 
17 18 50000 1 1 128.91 
18 21 5000 10 1 514.03 
19 20 10000 5 1 28.11 
20 36 50000 1 1 319.87 
20 21 20000 2.5 1 311.11 
20 23 20000 2.5 1 309.3 
20 28 10000 5 1 302.61 
21 34 10000 5 1 101.63 
21 24 10000 5 1 18.55 
21 25 10000 5 1 328.6 
23 25 20000 2.5 1 326.49 
24 26 10000 5 1 18.67 
24 28 5000 10 1 9.73 
25 36 50000 1 1 337.07 
25 28 20000 2.5 1 319.77 
26 32 20000 2.5 1 40.77 
26 31 20000 2.5 1 14.59 
29 37 10000 5 1 12.94 
29 30 20000 2.5 1 17.99 
31 32 5000 10 1 26.78 
33 35 50000 1 1 25.98 
33 38 20000 2.5 1 38.4 
37 38 50000 1 1 12.65 
8 0 10000 5 1 24.82 
1 0 20000 2.5 1 11.38 
3 0 5000 10 1 8.81 
6 0 50000 1 1 10.92 
7 0 10000 5 1 42.12 
8 1 5000 10 1 21.13 
6 1 5000 10 1 13.11 
29 2 50000 1 1 10.79 
30 2 50000 1 1 28.22 
8 4 20000 2.5 1 52.78 
5 4 5000 10 1 25.76 
7 4 10000 5 1 25.57 
8 6 10000 5 1 32.34 
9 8 20000 2.5 1 17.36 
21 8 5000 10 1 24.59 
24 8 10000 5 1 21.84 
25 8 20000 2.5 1 310.25 
20 9 10000 5 1 279.56 
21 9 20000 2.5 1 32.12 
24 9 20000 2.5 1 18.05 
25 9 5000 10 1 297.24 
28 9 5000 10 1 24.68 
16 10 50000 1 1 660.25 
17 10 20000 2.5 1 143.75 
19 11 50000 1 1 35.27 
20 11 20000 2.5 1 57.59 
15 11 5000 10 1 149.61 
25 12 10000 5 1 2.42 
20 12 10000 5 1 16.74 
13 12 50000 1 1 74.3 
14 12 50000 1 1 185.08 
16 14 5000 10 1 219.96 
17 14 20000 2.5 1 583.76 
18 14 20000 2.5 1 706.94 
15 14 10000 5 1 26.07 
16 15 5000 10 1 244.51 
25 15 20000 2.5 1 193.83 
20 15 5000 10 1 207.05 
20 16 20000 2.5 1 177.76 
18 17 50000 1 1 128.91 
21 18 5000 10 1 514.03 
20 19 10000 5 1 28.11 
36 20 50000 1 1 319.87 
21 20 20000 2.5 1 311.11 
23 20 20000 2.5 1 309.3 
28 20 10000 5 1 302.61 
34 21 10000 5 1 101.63 
24 21 10000 5 1 18.55 
25 21 10000 5 1 328.6 
25 23 20000 2.5 1 326.49 
26 24 10000 5 1 18.67 
28 24 5000 10 1 9.73 
36 25 50000 1 1 337.07 
28 25 20000 2.5 1 319.77 
32 26 20000 2.5 1 40.77 
31 26 20000 2.5 1 14.59 
37 29 10000 5 1 12.94 
30 29 20000 2.5 1 17.99 
32 31 5000 10 1 26.78 
35 33 50000 1 1 25.98 
38 33 20000 2.5 1 38.4 
38 37 50000 1 1 12.65 
15 11 1000 395.57 
24 14 100 19.27 
12 11 500 101.71 
23 6 50 7.82 
8 23 100 35.33 
9 6 500 23.2 
25 7 500 26.17 
12 17 50 44.24 
24 7 1000 35.34 
1 36 100 18.06 
18 23 100 20.69 
14 36 1000 519.25 
19 11 1000 60.73 
23 12 50 212.04 
8 18 500 33.57 
36 10 1000 122.28 
21 20 500 43.25 
12 4 100 18.82 
18 7 1000 32.01 
4 24 1000 42.17 
15 23 1000 571.4 
24 18 50 37.9 
28 19 50 43.45 
9 11 100 27.88 
11 14 500 355.26 
21 36 50 20.69 
1 14 100 15.07 
10 14 100 44.83 
24 6 50 46.08 
8 36 100 35.34 
9 21 500 49.21 
28 4 500 32.01 
11 20 500 60.73 
21 17 50 23.48 
9 18 500 48.88 
21 6 1000 36.99 
4 36 100 31.37 
28 9 50 63.05 
19 21 1000 34.85 
10 6 1000 36.99 
17 1 500 38.89 
11 36 100 304.15 
23 11 50 304.15 
21 11 500 31.37 
12 0 100 23.49 
10 20 100 42.19 
17 25 50 44.09 
19 15 100 411.59 
0 23 50 14.09 
18 17 500 26.84 
19 12 1000 175.92 
4 23 1000 31.36 
14 17 500 27.92 
36 18 500 20.69 
10 0 100 38.89 
17 14 50 27.92 
11 28 50 33 
18 19 100 32.39 
20 9 1000 42.5 
17 20 500 41.45 
6 11 1000 16.97 
20 1 500 21.3 
10 28 1000 338.2 
1 20 500 21.3 
15 0 1000 14.84 
9 15 50 31.31 
11 8 100 24.78 
16 20 50 588.72 
25 11 1000 203.29 
1 25 500 22.84 
36 24 100 25.96 
28 17 500 393.33 
28 23 500 34.11 
12 10 1000 25.21 
16 1 500 21.3 
23 36 50 215.56 
23 24 1000 25.95 
6 21 1000 36.99 
36 12 100 208.07 
15 1 1000 12.65 
12 36 500 208.07 
15 6 1000 16.97 
9 7 100 25.28 
20 36 1000 69.26 
15 9 500 31.31 
9 16 500 42.5 
6 19 500 10.21 
25 28 100 39.26 
19 10 1000 103.13 
19 24 50 33 
6 14 500 24.71 
17 18 100 26.84 
1 9 1000 35.64 
23 21 50 20.69 
20 4 50 31.9 
1 28 500 31.89 
