39 124 290 
0 8 10000 5 0 24.82 
0 1 20000 2.5 0 11.38 
0 3 5000 10 0 8.81 
0 6 50000 1 0 10.92 
0 7 10000 5 0 42.12 
1 8 5000 10 0 21.13 
1 6 5000 10 0 13.11 
2 29 50000 1 0 10.79 
2 30 50000 1 0 28.22 
4 8 20000 2.5 0 52.78 
4 5 5000 10 0 25.76 
4 7 10000 5 0 25.57 
6 8 10000 5 0 32.34 
8 9 20000 2.5 0 17.36 
8 21 5000 10 0 24.59 
8 24 10000 5 0 21.84 
8 25 20000 2.5 0 310.25 
9 20 10000 5 0 279.56 
9 21 20000 2.5 0 32.12 
9 24 20000 2.5 0 18.05 
9 25 5000 10 0 297.24 
9 28 5000 10 0 24.68 
10 16 50000 1 0 660.25 
10 17 20000 2.5 0 143.75 
11 19 50000 1 0 35.27 
11 20 20000 2.5 0 57.59 
11 15 5000 10 0 149.61 
12 25 10000 5 0 2.42 
12 20 10000 5 0 16.74 
12 13 50000 1 0 74.3 
12 14 50000 1 0 185.08 
14 16 5000 10 0 219.96 
14 17 20000 2.5 0 583.76 
14 18 20000 2.5 0 706.94 
14 15 10000 5 0 26.07 
15 16 5000 10 0 244.51 
15 25 20000 2.5 0 193.83 
15 20 5000 10 0 207.05 
16 20 20000 2.5 0 177.76 
17 18 50000 1 0 128.91 
18 21 5000 10 0 514.03 
19 20 10000 5 0 28.11 
20 36 50000 1 0 319.87 
20 21 20000 2.5 0 311.11 
20 23 20000 2.5 0 309.3 
20 28 10000 5 0 302.61 
21 34 10000 5 0 101.63 
21 24 10000 5 0 18.55 
21 25 10000 5 0 328.6 
23 25 20000 2.5 0 326.49 
24 26 10000 5 0 18.67 
24 28 5000 10 0 9.73 
25 36 50000 1 0 337.07 
25 28 20000 2.5 0 319.77 
26 32 20000 2.5 0 40.77 
26 31 20000 2.5 0 14.59 
29 37 10000 5 0 12.94 
29 30 20000 2.5 0 17.99 
31 32 5000 10 0 26.78 
33 35 50000 1 0 25.98 
33 38 20000 2.5 0 38.4 
37 38 50000 1 0 12.65 
8 0 10000 5 0 24.82 
1 0 20000 2.5 0 11.38 
3 0 5000 10 0 8.81 
6 0 50000 1 0 10.92 
7 0 10000 5 0 42.12 
8 1 5000 10 0 21.13 
6 1 5000 10 0 13.11 
29 2 50000 1 0 10.79 
30 2 50000 1 0 28.22 
8 4 20000 2.5 0 52.78 
5 4 5000 10 0 25.76 
7 4 10000 5 0 25.57 
8 6 10000 5 0 32.34 
9 8 20000 2.5 0 17.36 
21 8 5000 10 0 24.59 
24 8 10000 5 0 21.84 
25 8 20000 2.5 0 310.25 
20 9 10000 5 0 279.56 
21 9 20000 2.5 0 32.12 
24 9 20000 2.5 0 18.05 
25 9 5000 10 0 297.24 
28 9 5000 10 0 24.68 
16 10 50000 1 0 660.25 
17 10 20000 2.5 0 143.75 
19 11 50000 1 0 35.27 
20 11 20000 2.5 0 57.59 
15 11 5000 10 0 149.61 
25 12 10000 5 0 2.42 
20 12 10000 5 0 16.74 
13 12 50000 1 0 74.3 
14 12 50000 1 0 185.08 
16 14 5000 10 0 219.96 
17 14 20000 2.5 0 583.76 
18 14 20000 2.5 0 706.94 
15 14 10000 5 0 26.07 
16 15 5000 10 0 244.51 
25 15 20000 2.5 0 193.83 
20 15 5000 10 0 207.05 
20 16 20000 2.5 0 177.76 
18 17 50000 1 0 128.91 
21 18 5000 10 0 514.03 
20 19 10000 5 0 28.11 
36 20 50000 1 0 319.87 
21 20 20000 2.5 0 311.11 
23 20 20000 2.5 0 309.3 
28 20 10000 5 0 302.61 
34 21 10000 5 0 101.63 
24 21 10000 5 0 18.55 
25 21 10000 5 0 328.6 
25 23 20000 2.5 0 326.49 
26 24 10000 5 0 18.67 
28 24 5000 10 0 9.73 
36 25 50000 1 0 337.07 
28 25 20000 2.5 0 319.77 
32 26 20000 2.5 0 40.77 
31 26 20000 2.5 0 14.59 
37 29 10000 5 0 12.94 
30 29 20000 2.5 0 17.99 
32 31 5000 10 0 26.78 
35 33 50000 1 0 25.98 
38 33 20000 2.5 0 38.4 
38 37 50000 1 0 12.65 
15 11 1000 372.94 
24 14 100 10.16 
12 11 500 93.28 
23 6 50 4.84 
8 23 100 20.48 
9 6 500 11.09 
25 7 500 17.61 
12 17 50 21.15 
24 7 1000 16.59 
1 36 100 11.2 
18 23 100 9.83 
14 36 1000 350.42 
19 11 1000 50.57 
23 12 50 191.62 
8 18 500 15.01 
36 10 1000 114.97 
21 20 500 20.72 
12 4 100 8.07 
18 7 1000 16.36 
4 24 1000 19.18 
15 23 1000 551.66 
24 18 50 34.08 
28 19 50 22.3 
9 11 100 16.84 
11 14 500 234.91 
21 36 50 9.83 
1 14 100 9.87 
10 14 100 27.54 
24 6 50 22.99 
8 36 100 20.48 
9 21 500 21.45 
28 4 500 18.44 
11 20 500 50.57 
21 17 50 18.11 
9 18 500 21.45 
21 6 1000 18.94 
4 36 100 19.28 
28 9 50 36.65 
19 21 1000 20.72 
10 6 1000 18.94 
17 1 500 17.13 
11 36 100 216.74 
23 11 50 216.74 
21 11 500 21.03 
12 0 100 16.92 
10 20 100 16.42 
17 25 50 21.15 
19 15 100 394.05 
0 23 50 7.69 
18 17 500 21.05 
19 12 1000 158.38 
4 23 1000 19.28 
14 17 500 19.3 
36 18 500 9.83 
10 0 100 17.13 
17 14 50 19.3 
11 28 50 16.19 
18 19 100 20.72 
20 9 1000 22.65 
17 20 500 27.46 
6 11 1000 13.36 
20 1 500 14.31 
10 28 1000 311.95 
1 20 500 14.31 
15 0 1000 8.69 
9 15 50 17.78 
11 8 100 11.94 
16 20 50 572.45 
25 11 1000 189.69 
1 25 500 14.58 
36 24 100 13.58 
28 17 500 387.39 
28 23 500 24.88 
12 10 1000 14.01 
16 1 500 14.31 
23 36 50 169.98 
23 24 1000 13.57 
6 21 1000 18.94 
36 12 100 191.61 
15 1 1000 4.94 
12 36 500 191.61 
15 6 1000 6.74 
9 7 100 15.65 
20 36 1000 52.9 
15 9 500 17.78 
9 16 500 22.65 
6 19 500 5.88 
25 28 100 32.47 
19 10 1000 82.01 
19 24 50 17.83 
6 14 500 17.69 
17 18 100 21.05 
1 9 1000 19.84 
23 21 50 9.83 
20 4 50 16.36 
1 28 500 14.08 
25 6 1000 19.19 
7 25 100 17.61 
21 15 1000 10.4 
11 15 1000 372.94 
8 25 50 15.04 
23 4 500 19.28 
36 4 1000 19.28 
36 9 1000 19.04 
28 12 500 29.3 
1 17 1000 17.13 
18 16 500 28.52 
4 17 500 18.62 
28 0 100 13.57 
21 0 50 17.13 
7 14 1000 13.85 
20 12 100 28.62 
18 14 1000 21.05 
21 10 100 19.45 
16 11 50 235.81 
23 18 500 9.83 
16 17 50 62.79 
6 15 1000 6.74 
36 16 100 32.53 
9 28 1000 36.65 
24 10 500 41.63 
4 15 1000 14.73 
9 24 50 27.35 
24 23 50 13.57 
18 1 1000 17.13 
12 14 500 154.45 
15 21 50 10.4 
28 8 1000 539.12 
17 0 100 17.13 
20 17 500 27.46 
14 23 50 350.42 
16 12 1000 328.32 
7 23 1000 7.69 
20 14 500 217.19 
18 21 1000 10.88 
0 18 100 17.13 
8 11 50 11.94 
28 14 50 5.94 
10 21 1000 19.45 
19 1 1000 14.31 
19 0 50 9.21 
20 11 500 50.57 
25 8 500 15.04 
21 28 500 559.21 
14 15 100 406.22 
4 10 50 18.62 
7 16 50 9.96 
24 4 100 19.18 
14 25 500 201.28 
28 20 100 26.25 
28 15 500 19.74 
9 14 50 20.75 
7 19 50 9.96 
0 15 100 8.69 
24 36 50 13.58 
36 21 50 9.83 
15 24 500 5.53 
9 0 100 18.26 
8 28 1000 539.12 
0 20 50 9.21 
7 10 50 16.36 
14 24 1000 10.16 
8 16 100 25.85 
4 25 50 8.32 
16 14 50 336.26 
28 24 1000 23.37 
11 1 50 6.86 
36 23 500 169.98 
9 17 50 24.96 
24 15 100 5.53 
6 9 50 11.09 
16 36 500 32.53 
16 28 100 26.25 
11 12 500 93.28 
11 7 100 13.57 
23 20 100 52.9 
14 11 50 234.91 
1 19 500 14.31 
4 11 100 8.53 
18 24 100 34.08 
10 12 1000 14.01 
14 8 1000 6.59 
25 24 50 18.84 
25 21 50 16.16 
6 24 100 22.99 
14 10 100 27.54 
16 24 50 18.41 
8 14 100 6.59 
19 14 1000 223.33 
23 25 500 52.9 
0 11 50 10.57 
9 36 500 19.04 
1 18 500 17.13 
1 11 50 6.86 
25 14 50 201.28 
10 36 100 114.97 
15 28 100 19.74 
24 25 1000 18.84 
12 6 100 17.69 
6 17 50 18.94 
15 25 500 45.58 
7 11 500 13.57 
15 16 500 370.24 
28 25 1000 32.47 
0 24 100 20.91 
21 18 50 10.88 
6 28 500 16.03 
23 17 100 127.81 
0 16 50 9.21 
19 36 50 180.38 
28 11 500 16.19 
23 19 50 180.39 
8 9 100 40.96 
15 8 50 14.73 
10 23 50 114.98 
4 19 50 16.36 
15 7 50 7.14 
16 9 50 22.65 
11 24 500 20.9 
9 4 100 26.24 
28 21 50 559.21 
11 6 100 13.36 
14 19 1000 223.33 
0 9 100 18.26 
17 12 100 21.15 
15 36 500 551.65 
6 25 100 19.19 
23 15 50 551.66 
18 28 1000 559.21 
24 21 1000 34.08 
11 16 50 235.81 
10 25 50 15.68 
25 20 1000 50.57 
8 24 100 21.46 
11 10 100 111.42 
21 9 50 21.45 
23 14 100 350.42 
15 19 50 394.05 
25 9 100 17.78 
28 36 50 24.89 
0 25 500 16.82 
20 8 1000 25.85 
12 28 50 29.3 
18 11 50 22.53 
9 8 50 40.96 
8 21 100 15.01 
9 25 50 17.78 
0 10 50 17.13 
36 28 50 24.89 
8 10 50 22.66 
9 23 100 19.03 
19 16 50 90.02 
11 19 100 50.57 
10 9 100 39.42 
23 8 100 20.48 
19 9 100 28.09 
14 18 500 21.05 
11 21 50 21.03 
17 6 50 18.94 
24 20 50 18.41 
20 25 1000 50.57 
21 8 500 15.01 
24 19 500 17.83 
21 23 1000 9.83 
23 28 1000 24.88 
20 24 50 18.41 
16 19 100 90.02 
24 9 100 27.35 
23 10 100 114.98 
10 15 50 196.16 
23 9 50 19.03 
12 19 50 158.38 
17 28 50 387.39 
19 25 1000 195.9 
12 23 50 191.62 
17 8 50 35.42 
9 20 50 22.65 
36 8 50 20.48 
19 8 100 22.53 
9 19 500 28.09 
24 11 500 20.9 
21 19 50 20.72 
20 21 100 20.72 
14 16 100 336.26 
21 24 500 34.08 
11 9 50 16.84 
24 8 100 21.46 
8 19 500 22.53 
28 10 100 311.95 
11 25 1000 189.69 
