39 124 290 
0 8 10000 5 0 24.82 
0 1 20000 2.5 0 11.38 
0 3 5000 10 0 8.81 
0 6 50000 1 0 10.92 
0 7 10000 5 0 42.12 
1 8 5000 10 0 21.13 
1 6 5000 10 0 13.11 
2 29 50000 1 0 10.79 
2 30 50000 1 0 28.22 
4 8 20000 2.5 0 52.78 
4 5 5000 10 0 25.76 
4 7 10000 5 0 25.57 
6 8 10000 5 0 32.34 
8 9 20000 2.5 0 17.36 
8 21 5000 10 0 24.59 
8 24 10000 5 0 21.84 
8 25 20000 2.5 0 310.25 
9 20 10000 5 0 279.56 
9 21 20000 2.5 0 32.12 
9 24 20000 2.5 0 18.05 
9 25 5000 10 0 297.24 
9 28 5000 10 0 24.68 
10 16 50000 1 0 660.25 
10 17 20000 2.5 0 143.75 
11 19 50000 1 0 35.27 
11 20 20000 2.5 0 57.59 
11 15 5000 10 0 149.61 
12 25 10000 5 0 2.42 
12 20 10000 5 0 16.74 
12 13 50000 1 0 74.3 
12 14 50000 1 0 185.08 
14 16 5000 10 0 219.96 
14 17 20000 2.5 0 583.76 
14 18 20000 2.5 0 706.94 
14 15 10000 5 0 26.07 
15 16 5000 10 0 244.51 
15 25 20000 2.5 0 193.83 
15 20 5000 10 0 207.05 
16 20 20000 2.5 0 177.76 
17 18 50000 1 0 128.91 
18 21 5000 10 0 514.03 
19 20 10000 5 0 28.11 
20 36 50000 1 0 319.87 
20 21 20000 2.5 0 311.11 
20 23 20000 2.5 0 309.3 
20 28 10000 5 0 302.61 
21 34 10000 5 0 101.63 
21 24 10000 5 0 18.55 
21 25 10000 5 0 328.6 
23 25 20000 2.5 0 326.49 
24 26 10000 5 0 18.67 
24 28 5000 10 0 9.73 
25 36 50000 1 0 337.07 
25 28 20000 2.5 0 319.77 
26 32 20000 2.5 0 40.77 
26 31 20000 2.5 0 14.59 
29 37 10000 5 0 12.94 
29 30 20000 2.5 0 17.99 
31 32 5000 10 0 26.78 
33 35 50000 1 0 25.98 
33 38 20000 2.5 0 38.4 
37 38 50000 1 0 12.65 
8 0 10000 5 0 24.82 
1 0 20000 2.5 0 11.38 
3 0 5000 10 0 8.81 
6 0 50000 1 0 10.92 
7 0 10000 5 0 42.12 
8 1 5000 10 0 21.13 
6 1 5000 10 0 13.11 
29 2 50000 1 0 10.79 
30 2 50000 1 0 28.22 
8 4 20000 2.5 0 52.78 
5 4 5000 10 0 25.76 
7 4 10000 5 0 25.57 
8 6 10000 5 0 32.34 
9 8 20000 2.5 0 17.36 
21 8 5000 10 0 24.59 
24 8 10000 5 0 21.84 
25 8 20000 2.5 0 310.25 
20 9 10000 5 0 279.56 
21 9 20000 2.5 0 32.12 
24 9 20000 2.5 0 18.05 
25 9 5000 10 0 297.24 
28 9 5000 10 0 24.68 
16 10 50000 1 0 660.25 
17 10 20000 2.5 0 143.75 
19 11 50000 1 0 35.27 
20 11 20000 2.5 0 57.59 
15 11 5000 10 0 149.61 
25 12 10000 5 0 2.42 
20 12 10000 5 0 16.74 
13 12 50000 1 0 74.3 
14 12 50000 1 0 185.08 
16 14 5000 10 0 219.96 
17 14 20000 2.5 0 583.76 
18 14 20000 2.5 0 706.94 
15 14 10000 5 0 26.07 
16 15 5000 10 0 244.51 
25 15 20000 2.5 0 193.83 
20 15 5000 10 0 207.05 
20 16 20000 2.5 0 177.76 
18 17 50000 1 0 128.91 
21 18 5000 10 0 514.03 
20 19 10000 5 0 28.11 
36 20 50000 1 0 319.87 
21 20 20000 2.5 0 311.11 
23 20 20000 2.5 0 309.3 
28 20 10000 5 0 302.61 
34 21 10000 5 0 101.63 
24 21 10000 5 0 18.55 
25 21 10000 5 0 328.6 
25 23 20000 2.5 0 326.49 
26 24 10000 5 0 18.67 
28 24 5000 10 0 9.73 
36 25 50000 1 0 337.07 
28 25 20000 2.5 0 319.77 
32 26 20000 2.5 0 40.77 
31 26 20000 2.5 0 14.59 
37 29 10000 5 0 12.94 
30 29 20000 2.5 0 17.99 
32 31 5000 10 0 26.78 
35 33 50000 1 0 25.98 
38 33 20000 2.5 0 38.4 
38 37 50000 1 0 12.65 
15 11 1000 395.57 
24 14 100 19.27 
12 11 500 101.71 
23 6 50 7.82 
8 23 100 35.33 
9 6 500 23.2 
25 7 500 26.17 
12 17 50 44.24 
24 7 1000 35.34 
1 36 100 18.06 
18 23 100 20.69 
14 36 1000 519.25 
19 11 1000 60.73 
23 12 50 212.04 
8 18 500 33.57 
36 10 1000 122.28 
21 20 500 43.25 
12 4 100 18.82 
18 7 1000 32.01 
4 24 1000 42.17 
15 23 1000 571.4 
24 18 50 37.9 
28 19 50 43.45 
9 11 100 27.88 
11 14 500 355.26 
21 36 50 20.69 
1 14 100 15.07 
10 14 100 44.83 
24 6 50 46.08 
8 36 100 35.34 
9 21 500 49.21 
28 4 500 32.01 
11 20 500 60.73 
21 17 50 23.48 
9 18 500 48.88 
21 6 1000 36.99 
4 36 100 31.37 
28 9 50 63.05 
19 21 1000 34.85 
10 6 1000 36.99 
17 1 500 38.89 
11 36 100 304.15 
23 11 50 304.15 
21 11 500 31.37 
12 0 100 23.49 
10 20 100 42.19 
17 25 50 44.09 
19 15 100 411.59 
0 23 50 14.09 
18 17 500 26.84 
19 12 1000 175.92 
4 23 1000 31.36 
14 17 500 27.92 
36 18 500 20.69 
10 0 100 38.89 
17 14 50 27.92 
11 28 50 33 
18 19 100 32.39 
20 9 1000 42.5 
17 20 500 41.45 
6 11 1000 16.97 
20 1 500 21.3 
10 28 1000 338.2 
1 20 500 21.3 
15 0 1000 14.84 
9 15 50 31.31 
11 8 100 24.78 
16 20 50 588.72 
25 11 1000 203.29 
1 25 500 22.84 
36 24 100 25.96 
28 17 500 393.33 
28 23 500 34.11 
12 10 1000 25.21 
16 1 500 21.3 
23 36 50 215.56 
23 24 1000 25.95 
6 21 1000 36.99 
36 12 100 208.07 
15 1 1000 12.65 
12 36 500 208.07 
15 6 1000 16.97 
9 7 100 25.28 
20 36 1000 69.26 
15 9 500 31.31 
9 16 500 42.5 
6 19 500 10.21 
25 28 100 39.26 
19 10 1000 103.13 
19 24 50 33 
6 14 500 24.71 
17 18 100 26.84 
1 9 1000 35.64 
23 21 50 20.69 
20 4 50 31.9 
1 28 500 31.89 
25 6 1000 32.76 
7 25 100 26.17 
21 15 1000 18.83 
11 15 1000 395.57 
8 25 50 28.61 
23 4 500 31.36 
36 4 1000 31.37 
36 9 1000 35.99 
28 12 500 37.59 
1 17 1000 38.89 
18 16 500 48 
4 17 500 38.46 
28 0 100 28.6 
21 0 50 38.89 
7 14 1000 19.81 
20 12 100 41.09 
18 14 1000 26.84 
21 10 100 37.28 
16 11 50 563.43 
23 18 500 20.69 
16 17 50 83.51 
6 15 1000 16.97 
36 16 100 314.7 
9 28 1000 63.05 
24 10 500 62.93 
4 15 1000 17.2 
9 24 50 48.32 
24 23 50 25.95 
18 1 1000 38.89 
12 14 500 172.24 
15 21 50 18.83 
28 8 1000 558.55 
17 0 100 38.89 
20 17 500 41.45 
14 23 50 519.26 
16 12 1000 350.37 
7 23 1000 13.79 
20 14 500 237.61 
18 21 1000 21.6 
0 18 100 38.89 
8 11 50 24.78 
28 14 50 10.67 
10 21 1000 37.28 
19 1 1000 21.3 
19 0 50 17.89 
20 11 500 60.73 
25 8 500 28.61 
21 28 500 564.46 
14 15 100 411.1 
4 10 50 38.46 
7 16 50 16.36 
24 4 100 42.17 
14 25 500 228.97 
28 20 100 54.13 
28 15 500 30.38 
9 14 50 28.61 
7 19 50 16.36 
0 15 100 14.84 
24 36 50 25.96 
36 21 50 20.69 
15 24 500 17.65 
9 0 100 34.52 
8 28 1000 558.55 
0 20 50 17.89 
7 10 50 32.01 
14 24 1000 19.27 
8 16 100 39.42 
4 25 50 17.17 
16 14 50 356.49 
28 24 1000 34.84 
11 1 50 15.24 
36 23 500 215.56 
9 17 50 41.78 
24 15 100 17.65 
6 9 50 23.2 
16 36 500 314.7 
16 28 100 54.13 
11 12 500 101.71 
11 7 100 18.82 
23 20 100 69.72 
14 11 50 355.26 
1 19 500 21.3 
4 11 100 19.67 
18 24 100 37.9 
10 12 1000 25.21 
14 8 1000 20.51 
25 24 50 39.99 
25 21 50 33.62 
6 24 100 46.08 
14 10 100 44.83 
16 24 50 39.13 
8 14 100 20.51 
19 14 1000 355.26 
23 25 500 69.72 
0 11 50 16.36 
9 36 500 35.99 
1 18 500 38.89 
1 11 50 15.24 
25 14 50 228.97 
10 36 100 122.28 
15 28 100 30.38 
24 25 1000 39.99 
12 6 100 30 
6 17 50 36.99 
15 25 500 51.37 
7 11 500 18.82 
15 16 500 387.37 
28 25 1000 39.26 
0 24 100 44.96 
21 18 50 21.6 
6 28 500 34.75 
23 17 100 136.77 
0 16 50 17.89 
19 36 50 241.55 
28 11 500 33 
23 19 50 241.55 
8 9 100 57.23 
15 8 50 20.37 
10 23 50 122.29 
4 19 50 31.6 
15 7 50 12.79 
16 9 50 42.5 
11 24 500 33.1 
9 4 100 41.93 
28 21 50 564.46 
11 6 100 16.97 
14 19 1000 355.26 
0 9 100 34.52 
17 12 100 44.24 
15 36 500 571.39 
6 25 100 32.76 
23 15 50 571.4 
18 28 1000 564.46 
24 21 1000 37.9 
11 16 50 563.43 
10 25 50 23.14 
25 20 1000 61.3 
8 24 100 41.9 
11 10 100 122.49 
21 9 50 49.21 
23 14 100 519.26 
15 19 50 411.59 
25 9 100 30.69 
28 36 50 34.12 
0 25 500 22.95 
20 8 1000 39.42 
12 28 50 37.59 
18 11 50 33.1 
9 8 50 57.23 
8 21 100 33.57 
9 25 50 30.69 
0 10 50 38.89 
36 28 50 34.12 
8 10 50 43.7 
9 23 100 35.98 
19 16 50 559.16 
11 19 100 60.73 
10 9 100 58.83 
23 8 100 35.33 
19 9 100 42.08 
14 18 500 26.84 
11 21 50 31.37 
17 6 50 36.99 
24 20 50 39.13 
20 25 1000 61.3 
21 8 500 33.57 
24 19 500 33 
21 23 1000 20.69 
23 28 1000 34.11 
20 24 50 39.13 
16 19 100 559.16 
24 9 100 48.32 
23 10 100 122.29 
10 15 50 202.52 
23 9 50 35.98 
12 19 50 175.92 
17 28 50 393.33 
19 25 1000 218.56 
12 23 50 212.04 
17 8 50 47.21 
9 20 50 42.5 
36 8 50 35.34 
19 8 100 39.35 
9 19 500 42.08 
24 11 500 33.1 
21 19 50 34.85 
20 21 100 43.25 
14 16 100 356.49 
21 24 500 37.9 
11 9 50 27.88 
24 8 100 41.9 
8 19 500 39.35 
28 10 100 338.2 
11 25 1000 203.29 
