19 55 10 
0 1 20000 2.5 1 0.15 
0 1 20000 2.5 1 0.15 
0 3 50000 1 1 60.37 
0 7 5000 10 1 0.6 
1 6 50000 1 1 78.77 
1 7 5000 10 1 0.6 
1 7 50000 1 1 0.06 
2 3 50000 1 1 60.18 
3 7 50000 1 1 60.37 
4 5 5000 10 1 215.96 
5 8 50000 1 1 61.42 
5 10 50000 1 1 482.16 
5 13 20000 2.5 1 558.18 
7 17 50000 1 1 162.88 
7 9 5000 10 1 308.17 
9 17 10000 5 1 148.48 
9 10 10000 5 1 17.51 
9 15 10000 5 1 309.38 
10 11 50000 1 1 438.89 
10 14 50000 1 1 279.32 
10 14 10000 5 1 279.56 
10 13 10000 5 1 433.13 
11 12 50000 1 1 219.42 
11 15 20000 2.5 1 185.17 
12 13 5000 10 1 244.51 
13 14 5000 10 1 207.05 
14 15 10000 5 1 16.74 
16 17 20000 2.5 1 145.65 
17 18 20000 2.5 1 116.72 
1 0 20000 2.5 1 0.15 
3 0 50000 1 1 60.37 
7 0 5000 10 1 0.6 
6 1 50000 1 1 78.77 
7 1 50000 1 1 0.06 
3 2 50000 1 1 60.18 
7 3 50000 1 1 60.37 
5 4 5000 10 1 215.96 
8 5 50000 1 1 61.42 
10 5 50000 1 1 482.16 
13 5 20000 2.5 1 558.18 
17 7 50000 1 1 162.88 
9 7 5000 10 1 308.17 
17 9 10000 5 1 148.48 
10 9 10000 5 1 17.51 
15 9 10000 5 1 309.38 
11 10 50000 1 1 438.89 
14 10 10000 5 1 279.56 
13 10 10000 5 1 433.13 
12 11 50000 1 1 219.42 
15 11 20000 2.5 1 185.17 
13 12 5000 10 1 244.51 
14 13 5000 10 1 207.05 
15 14 10000 5 1 16.74 
17 16 20000 2.5 1 145.65 
18 17 20000 2.5 1 116.72 
0 12 1000 123.33 
1 13 500 428.5 
15 3 100 786.53 
13 3 500 416.81 
15 0 50 711.41 
5 3 100 83.13 
1 12 100 123.33 
1 15 100 711.41 
1 11 500 472.26 
0 11 1000 472.26 
