20 60 133 
0 1 50000 1 0 18.47 
0 3 20000 2.5 0 20.77 
0 14 5000 10 0 29.72 
1 3 10000 5 0 29.07 
1 4 10000 5 0 25.15 
2 16 10000 5 0 64.86 
2 11 20000 2.5 0 18.25 
2 3 20000 2.5 0 71.43 
2 19 5000 10 0 95.88 
4 7 20000 2.5 0 1.11 
5 8 50000 1 0 9.71 
5 6 5000 10 0 39.46 
6 8 5000 10 0 48.92 
6 14 5000 10 0 43.51 
6 7 5000 10 0 7.54 
7 9 5000 10 0 57.06 
8 9 5000 10 0 2.61 
9 12 5000 10 0 19.03 
9 13 50000 1 0 32.66 
9 14 20000 2.5 0 56.53 
9 15 5000 10 0 112.87 
10 11 10000 5 0 56.75 
10 19 50000 1 0 43.67 
12 13 10000 5 0 23.28 
13 14 5000 10 0 24.43 
14 16 5000 10 0 101.95 
15 16 10000 5 0 28.91 
16 17 50000 1 0 41.9 
17 18 5000 10 0 20.2 
18 19 50000 1 0 16.02 
1 0 50000 1 0 18.47 
3 0 20000 2.5 0 20.77 
14 0 5000 10 0 29.72 
3 1 10000 5 0 29.07 
4 1 10000 5 0 25.15 
16 2 10000 5 0 64.86 
11 2 20000 2.5 0 18.25 
3 2 20000 2.5 0 71.43 
19 2 5000 10 0 95.88 
7 4 20000 2.5 0 1.11 
8 5 50000 1 0 9.71 
6 5 5000 10 0 39.46 
8 6 5000 10 0 48.92 
14 6 5000 10 0 43.51 
7 6 5000 10 0 7.54 
9 7 5000 10 0 57.06 
9 8 5000 10 0 2.61 
12 9 5000 10 0 19.03 
13 9 50000 1 0 32.66 
14 9 20000 2.5 0 56.53 
15 9 5000 10 0 112.87 
11 10 10000 5 0 56.75 
19 10 50000 1 0 43.67 
13 12 10000 5 0 23.28 
14 13 5000 10 0 24.43 
16 14 5000 10 0 101.95 
16 15 10000 5 0 28.91 
17 16 50000 1 0 41.9 
18 17 5000 10 0 20.2 
19 18 50000 1 0 16.02 
15 0 100 72.75 
19 12 50 28.19 
8 0 100 128.4 
10 6 500 26.77 
9 1 100 225.7 
1 0 500 221.9 
6 4 100 186.95 
13 5 50 96.13 
9 14 500 307.06 
0 19 50 47.2 
17 3 500 29.13 
4 19 50 53.7 
13 7 1000 187.2 
9 19 100 31.38 
17 6 100 70.29 
18 7 50 57.78 
9 6 500 280.19 
0 16 50 46.06 
11 17 500 33.73 
15 6 1000 75.66 
12 5 1000 64.38 
16 6 1000 84.83 
14 0 500 179.25 
4 6 50 186.95 
0 17 100 48.1 
18 3 500 28.92 
10 0 500 48.37 
14 5 100 212.22 
2 15 50 58.43 
14 15 1000 102.17 
10 13 100 30.46 
16 5 100 34.13 
7 12 1000 129.63 
12 13 500 307.06 
11 7 50 36.67 
7 19 50 52.42 
0 11 100 53.36 
16 11 50 33.73 
0 9 500 219.13 
4 2 500 36.67 
19 5 50 32.44 
4 17 1000 55 
0 12 100 64 
9 7 50 226.51 
8 1 1000 103.48 
0 4 50 229.15 
12 1 100 70.97 
3 6 500 58.47 
2 9 50 56.88 
14 1 50 252.37 
7 17 1000 56.66 
0 18 100 44.15 
2 7 50 36.67 
3 16 1000 27.12 
3 10 100 47.04 
9 3 50 187.2 
7 8 50 197.92 
8 7 50 197.92 
14 19 100 69.97 
8 2 50 51.66 
1 10 50 63.91 
0 3 500 189.97 
15 3 50 61.7 
14 17 100 70.15 
6 8 50 280.19 
5 12 1000 64.38 
13 18 1000 45.37 
3 18 50 28.92 
6 11 50 35.89 
1 16 500 42.65 
19 3 50 32.24 
3 11 100 32.24 
3 1 1000 182.8 
13 9 1000 307.06 
13 15 100 60.77 
5 7 50 153.59 
3 14 50 173.07 
15 4 50 52.55 
8 6 500 280.19 
7 15 50 52.51 
10 12 100 31.49 
18 2 50 29.13 
17 12 50 50.04 
0 7 50 229.15 
14 12 50 228.6 
12 0 50 64 
10 14 50 21.74 
9 12 100 307.06 
6 10 100 26.77 
2 18 500 29.13 
8 13 50 101.26 
16 1 50 42.65 
12 3 50 48.26 
19 14 100 69.97 
15 19 50 30.17 
19 13 100 34.69 
19 4 50 53.7 
6 13 100 192.84 
6 9 100 280.19 
11 5 50 62.81 
11 8 50 51.66 
5 10 50 44.89 
17 7 50 56.66 
13 19 100 34.69 
6 14 1000 285.98 
9 2 50 56.88 
16 10 1000 37.32 
5 14 100 212.22 
19 11 1000 29.13 
10 9 50 47.73 
2 12 100 38.9 
12 14 500 228.6 
11 14 100 36.19 
5 6 50 280.19 
11 4 100 36.67 
11 1 100 47.33 
3 0 500 189.97 
17 4 50 55 
1 3 500 182.8 
19 9 50 31.38 
17 14 50 70.15 
2 13 100 44.02 
6 12 500 176.57 
6 5 50 280.19 
16 3 50 27.12 
12 9 50 307.06 
17 9 50 43.14 
17 11 500 33.73 
5 8 1000 280.19 
13 12 1000 307.06 
14 9 500 307.06 
9 13 500 307.06 
0 1 100 221.9 
