20 60 66 
0 1 50000 1 0 18.47 
0 3 20000 2.5 0 20.77 
0 14 5000 10 0 29.72 
1 3 10000 5 0 29.07 
1 4 10000 5 0 25.15 
2 16 10000 5 0 64.86 
2 11 20000 2.5 0 18.25 
2 3 20000 2.5 0 71.43 
2 19 5000 10 0 95.88 
4 7 20000 2.5 0 1.11 
5 8 50000 1 0 9.71 
5 6 5000 10 0 39.46 
6 8 5000 10 0 48.92 
6 14 5000 10 0 43.51 
6 7 5000 10 0 7.54 
7 9 5000 10 0 57.06 
8 9 5000 10 0 2.61 
9 12 5000 10 0 19.03 
9 13 50000 1 0 32.66 
9 14 20000 2.5 0 56.53 
9 15 5000 10 0 112.87 
10 11 10000 5 0 56.75 
10 19 50000 1 0 43.67 
12 13 10000 5 0 23.28 
13 14 5000 10 0 24.43 
14 16 5000 10 0 101.95 
15 16 10000 5 0 28.91 
16 17 50000 1 0 41.9 
17 18 5000 10 0 20.2 
18 19 50000 1 0 16.02 
1 0 50000 1 0 18.47 
3 0 20000 2.5 0 20.77 
14 0 5000 10 0 29.72 
3 1 10000 5 0 29.07 
4 1 10000 5 0 25.15 
16 2 10000 5 0 64.86 
11 2 20000 2.5 0 18.25 
3 2 20000 2.5 0 71.43 
19 2 5000 10 0 95.88 
7 4 20000 2.5 0 1.11 
8 5 50000 1 0 9.71 
6 5 5000 10 0 39.46 
8 6 5000 10 0 48.92 
14 6 5000 10 0 43.51 
7 6 5000 10 0 7.54 
9 7 5000 10 0 57.06 
9 8 5000 10 0 2.61 
12 9 5000 10 0 19.03 
13 9 50000 1 0 32.66 
14 9 20000 2.5 0 56.53 
15 9 5000 10 0 112.87 
11 10 10000 5 0 56.75 
19 10 50000 1 0 43.67 
13 12 10000 5 0 23.28 
14 13 5000 10 0 24.43 
16 14 5000 10 0 101.95 
16 15 10000 5 0 28.91 
17 16 50000 1 0 41.9 
18 17 5000 10 0 20.2 
19 18 50000 1 0 16.02 
15 0 100 96.17 
19 12 50 38.51 
8 0 100 185.9 
10 6 500 28.44 
9 1 100 296.89 
1 0 500 253.46 
6 4 100 218.87 
13 5 50 132.63 
9 14 500 332.11 
0 19 50 64.8 
17 3 500 46.21 
4 19 50 60 
13 7 1000 238.21 
9 19 100 42.74 
17 6 100 89.89 
18 7 50 85.78 
9 6 500 317.27 
0 16 50 53.45 
11 17 500 44.15 
15 6 1000 95.97 
12 5 1000 106.35 
16 6 1000 100.06 
14 0 500 222.41 
4 6 50 218.87 
0 17 100 65.55 
18 3 500 39.09 
10 0 500 64.55 
14 5 100 289.41 
2 15 50 75.08 
14 15 1000 128.5 
10 13 100 47.16 
16 5 100 52.87 
7 12 1000 225.26 
12 13 500 332.11 
11 7 50 62.71 
7 19 50 58.72 
0 11 100 67.47 
16 11 50 44.15 
0 9 500 279 
4 2 500 62.71 
19 5 50 40.33 
4 17 1000 87.09 
0 12 100 132.12 
9 7 50 307.1 
8 1 1000 184.39 
0 4 50 248.42 
12 1 100 195.07 
3 6 500 182.13 
2 9 50 127.82 
14 1 50 323.31 
7 17 1000 87.09 
0 18 100 65.5 
2 7 50 62.71 
3 16 1000 44.2 
3 10 100 55.2 
9 3 50 270.12 
7 8 50 231.46 
8 7 50 231.46 
14 19 100 79.62 
8 2 50 94.6 
1 10 50 74.23 
0 3 500 221.53 
15 3 50 75.08 
14 17 100 80.61 
6 8 50 317.27 
5 12 1000 106.35 
