20 60 133 
0 1 50000 1 1 18.47 
0 3 20000 2.5 1 20.77 
0 14 5000 10 1 29.72 
1 3 10000 5 1 29.07 
1 4 10000 5 1 25.15 
2 16 10000 5 1 64.86 
2 11 20000 2.5 1 18.25 
2 3 20000 2.5 1 71.43 
2 19 5000 10 1 95.88 
4 7 20000 2.5 1 1.11 
5 8 50000 1 1 9.71 
5 6 5000 10 1 39.46 
6 8 5000 10 1 48.92 
6 14 5000 10 1 43.51 
6 7 5000 10 1 7.54 
7 9 5000 10 1 57.06 
8 9 5000 10 1 2.61 
9 12 5000 10 1 19.03 
9 13 50000 1 1 32.66 
9 14 20000 2.5 1 56.53 
9 15 5000 10 1 112.87 
10 11 10000 5 1 56.75 
10 19 50000 1 1 43.67 
12 13 10000 5 1 23.28 
13 14 5000 10 1 24.43 
14 16 5000 10 1 101.95 
15 16 10000 5 1 28.91 
16 17 50000 1 1 41.9 
17 18 5000 10 1 20.2 
18 19 50000 1 1 16.02 
1 0 50000 1 1 18.47 
3 0 20000 2.5 1 20.77 
14 0 5000 10 1 29.72 
3 1 10000 5 1 29.07 
4 1 10000 5 1 25.15 
16 2 10000 5 1 64.86 
11 2 20000 2.5 1 18.25 
3 2 20000 2.5 1 71.43 
19 2 5000 10 1 95.88 
7 4 20000 2.5 1 1.11 
8 5 50000 1 1 9.71 
6 5 5000 10 1 39.46 
8 6 5000 10 1 48.92 
14 6 5000 10 1 43.51 
7 6 5000 10 1 7.54 
9 7 5000 10 1 57.06 
9 8 5000 10 1 2.61 
12 9 5000 10 1 19.03 
13 9 50000 1 1 32.66 
14 9 20000 2.5 1 56.53 
15 9 5000 10 1 112.87 
11 10 10000 5 1 56.75 
19 10 50000 1 1 43.67 
13 12 10000 5 1 23.28 
14 13 5000 10 1 24.43 
16 14 5000 10 1 101.95 
16 15 10000 5 1 28.91 
17 16 50000 1 1 41.9 
18 17 5000 10 1 20.2 
19 18 50000 1 1 16.02 
15 0 100 48.75 
19 12 50 17.55 
8 0 100 67.21 
10 6 500 10.46 
9 1 100 170.49 
1 0 500 202.38 
6 4 100 31.68 
13 5 50 39.14 
9 14 500 199.93 
0 19 50 34.98 
17 3 500 18.96 
4 19 50 18.54 
13 7 1000 64.13 
9 19 100 19.95 
17 6 100 24.1 
18 7 50 23.96 
9 6 500 187.75 
0 16 50 21.21 
11 17 500 23.52 
15 6 1000 13.75 
12 5 1000 36.7 
16 6 1000 31.81 
14 0 500 28.55 
4 6 50 31.68 
0 17 100 33.74 
18 3 500 18.71 
10 0 500 30.3 
14 5 100 32.8 
2 15 50 30.88 
14 15 1000 90.3 
10 13 100 12.39 
16 5 100 19.17 
7 12 1000 59.75 
12 13 500 199.93 
11 7 50 26.46 
7 19 50 17.26 
0 11 100 24.69 
16 11 50 23.52 
0 9 500 163.67 
4 2 500 26.46 
19 5 50 15.39 
4 17 1000 21.99 
0 12 100 30.82 
9 7 50 181.22 
8 1 1000 79.23 
0 4 50 183.31 
12 1 100 46.29 
3 6 500 21.71 
2 9 50 29.12 
14 1 50 213.61 
7 17 1000 21.73 
0 18 100 33.69 
2 7 50 26.46 
3 16 1000 16.95 
3 10 100 37.94 
9 3 50 39.29 
7 8 50 41.87 
8 7 50 41.87 
14 19 100 51.02 
8 2 50 29.12 
1 10 50 38.54 
0 3 500 168.25 
15 3 50 36.04 
14 17 100 38.48 
6 8 50 187.75 
5 12 1000 36.7 
13 18 1000 29.45 
3 18 50 18.71 
6 11 50 21.4 
1 16 500 14.35 
19 3 50 21.51 
3 11 100 22.07 
3 1 1000 176.99 
13 9 1000 199.93 
13 15 100 35.87 
5 7 50 54.45 
3 14 50 17.56 
15 4 50 21.18 
8 6 500 187.75 
7 15 50 23.36 
10 12 100 21.16 
18 2 50 18.96 
17 12 50 28.41 
0 7 50 183.31 
14 12 50 67.59 
12 0 50 30.82 
10 14 50 16.95 
9 12 100 199.93 
6 10 100 10.46 
2 18 500 18.96 
8 13 50 35.93 
16 1 50 14.35 
12 3 50 26.74 
19 14 100 51.02 
15 19 50 15.54 
19 13 100 25.04 
19 4 50 18.54 
6 13 100 75.02 
6 9 100 187.75 
11 5 50 39.56 
11 8 50 29.12 
5 10 50 26.77 
17 7 50 21.73 
13 19 100 25.04 
6 14 1000 187.2 
9 2 50 29.12 
16 10 1000 27.11 
5 14 100 32.8 
19 11 1000 18.96 
10 9 50 27.09 
2 12 100 24.73 
12 14 500 67.59 
11 14 100 10.42 
5 6 50 187.75 
11 4 100 26.46 
11 1 100 28.19 
3 0 500 168.25 
17 4 50 21.99 
1 3 500 176.99 
19 9 50 19.95 
17 14 50 38.48 
2 13 100 17.8 
6 12 500 64.35 
6 5 50 187.75 
16 3 50 16.95 
12 9 50 199.93 
17 9 50 29.11 
17 11 500 23.52 
5 8 1000 187.75 
13 12 1000 199.93 
14 9 500 199.93 
9 13 500 199.93 
0 1 100 202.38 
