20 60 133 
0 1 50000 1 1 18.47 
0 3 20000 2.5 1 20.77 
0 14 5000 10 1 29.72 
1 3 10000 5 1 29.07 
1 4 10000 5 1 25.15 
2 16 10000 5 1 64.86 
2 11 20000 2.5 1 18.25 
2 3 20000 2.5 1 71.43 
2 19 5000 10 1 95.88 
4 7 20000 2.5 1 1.11 
5 8 50000 1 1 9.71 
5 6 5000 10 1 39.46 
6 8 5000 10 1 48.92 
6 14 5000 10 1 43.51 
6 7 5000 10 1 7.54 
7 9 5000 10 1 57.06 
8 9 5000 10 1 2.61 
9 12 5000 10 1 19.03 
9 13 50000 1 1 32.66 
9 14 20000 2.5 1 56.53 
9 15 5000 10 1 112.87 
10 11 10000 5 1 56.75 
10 19 50000 1 1 43.67 
12 13 10000 5 1 23.28 
13 14 5000 10 1 24.43 
14 16 5000 10 1 101.95 
15 16 10000 5 1 28.91 
16 17 50000 1 1 41.9 
17 18 5000 10 1 20.2 
18 19 50000 1 1 16.02 
1 0 50000 1 1 18.47 
3 0 20000 2.5 1 20.77 
14 0 5000 10 1 29.72 
3 1 10000 5 1 29.07 
4 1 10000 5 1 25.15 
16 2 10000 5 1 64.86 
11 2 20000 2.5 1 18.25 
3 2 20000 2.5 1 71.43 
19 2 5000 10 1 95.88 
7 4 20000 2.5 1 1.11 
8 5 50000 1 1 9.71 
6 5 5000 10 1 39.46 
8 6 5000 10 1 48.92 
14 6 5000 10 1 43.51 
7 6 5000 10 1 7.54 
9 7 5000 10 1 57.06 
9 8 5000 10 1 2.61 
12 9 5000 10 1 19.03 
13 9 50000 1 1 32.66 
14 9 20000 2.5 1 56.53 
15 9 5000 10 1 112.87 
11 10 10000 5 1 56.75 
19 10 50000 1 1 43.67 
13 12 10000 5 1 23.28 
14 13 5000 10 1 24.43 
16 14 5000 10 1 101.95 
16 15 10000 5 1 28.91 
17 16 50000 1 1 41.9 
18 17 5000 10 1 20.2 
19 18 50000 1 1 16.02 
15 0 100 96.17 
19 12 50 38.51 
8 0 100 185.9 
10 6 500 28.44 
9 1 100 296.89 
1 0 500 253.46 
6 4 100 218.87 
13 5 50 132.63 
9 14 500 332.11 
0 19 50 64.8 
17 3 500 46.21 
4 19 50 60 
13 7 1000 238.21 
9 19 100 42.74 
17 6 100 89.89 
18 7 50 85.78 
9 6 500 317.27 
0 16 50 53.45 
11 17 500 44.15 
15 6 1000 95.97 
12 5 1000 106.35 
16 6 1000 100.06 
14 0 500 222.41 
4 6 50 218.87 
0 17 100 65.55 
18 3 500 39.09 
10 0 500 64.55 
14 5 100 289.41 
2 15 50 75.08 
14 15 1000 128.5 
10 13 100 47.16 
16 5 100 52.87 
7 12 1000 225.26 
12 13 500 332.11 
11 7 50 62.71 
7 19 50 58.72 
0 11 100 67.47 
16 11 50 44.15 
0 9 500 279 
4 2 500 62.71 
19 5 50 40.33 
4 17 1000 87.09 
0 12 100 132.12 
9 7 50 307.1 
8 1 1000 184.39 
0 4 50 248.42 
12 1 100 195.07 
3 6 500 182.13 
2 9 50 127.82 
14 1 50 323.31 
7 17 1000 87.09 
0 18 100 65.5 
2 7 50 62.71 
3 16 1000 44.2 
3 10 100 55.2 
9 3 50 270.12 
7 8 50 231.46 
8 7 50 231.46 
14 19 100 79.62 
8 2 50 94.6 
1 10 50 74.23 
0 3 500 221.53 
15 3 50 75.08 
14 17 100 80.61 
6 8 50 317.27 
5 12 1000 106.35 
13 18 1000 54.35 
3 18 50 39.09 
6 11 50 49.98 
1 16 500 84.83 
19 3 50 38.2 
3 11 100 38.99 
3 1 1000 217.81 
13 9 1000 332.11 
13 15 100 76.75 
5 7 50 223.03 
3 14 50 201.62 
15 4 50 100.63 
8 6 500 317.27 
7 15 50 101.15 
10 12 100 49.01 
18 2 50 46.21 
17 12 50 55.89 
0 7 50 248.42 
14 12 50 265.51 
12 0 50 132.12 
10 14 50 45.54 
9 12 100 332.11 
6 10 100 28.44 
2 18 500 46.21 
8 13 50 200.01 
16 1 50 84.83 
12 3 50 82.95 
19 14 100 79.62 
15 19 50 40.14 
19 13 100 45.11 
19 4 50 60 
6 13 100 257.6 
6 9 100 317.27 
11 5 50 86.41 
11 8 50 94.6 
5 10 50 60.64 
17 7 50 87.09 
13 19 100 45.11 
6 14 1000 311.91 
9 2 50 127.82 
16 10 1000 43.55 
5 14 100 289.41 
19 11 1000 46.21 
10 9 50 60.55 
2 12 100 64.25 
12 14 500 265.51 
11 14 100 97.49 
5 6 50 317.27 
11 4 100 62.71 
11 1 100 76.45 
3 0 500 221.53 
17 4 50 87.09 
1 3 500 217.81 
19 9 50 42.74 
17 14 50 80.61 
2 13 100 56.2 
6 12 500 246.42 
6 5 50 317.27 
16 3 50 44.2 
12 9 50 332.11 
17 9 50 59.7 
17 11 500 44.15 
5 8 1000 317.27 
13 12 1000 332.11 
14 9 500 332.11 
9 13 500 332.11 
0 1 100 253.46 
