20 60 44 
0 1 50000 1 1 18.47 
0 3 20000 2.5 1 20.77 
0 14 5000 10 1 29.72 
1 3 10000 5 1 29.07 
1 4 10000 5 1 25.15 
2 16 10000 5 1 64.86 
2 11 20000 2.5 1 18.25 
2 3 20000 2.5 1 71.43 
2 19 5000 10 1 95.88 
4 7 20000 2.5 1 1.11 
5 8 50000 1 1 9.71 
5 6 5000 10 1 39.46 
6 8 5000 10 1 48.92 
6 14 5000 10 1 43.51 
6 7 5000 10 1 7.54 
7 9 5000 10 1 57.06 
8 9 5000 10 1 2.61 
9 12 5000 10 1 19.03 
9 13 50000 1 1 32.66 
9 14 20000 2.5 1 56.53 
9 15 5000 10 1 112.87 
10 11 10000 5 1 56.75 
10 19 50000 1 1 43.67 
12 13 10000 5 1 23.28 
13 14 5000 10 1 24.43 
14 16 5000 10 1 101.95 
15 16 10000 5 1 28.91 
16 17 50000 1 1 41.9 
17 18 5000 10 1 20.2 
18 19 50000 1 1 16.02 
1 0 50000 1 1 18.47 
3 0 20000 2.5 1 20.77 
14 0 5000 10 1 29.72 
3 1 10000 5 1 29.07 
4 1 10000 5 1 25.15 
16 2 10000 5 1 64.86 
11 2 20000 2.5 1 18.25 
3 2 20000 2.5 1 71.43 
19 2 5000 10 1 95.88 
7 4 20000 2.5 1 1.11 
8 5 50000 1 1 9.71 
6 5 5000 10 1 39.46 
8 6 5000 10 1 48.92 
14 6 5000 10 1 43.51 
7 6 5000 10 1 7.54 
9 7 5000 10 1 57.06 
9 8 5000 10 1 2.61 
12 9 5000 10 1 19.03 
13 9 50000 1 1 32.66 
14 9 20000 2.5 1 56.53 
15 9 5000 10 1 112.87 
11 10 10000 5 1 56.75 
19 10 50000 1 1 43.67 
13 12 10000 5 1 23.28 
14 13 5000 10 1 24.43 
16 14 5000 10 1 101.95 
16 15 10000 5 1 28.91 
17 16 50000 1 1 41.9 
18 17 5000 10 1 20.2 
19 18 50000 1 1 16.02 
15 0 100 72.75 
19 12 50 28.19 
8 0 100 128.4 
10 6 500 26.77 
9 1 100 225.7 
1 0 500 221.9 
6 4 100 186.95 
13 5 50 96.13 
9 14 500 307.06 
0 19 50 47.2 
17 3 500 29.13 
4 19 50 53.7 
13 7 1000 187.2 
9 19 100 31.38 
17 6 100 70.29 
18 7 50 57.78 
9 6 500 280.19 
0 16 50 46.06 
11 17 500 33.73 
15 6 1000 75.66 
12 5 1000 64.38 
16 6 1000 84.83 
14 0 500 179.25 
4 6 50 186.95 
0 17 100 48.1 
18 3 500 28.92 
10 0 500 48.37 
14 5 100 212.22 
2 15 50 58.43 
14 15 1000 102.17 
10 13 100 30.46 
16 5 100 34.13 
7 12 1000 129.63 
12 13 500 307.06 
11 7 50 36.67 
7 19 50 52.42 
0 11 100 53.36 
16 11 50 33.73 
0 9 500 219.13 
4 2 500 36.67 
19 5 50 32.44 
4 17 1000 55 
0 12 100 64 
9 7 50 226.51 
