20 60 44 
0 1 50000 1 0 18.47 
0 3 20000 2.5 0 20.77 
0 14 5000 10 0 29.72 
1 3 10000 5 0 29.07 
1 4 10000 5 0 25.15 
2 16 10000 5 0 64.86 
2 11 20000 2.5 0 18.25 
2 3 20000 2.5 0 71.43 
2 19 5000 10 0 95.88 
4 7 20000 2.5 0 1.11 
5 8 50000 1 0 9.71 
5 6 5000 10 0 39.46 
6 8 5000 10 0 48.92 
6 14 5000 10 0 43.51 
6 7 5000 10 0 7.54 
7 9 5000 10 0 57.06 
8 9 5000 10 0 2.61 
9 12 5000 10 0 19.03 
9 13 50000 1 0 32.66 
9 14 20000 2.5 0 56.53 
9 15 5000 10 0 112.87 
10 11 10000 5 0 56.75 
10 19 50000 1 0 43.67 
12 13 10000 5 0 23.28 
13 14 5000 10 0 24.43 
14 16 5000 10 0 101.95 
15 16 10000 5 0 28.91 
16 17 50000 1 0 41.9 
17 18 5000 10 0 20.2 
18 19 50000 1 0 16.02 
1 0 50000 1 0 18.47 
3 0 20000 2.5 0 20.77 
14 0 5000 10 0 29.72 
3 1 10000 5 0 29.07 
4 1 10000 5 0 25.15 
16 2 10000 5 0 64.86 
11 2 20000 2.5 0 18.25 
3 2 20000 2.5 0 71.43 
19 2 5000 10 0 95.88 
7 4 20000 2.5 0 1.11 
8 5 50000 1 0 9.71 
6 5 5000 10 0 39.46 
8 6 5000 10 0 48.92 
14 6 5000 10 0 43.51 
7 6 5000 10 0 7.54 
9 7 5000 10 0 57.06 
9 8 5000 10 0 2.61 
12 9 5000 10 0 19.03 
13 9 50000 1 0 32.66 
14 9 20000 2.5 0 56.53 
15 9 5000 10 0 112.87 
11 10 10000 5 0 56.75 
19 10 50000 1 0 43.67 
13 12 10000 5 0 23.28 
14 13 5000 10 0 24.43 
16 14 5000 10 0 101.95 
16 15 10000 5 0 28.91 
17 16 50000 1 0 41.9 
18 17 5000 10 0 20.2 
19 18 50000 1 0 16.02 
15 0 100 48.75 
19 12 50 17.55 
8 0 100 67.21 
10 6 500 10.46 
9 1 100 170.49 
1 0 500 202.38 
6 4 100 31.68 
13 5 50 39.14 
9 14 500 199.93 
0 19 50 34.98 
17 3 500 18.96 
4 19 50 18.54 
13 7 1000 64.13 
9 19 100 19.95 
17 6 100 24.1 
18 7 50 23.96 
9 6 500 187.75 
0 16 50 21.21 
11 17 500 23.52 
15 6 1000 13.75 
12 5 1000 36.7 
16 6 1000 31.81 
14 0 500 28.55 
4 6 50 31.68 
0 17 100 33.74 
18 3 500 18.71 
10 0 500 30.3 
14 5 100 32.8 
2 15 50 30.88 
14 15 1000 90.3 
10 13 100 12.39 
16 5 100 19.17 
7 12 1000 59.75 
12 13 500 199.93 
11 7 50 26.46 
7 19 50 17.26 
0 11 100 24.69 
16 11 50 23.52 
0 9 500 163.67 
4 2 500 26.46 
19 5 50 15.39 
4 17 1000 21.99 
0 12 100 30.82 
9 7 50 181.22 
