25 90 27 
0 1 2500 200 0 17.49 
2 6 2500 200 0 16.5 
2 8 2500 200 0 25.48 
2 9 2500 200 0 24.86 
4 3 2500 200 0 15.49 
5 3 2500 200 0 17.35 
5 4 2500 200 0 17.56 
5 6 2500 200 0 18.3 
5 7 2500 200 0 15.11 
7 6 2500 200 0 18.73 
7 8 2500 200 0 17.59 
9 11 2500 200 0 18.19 
10 9 2500 200 0 20.19 
10 11 2500 200 0 16.73 
12 13 2500 200 0 15.69 
14 8 2500 200 0 27.31 
14 10 2500 200 0 24.47 
14 12 2500 200 0 20.08 
14 13 2500 200 0 19.39 
14 15 2500 200 0 17.9 
14 17 2500 200 0 23.25 
14 19 2500 200 0 19.42 
14 20 2500 200 0 19.62 
14 21 2500 200 0 21.24 
14 24 2500 200 0 19.19 
15 8 2500 200 0 29.23 
15 9 2500 200 0 22.57 
15 10 2500 200 0 20.48 
15 11 2500 200 0 18.43 
16 9 2500 200 0 16.94 
16 15 2500 200 0 20.37 
17 18 2500 200 0 16.64 
19 18 2500 200 0 20.87 
19 20 2500 200 0 17.01 
19 23 2500 200 0 17.94 
21 8 2500 200 0 23.53 
21 19 2500 200 0 25.62 
21 22 2500 200 0 17.59 
21 23 2500 200 0 21.36 
23 22 2500 200 0 17.84 
24 0 2500 200 0 15.2 
24 1 2500 200 0 18.39 
24 2 2500 200 0 21.9 
24 3 2500 200 0 16.33 
24 8 2500 200 0 25.94 
1 0 2500 200 0 17.49 
6 2 2500 200 0 16.5 
8 2 2500 200 0 25.48 
9 2 2500 200 0 24.86 
3 4 2500 200 0 15.49 
3 5 2500 200 0 17.35 
4 5 2500 200 0 17.56 
6 5 2500 200 0 18.3 
7 5 2500 200 0 15.11 
6 7 2500 200 0 18.73 
8 7 2500 200 0 17.59 
11 9 2500 200 0 18.19 
9 10 2500 200 0 20.19 
11 10 2500 200 0 16.73 
13 12 2500 200 0 15.69 
8 14 2500 200 0 27.31 
10 14 2500 200 0 24.47 
12 14 2500 200 0 20.08 
13 14 2500 200 0 19.39 
15 14 2500 200 0 17.9 
17 14 2500 200 0 23.25 
19 14 2500 200 0 19.42 
20 14 2500 200 0 19.62 
21 14 2500 200 0 21.24 
24 14 2500 200 0 19.19 
8 15 2500 200 0 29.23 
9 15 2500 200 0 22.57 
10 15 2500 200 0 20.48 
11 15 2500 200 0 18.43 
9 16 2500 200 0 16.94 
15 16 2500 200 0 20.37 
18 17 2500 200 0 16.64 
18 19 2500 200 0 20.87 
20 19 2500 200 0 17.01 
23 19 2500 200 0 17.94 
8 21 2500 200 0 23.53 
19 21 2500 200 0 25.62 
22 21 2500 200 0 17.59 
23 21 2500 200 0 21.36 
22 23 2500 200 0 17.84 
0 24 2500 200 0 15.2 
1 24 2500 200 0 18.39 
2 24 2500 200 0 21.9 
3 24 2500 200 0 16.33 
8 24 2500 200 0 25.94 
24 23 408 16.68 
21 19 1361 41.73 
2 16 282 11.7 
23 21 1147 41.73 
9 10 486 39.33 
8 1 379 19.24 
14 0 301 10.61 
0 13 612 19.06 
10 7 865 14.05 
2 24 544 14 
12 8 204 25.34 
0 8 1507 20.68 
22 11 184 8.75 
17 22 301 21.01 
1 20 340 14.75 
15 24 748 17.08 
12 10 1098 19.08 
18 13 155 33.35 
8 7 184 20.56 
6 0 1098 15.56 
5 4 106 25.66 
10 20 1050 16.31 
11 20 204 12.26 
16 7 612 12.28 
19 7 651 12.95 
10 23 447 11.99 
7 8 213 20.56 
