25 90 27 
0 1 2500 200 1 17.49 
2 6 2500 200 1 16.5 
2 8 2500 200 1 25.48 
2 9 2500 200 1 24.86 
4 3 2500 200 1 15.49 
5 3 2500 200 1 17.35 
5 4 2500 200 1 17.56 
5 6 2500 200 1 18.3 
5 7 2500 200 1 15.11 
7 6 2500 200 1 18.73 
7 8 2500 200 1 17.59 
9 11 2500 200 1 18.19 
10 9 2500 200 1 20.19 
10 11 2500 200 1 16.73 
12 13 2500 200 1 15.69 
14 8 2500 200 1 27.31 
14 10 2500 200 1 24.47 
14 12 2500 200 1 20.08 
14 13 2500 200 1 19.39 
14 15 2500 200 1 17.9 
14 17 2500 200 1 23.25 
14 19 2500 200 1 19.42 
14 20 2500 200 1 19.62 
14 21 2500 200 1 21.24 
14 24 2500 200 1 19.19 
15 8 2500 200 1 29.23 
15 9 2500 200 1 22.57 
15 10 2500 200 1 20.48 
15 11 2500 200 1 18.43 
16 9 2500 200 1 16.94 
16 15 2500 200 1 20.37 
17 18 2500 200 1 16.64 
19 18 2500 200 1 20.87 
19 20 2500 200 1 17.01 
19 23 2500 200 1 17.94 
21 8 2500 200 1 23.53 
21 19 2500 200 1 25.62 
21 22 2500 200 1 17.59 
21 23 2500 200 1 21.36 
23 22 2500 200 1 17.84 
24 0 2500 200 1 15.2 
24 1 2500 200 1 18.39 
24 2 2500 200 1 21.9 
24 3 2500 200 1 16.33 
24 8 2500 200 1 25.94 
1 0 2500 200 1 17.49 
6 2 2500 200 1 16.5 
8 2 2500 200 1 25.48 
9 2 2500 200 1 24.86 
3 4 2500 200 1 15.49 
3 5 2500 200 1 17.35 
4 5 2500 200 1 17.56 
6 5 2500 200 1 18.3 
7 5 2500 200 1 15.11 
6 7 2500 200 1 18.73 
8 7 2500 200 1 17.59 
11 9 2500 200 1 18.19 
9 10 2500 200 1 20.19 
11 10 2500 200 1 16.73 
13 12 2500 200 1 15.69 
8 14 2500 200 1 27.31 
10 14 2500 200 1 24.47 
12 14 2500 200 1 20.08 
13 14 2500 200 1 19.39 
15 14 2500 200 1 17.9 
17 14 2500 200 1 23.25 
19 14 2500 200 1 19.42 
20 14 2500 200 1 19.62 
21 14 2500 200 1 21.24 
24 14 2500 200 1 19.19 
8 15 2500 200 1 29.23 
9 15 2500 200 1 22.57 
10 15 2500 200 1 20.48 
11 15 2500 200 1 18.43 
9 16 2500 200 1 16.94 
15 16 2500 200 1 20.37 
18 17 2500 200 1 16.64 
18 19 2500 200 1 20.87 
20 19 2500 200 1 17.01 
23 19 2500 200 1 17.94 
8 21 2500 200 1 23.53 
19 21 2500 200 1 25.62 
22 21 2500 200 1 17.59 
23 21 2500 200 1 21.36 
22 23 2500 200 1 17.84 
0 24 2500 200 1 15.2 
1 24 2500 200 1 18.39 
2 24 2500 200 1 21.9 
3 24 2500 200 1 16.33 
8 24 2500 200 1 25.94 
24 23 408 25.9 
21 19 1361 58.94 
2 16 282 19.61 
23 21 1147 58.94 
9 10 486 51.03 
8 1 379 33.33 
14 0 301 22.09 
0 13 612 31.46 
10 7 865 21.05 
2 24 544 27.91 
12 8 204 36.29 
0 8 1507 34.94 
22 11 184 14.58 
17 22 301 46.81 
1 20 340 19.67 
15 24 748 28.81 
12 10 1098 34.08 
18 13 155 51.73 
8 7 184 34.31 
6 0 1098 25.54 
5 4 106 40.74 
10 20 1050 21.92 
11 20 204 20.8 
16 7 612 18.92 
19 7 651 25.49 
10 23 447 19.81 
7 8 213 34.31 
