25 90 81 
0 1 2500 200 1 17.49 
2 6 2500 200 1 16.5 
2 8 2500 200 1 25.48 
2 9 2500 200 1 24.86 
4 3 2500 200 1 15.49 
5 3 2500 200 1 17.35 
5 4 2500 200 1 17.56 
5 6 2500 200 1 18.3 
5 7 2500 200 1 15.11 
7 6 2500 200 1 18.73 
7 8 2500 200 1 17.59 
9 11 2500 200 1 18.19 
10 9 2500 200 1 20.19 
10 11 2500 200 1 16.73 
12 13 2500 200 1 15.69 
14 8 2500 200 1 27.31 
14 10 2500 200 1 24.47 
14 12 2500 200 1 20.08 
14 13 2500 200 1 19.39 
14 15 2500 200 1 17.9 
14 17 2500 200 1 23.25 
14 19 2500 200 1 19.42 
14 20 2500 200 1 19.62 
14 21 2500 200 1 21.24 
14 24 2500 200 1 19.19 
15 8 2500 200 1 29.23 
15 9 2500 200 1 22.57 
15 10 2500 200 1 20.48 
15 11 2500 200 1 18.43 
16 9 2500 200 1 16.94 
16 15 2500 200 1 20.37 
17 18 2500 200 1 16.64 
19 18 2500 200 1 20.87 
19 20 2500 200 1 17.01 
19 23 2500 200 1 17.94 
21 8 2500 200 1 23.53 
21 19 2500 200 1 25.62 
21 22 2500 200 1 17.59 
21 23 2500 200 1 21.36 
23 22 2500 200 1 17.84 
24 0 2500 200 1 15.2 
24 1 2500 200 1 18.39 
24 2 2500 200 1 21.9 
24 3 2500 200 1 16.33 
24 8 2500 200 1 25.94 
1 0 2500 200 1 17.49 
6 2 2500 200 1 16.5 
8 2 2500 200 1 25.48 
9 2 2500 200 1 24.86 
3 4 2500 200 1 15.49 
3 5 2500 200 1 17.35 
4 5 2500 200 1 17.56 
6 5 2500 200 1 18.3 
7 5 2500 200 1 15.11 
6 7 2500 200 1 18.73 
8 7 2500 200 1 17.59 
11 9 2500 200 1 18.19 
9 10 2500 200 1 20.19 
11 10 2500 200 1 16.73 
13 12 2500 200 1 15.69 
8 14 2500 200 1 27.31 
10 14 2500 200 1 24.47 
12 14 2500 200 1 20.08 
13 14 2500 200 1 19.39 
15 14 2500 200 1 17.9 
17 14 2500 200 1 23.25 
19 14 2500 200 1 19.42 
20 14 2500 200 1 19.62 
21 14 2500 200 1 21.24 
24 14 2500 200 1 19.19 
8 15 2500 200 1 29.23 
9 15 2500 200 1 22.57 
10 15 2500 200 1 20.48 
11 15 2500 200 1 18.43 
9 16 2500 200 1 16.94 
15 16 2500 200 1 20.37 
18 17 2500 200 1 16.64 
18 19 2500 200 1 20.87 
20 19 2500 200 1 17.01 
23 19 2500 200 1 17.94 
8 21 2500 200 1 23.53 
19 21 2500 200 1 25.62 
22 21 2500 200 1 17.59 
23 21 2500 200 1 21.36 
22 23 2500 200 1 17.84 
0 24 2500 200 1 15.2 
1 24 2500 200 1 18.39 
2 24 2500 200 1 21.9 
3 24 2500 200 1 16.33 
8 24 2500 200 1 25.94 
24 23 408 16.68 
21 19 1361 41.73 
2 16 282 11.7 
23 21 1147 41.73 
9 10 486 39.33 
8 1 379 19.24 
14 0 301 10.61 
0 13 612 19.06 
10 7 865 14.05 
2 24 544 14 
12 8 204 25.34 
0 8 1507 20.68 
22 11 184 8.75 
17 22 301 21.01 
1 20 340 14.75 
15 24 748 17.08 
12 10 1098 19.08 
18 13 155 33.35 
8 7 184 20.56 
6 0 1098 15.56 
5 4 106 25.66 
10 20 1050 16.31 
11 20 204 12.26 
16 7 612 12.28 
19 7 651 12.95 
10 23 447 11.99 
7 8 213 20.56 
20 13 369 31.5 
24 4 272 21.2 
5 8 243 22.86 
7 15 48 10.33 
22 14 116 25.62 
6 9 243 9.08 
19 16 155 8.52 
9 15 544 34.81 
13 21 408 19.44 
21 18 816 29.55 
8 0 408 20.68 
13 10 243 19.08 
21 12 77 19.44 
24 9 77 11.59 
24 10 155 7.6 
4 21 213 15.26 
23 16 204 10.56 
23 14 48 28.61 
4 15 48 11.88 
16 15 340 34.81 
7 0 155 20.68 
18 21 77 29.55 
17 11 213 17.37 
2 0 77 14.8 
10 11 602 24.65 
18 20 155 33.74 
8 5 48 22.86 
15 11 408 27.36 
8 2 48 18.78 
11 14 213 23.01 
11 15 671 27.36 
17 16 301 14.73 
5 7 48 29.52 
21 16 77 13.62 
19 23 48 25.19 
8 9 204 9.96 
11 22 48 8.75 
16 10 136 42.95 
20 18 282 33.74 
20 21 136 38.25 
9 16 77 34.81 
4 10 77 8.51 
13 19 136 31.5 
11 10 301 24.65 
15 9 486 34.81 
19 24 136 19.2 
19 21 282 41.73 
7 6 1808 19.71 
5 15 48 9.46 
19 8 48 21.8 
15 10 369 23.8 
8 11 272 6.16 
10 22 106 11.83 
19 15 48 19.12 
