25 90 81 
0 1 2500 200 1 17.49 
2 6 2500 200 1 16.5 
2 8 2500 200 1 25.48 
2 9 2500 200 1 24.86 
4 3 2500 200 1 15.49 
5 3 2500 200 1 17.35 
5 4 2500 200 1 17.56 
5 6 2500 200 1 18.3 
5 7 2500 200 1 15.11 
7 6 2500 200 1 18.73 
7 8 2500 200 1 17.59 
9 11 2500 200 1 18.19 
10 9 2500 200 1 20.19 
10 11 2500 200 1 16.73 
12 13 2500 200 1 15.69 
14 8 2500 200 1 27.31 
14 10 2500 200 1 24.47 
14 12 2500 200 1 20.08 
14 13 2500 200 1 19.39 
14 15 2500 200 1 17.9 
14 17 2500 200 1 23.25 
14 19 2500 200 1 19.42 
14 20 2500 200 1 19.62 
14 21 2500 200 1 21.24 
14 24 2500 200 1 19.19 
15 8 2500 200 1 29.23 
15 9 2500 200 1 22.57 
15 10 2500 200 1 20.48 
15 11 2500 200 1 18.43 
16 9 2500 200 1 16.94 
16 15 2500 200 1 20.37 
17 18 2500 200 1 16.64 
19 18 2500 200 1 20.87 
19 20 2500 200 1 17.01 
19 23 2500 200 1 17.94 
21 8 2500 200 1 23.53 
21 19 2500 200 1 25.62 
21 22 2500 200 1 17.59 
21 23 2500 200 1 21.36 
23 22 2500 200 1 17.84 
24 0 2500 200 1 15.2 
24 1 2500 200 1 18.39 
24 2 2500 200 1 21.9 
24 3 2500 200 1 16.33 
24 8 2500 200 1 25.94 
1 0 2500 200 1 17.49 
6 2 2500 200 1 16.5 
8 2 2500 200 1 25.48 
9 2 2500 200 1 24.86 
3 4 2500 200 1 15.49 
3 5 2500 200 1 17.35 
4 5 2500 200 1 17.56 
6 5 2500 200 1 18.3 
7 5 2500 200 1 15.11 
6 7 2500 200 1 18.73 
8 7 2500 200 1 17.59 
11 9 2500 200 1 18.19 
9 10 2500 200 1 20.19 
11 10 2500 200 1 16.73 
13 12 2500 200 1 15.69 
8 14 2500 200 1 27.31 
10 14 2500 200 1 24.47 
12 14 2500 200 1 20.08 
13 14 2500 200 1 19.39 
15 14 2500 200 1 17.9 
17 14 2500 200 1 23.25 
19 14 2500 200 1 19.42 
20 14 2500 200 1 19.62 
21 14 2500 200 1 21.24 
24 14 2500 200 1 19.19 
8 15 2500 200 1 29.23 
9 15 2500 200 1 22.57 
10 15 2500 200 1 20.48 
11 15 2500 200 1 18.43 
9 16 2500 200 1 16.94 
15 16 2500 200 1 20.37 
18 17 2500 200 1 16.64 
18 19 2500 200 1 20.87 
20 19 2500 200 1 17.01 
23 19 2500 200 1 17.94 
8 21 2500 200 1 23.53 
19 21 2500 200 1 25.62 
22 21 2500 200 1 17.59 
23 21 2500 200 1 21.36 
22 23 2500 200 1 17.84 
0 24 2500 200 1 15.2 
1 24 2500 200 1 18.39 
2 24 2500 200 1 21.9 
3 24 2500 200 1 16.33 
8 24 2500 200 1 25.94 
24 23 408 36.25 
21 19 1361 64.07 
2 16 282 29.16 
23 21 1147 64.07 
9 10 486 62.26 
8 1 379 40.79 
14 0 301 28.07 
0 13 612 36.2 
10 7 865 28.24 
2 24 544 37.48 
12 8 204 41.94 
0 8 1507 40.93 
22 11 184 20.94 
17 22 301 62.52 
1 20 340 28.8 
15 24 748 35.34 
12 10 1098 40.26 
18 13 155 68.45 
8 7 184 44.17 
6 0 1098 37.12 
5 4 106 48.65 
10 20 1050 33.77 
11 20 204 27.55 
16 7 612 23.08 
19 7 651 29.39 
10 23 447 24.38 
7 8 213 44.17 
20 13 369 66.6 
24 4 272 53.3 
5 8 243 45.85 
7 15 48 25.44 
22 14 116 65.47 
6 9 243 19.4 
19 16 155 22.18 
9 15 544 58.52 
13 21 408 58.42 
21 18 816 66.08 
8 0 408 40.93 
13 10 243 40.28 
21 12 77 58.42 
24 9 77 28.45 
24 10 155 26.29 
4 21 213 28.86 
23 16 204 19.53 
23 14 48 68.77 
4 15 48 21.76 
16 15 340 58.52 
7 0 155 55.22 
18 21 77 66.08 
17 11 213 36.1 
2 0 77 32.26 
10 11 602 53.76 
18 20 155 67.2 
8 5 48 45.85 
15 11 408 52.19 
8 2 48 34.71 
11 14 213 45.79 
11 15 671 52.19 
17 16 301 33.07 
5 7 48 52.81 
21 16 77 25.45 
19 23 48 59.16 
8 9 204 28.89 
11 22 48 20.94 
16 10 136 65.31 
20 18 282 67.2 
20 21 136 63.78 
9 16 77 58.52 
4 10 77 18.61 
13 19 136 66.6 
11 10 301 53.76 
15 9 486 58.52 
19 24 136 33.74 
19 21 282 64.07 
7 6 1808 38.6 
5 15 48 22.38 
19 8 48 43.57 
15 10 369 44.61 
8 11 272 24.89 
10 22 106 24.22 
19 15 48 37.01 
