22 72 61 
0 2 40000 804 1 58.48 
0 4 40000 598 1 44.6 
0 9 40000 218 1 16.35 
0 15 40000 6802 1 502.57 
0 19 40000 277 1 16.29 
1 6 40000 264 1 16.48 
1 13 40000 186 1 12.81 
1 14 40000 169 1 9.65 
2 6 40000 410 1 26.44 
2 12 40000 250 1 18.19 
3 4 40000 411 1 32.68 
3 16 40000 309 1 19.2 
3 20 40000 290 1 18.93 
4 6 40000 478 1 36.53 
4 7 40000 1794 1 105.59 
4 10 40000 1088 1 85.37 
4 12 40000 518 1 26.54 
4 14 40000 358 1 24.87 
4 18 40000 1184 1 72.17 
5 6 40000 1054 1 58.49 
5 12 40000 1189 1 77.42 
5 17 40000 503 1 32.33 
6 13 40000 287 1 22.14 
6 21 40000 343 1 20.97 
7 12 40000 1453 1 89.88 
8 9 40000 304 1 20.34 
8 19 40000 115 1 8.97 
9 20 40000 163 1 12.24 
10 21 40000 463 1 36.23 
11 12 40000 2658 1 158.26 
11 14 40000 3296 1 196.33 
14 21 40000 359 1 29.21 
15 21 40000 5575 1 412.23 
16 18 40000 777 1 38.24 
17 21 40000 1588 1 87.52 
18 21 40000 1426 1 109.27 
2 0 40000 804 1 58.48 
4 0 40000 598 1 44.6 
9 0 40000 218 1 16.35 
15 0 40000 6802 1 502.57 
19 0 40000 277 1 16.29 
6 1 40000 264 1 16.48 
13 1 40000 186 1 12.81 
14 1 40000 169 1 9.65 
6 2 40000 410 1 26.44 
12 2 40000 250 1 18.19 
4 3 40000 411 1 32.68 
16 3 40000 309 1 19.2 
20 3 40000 290 1 18.93 
6 4 40000 478 1 36.53 
7 4 40000 1794 1 105.59 
10 4 40000 1088 1 85.37 
12 4 40000 518 1 26.54 
14 4 40000 358 1 24.87 
18 4 40000 1184 1 72.17 
6 5 40000 1054 1 58.49 
12 5 40000 1189 1 77.42 
17 5 40000 503 1 32.33 
13 6 40000 287 1 22.14 
21 6 40000 343 1 20.97 
12 7 40000 1453 1 89.88 
9 8 40000 304 1 20.34 
19 8 40000 115 1 8.97 
20 9 40000 163 1 12.24 
21 10 40000 463 1 36.23 
12 11 40000 2658 1 158.26 
14 11 40000 3296 1 196.33 
21 14 40000 359 1 29.21 
21 15 40000 5575 1 412.23 
18 16 40000 777 1 38.24 
21 17 40000 1588 1 87.52 
21 18 40000 1426 1 109.27 
0 1 4442 30.12 
2 10 3660 48.49 
3 4 5358 56.94 
10 19 836 14.99 
2 18 336 37.19 
5 8 203 22.8 
0 10 55 26.79 
7 19 125 51.96 
19 10 3804 14.99 
15 11 3282 56.94 
18 7 571 18.42 
18 19 4172 32.51 
13 21 312 60.37 
14 2 8 40.73 
0 9 3282 51.18 
6 19 114 30.02 
1 4 177 64.85 
5 6 8677 67.52 
20 17 3406 19.1 
4 16 7638 50.93 
14 8 346 17.01 
11 19 158 22.65 
1 0 21227 30.12 
18 20 5638 29.4 
18 13 336 29.64 
1 3 5358 34.64 
5 19 221 23.97 
9 1 568 18.47 
16 14 710 24.05 
0 3 836 51.18 
9 15 8677 17.89 
7 1 263 47.93 
10 11 1415 43 
8 14 4601 17.01 
17 10 29 25.33 
8 12 1241 32.8 
14 21 8677 39.63 
9 4 4 99.11 
20 4 1092 93.1 
9 14 1753 27.81 
2 1 4941 61.36 
14 6 90 81.12 
9 21 4069 22.25 
16 15 2775 22.33 
3 0 700 51.18 
20 13 181 23.34 
3 9 5993 78.32 
13 19 2033 13.38 
21 6 210 59.84 
1 21 435 58.35 
14 19 135 26.69 
5 0 29 33.49 
17 11 3882 31.81 
5 16 14153 25.13 
19 4 3183 102.47 
8 15 950 29.9 
15 10 61 42.73 
1 18 734 36.42 
3 14 8500 33.34 
16 5 156 25.13 
8 1 221 27.6 
