22 72 61 
0 2 40000 804 0 58.48 
0 4 40000 598 0 44.6 
0 9 40000 218 0 16.35 
0 15 40000 6802 0 502.57 
0 19 40000 277 0 16.29 
1 6 40000 264 0 16.48 
1 13 40000 186 0 12.81 
1 14 40000 169 0 9.65 
2 6 40000 410 0 26.44 
2 12 40000 250 0 18.19 
3 4 40000 411 0 32.68 
3 16 40000 309 0 19.2 
3 20 40000 290 0 18.93 
4 6 40000 478 0 36.53 
4 7 40000 1794 0 105.59 
4 10 40000 1088 0 85.37 
4 12 40000 518 0 26.54 
4 14 40000 358 0 24.87 
4 18 40000 1184 0 72.17 
5 6 40000 1054 0 58.49 
5 12 40000 1189 0 77.42 
5 17 40000 503 0 32.33 
6 13 40000 287 0 22.14 
6 21 40000 343 0 20.97 
7 12 40000 1453 0 89.88 
8 9 40000 304 0 20.34 
8 19 40000 115 0 8.97 
9 20 40000 163 0 12.24 
10 21 40000 463 0 36.23 
11 12 40000 2658 0 158.26 
11 14 40000 3296 0 196.33 
14 21 40000 359 0 29.21 
15 21 40000 5575 0 412.23 
16 18 40000 777 0 38.24 
17 21 40000 1588 0 87.52 
18 21 40000 1426 0 109.27 
2 0 40000 804 0 58.48 
4 0 40000 598 0 44.6 
9 0 40000 218 0 16.35 
15 0 40000 6802 0 502.57 
19 0 40000 277 0 16.29 
6 1 40000 264 0 16.48 
13 1 40000 186 0 12.81 
14 1 40000 169 0 9.65 
6 2 40000 410 0 26.44 
12 2 40000 250 0 18.19 
4 3 40000 411 0 32.68 
16 3 40000 309 0 19.2 
20 3 40000 290 0 18.93 
6 4 40000 478 0 36.53 
7 4 40000 1794 0 105.59 
10 4 40000 1088 0 85.37 
12 4 40000 518 0 26.54 
14 4 40000 358 0 24.87 
18 4 40000 1184 0 72.17 
6 5 40000 1054 0 58.49 
12 5 40000 1189 0 77.42 
17 5 40000 503 0 32.33 
13 6 40000 287 0 22.14 
21 6 40000 343 0 20.97 
12 7 40000 1453 0 89.88 
9 8 40000 304 0 20.34 
19 8 40000 115 0 8.97 
20 9 40000 163 0 12.24 
21 10 40000 463 0 36.23 
12 11 40000 2658 0 158.26 
14 11 40000 3296 0 196.33 
21 14 40000 359 0 29.21 
21 15 40000 5575 0 412.23 
18 16 40000 777 0 38.24 
21 17 40000 1588 0 87.52 
21 18 40000 1426 0 109.27 
0 1 4442 84.39 
2 10 3660 113.32 
3 4 5358 138.44 
10 19 836 44.23 
2 18 336 96.19 
5 8 203 62.85 
0 10 55 72.37 
7 19 125 87.56 
19 10 3804 44.23 
15 11 3282 98.82 
18 7 571 68.41 
18 19 4172 62.08 
13 21 312 116.65 
14 2 8 108.23 
0 9 3282 109.42 
6 19 114 103.12 
1 4 177 133.73 
5 6 8677 128.59 
20 17 3406 47.25 
4 16 7638 145.83 
14 8 346 58.61 
11 19 158 51.16 
1 0 21227 84.39 
18 20 5638 60.56 
18 13 336 80.84 
1 3 5358 66.48 
5 19 221 61.19 
9 1 568 58.61 
16 14 710 58 
0 3 836 109.42 
9 15 8677 60.05 
7 1 263 102.5 
10 11 1415 99.32 
8 14 4601 58.61 
17 10 29 96.04 
8 12 1241 92.03 
14 21 8677 105.71 
9 4 4 153.65 
20 4 1092 147.64 
9 14 1753 77.57 
2 1 4941 118.37 
14 6 90 166.26 
9 21 4069 57.44 
16 15 2775 67.52 
3 0 700 109.42 
20 13 181 62.29 
3 9 5993 117.75 
13 19 2033 45.67 
21 6 210 137.33 
1 21 435 116.65 
14 19 135 64.1 
5 0 29 72.16 
17 11 3882 90.18 
5 16 14153 53.41 
19 4 3183 148.38 
8 15 950 55.57 
15 10 61 76.9 
1 18 734 77.39 
3 14 8500 64.19 
16 5 156 53.41 
8 1 221 52.85 
