22 72 91 
0 2 40000 804 1 58.48 
0 4 40000 598 1 44.6 
0 9 40000 218 1 16.35 
0 15 40000 6802 1 502.57 
0 19 40000 277 1 16.29 
1 6 40000 264 1 16.48 
1 13 40000 186 1 12.81 
1 14 40000 169 1 9.65 
2 6 40000 410 1 26.44 
2 12 40000 250 1 18.19 
3 4 40000 411 1 32.68 
3 16 40000 309 1 19.2 
3 20 40000 290 1 18.93 
4 6 40000 478 1 36.53 
4 7 40000 1794 1 105.59 
4 10 40000 1088 1 85.37 
4 12 40000 518 1 26.54 
4 14 40000 358 1 24.87 
4 18 40000 1184 1 72.17 
5 6 40000 1054 1 58.49 
5 12 40000 1189 1 77.42 
5 17 40000 503 1 32.33 
6 13 40000 287 1 22.14 
6 21 40000 343 1 20.97 
7 12 40000 1453 1 89.88 
8 9 40000 304 1 20.34 
8 19 40000 115 1 8.97 
9 20 40000 163 1 12.24 
10 21 40000 463 1 36.23 
11 12 40000 2658 1 158.26 
11 14 40000 3296 1 196.33 
14 21 40000 359 1 29.21 
15 21 40000 5575 1 412.23 
16 18 40000 777 1 38.24 
17 21 40000 1588 1 87.52 
18 21 40000 1426 1 109.27 
2 0 40000 804 1 58.48 
4 0 40000 598 1 44.6 
9 0 40000 218 1 16.35 
15 0 40000 6802 1 502.57 
19 0 40000 277 1 16.29 
6 1 40000 264 1 16.48 
13 1 40000 186 1 12.81 
14 1 40000 169 1 9.65 
6 2 40000 410 1 26.44 
12 2 40000 250 1 18.19 
4 3 40000 411 1 32.68 
16 3 40000 309 1 19.2 
20 3 40000 290 1 18.93 
6 4 40000 478 1 36.53 
7 4 40000 1794 1 105.59 
10 4 40000 1088 1 85.37 
12 4 40000 518 1 26.54 
14 4 40000 358 1 24.87 
18 4 40000 1184 1 72.17 
6 5 40000 1054 1 58.49 
12 5 40000 1189 1 77.42 
17 5 40000 503 1 32.33 
13 6 40000 287 1 22.14 
21 6 40000 343 1 20.97 
12 7 40000 1453 1 89.88 
9 8 40000 304 1 20.34 
19 8 40000 115 1 8.97 
20 9 40000 163 1 12.24 
21 10 40000 463 1 36.23 
12 11 40000 2658 1 158.26 
14 11 40000 3296 1 196.33 
21 14 40000 359 1 29.21 
21 15 40000 5575 1 412.23 
18 16 40000 777 1 38.24 
21 17 40000 1588 1 87.52 
21 18 40000 1426 1 109.27 
0 1 4442 61.84 
2 10 3660 88.88 
3 4 5358 109.78 
10 19 836 35.16 
2 18 336 70.78 
5 8 203 46.97 
0 10 55 48.32 
7 19 125 70.62 
19 10 3804 35.16 
15 11 3282 89.57 
18 7 571 40.75 
18 19 4172 50.31 
13 21 312 92.72 
14 2 8 74.98 
0 9 3282 81.91 
6 19 114 82.4 
1 4 177 107.73 
5 6 8677 98.88 
20 17 3406 32.36 
4 16 7638 123.57 
14 8 346 40.14 
11 19 158 36.02 
1 0 21227 61.84 
18 20 5638 47.29 
18 13 336 61.08 
1 3 5358 52.02 
5 19 221 38.44 
9 1 568 40.12 
16 14 710 40.01 
0 3 836 81.91 
9 15 8677 41.17 
7 1 263 82.54 
10 11 1415 72.43 
8 14 4601 40.14 
17 10 29 56.26 
8 12 1241 54.07 
14 21 8677 81.47 
9 4 4 125.94 
20 4 1092 123.97 
9 14 1753 41.63 
2 1 4941 82.34 
14 6 90 126.18 
9 21 4069 36.07 
16 15 2775 38.7 
3 0 700 81.91 
20 13 181 50.5 
3 9 5993 102.51 
13 19 2033 36.14 
21 6 210 103.11 
1 21 435 92.2 
14 19 135 39.96 
5 0 29 53.25 
17 11 3882 64.36 
5 16 14153 34.07 
19 4 3183 125.94 
8 15 950 42.16 
15 10 61 61.2 
1 18 734 61.13 
3 14 8500 52.32 
16 5 156 34.07 
8 1 221 39.21 
3 15 38 51.96 
17 2 8 66.77 
0 2 2309 110.53 
1 20 1781 45.42 
1 16 307 44.89 
3 18 449 58.11 
18 12 638 59.88 
18 5 5754 57.46 
4 5 14075 87.27 
19 5 423 38.44 
21 14 836 81.47 
16 2 526 90.27 
1 5 2176 102.87 
18 17 403 42.24 
12 1 134 85.18 
11 4 1049 104.54 
9 8 1937 81.91 
15 9 147 41.17 
17 15 41 74.03 
11 20 1639 43.84 
7 17 504 54.62 
20 14 1325 45.42 
0 17 1069 40.14 
2 21 1056 70.36 
14 13 1758 92.79 
17 12 734 96.73 
14 20 177 45.42 
2 20 473 104.36 
10 6 3151 144.25 
11 2 451 111.38 
