22 72 183 
0 2 40000 804 0 58.48 
0 4 40000 598 0 44.6 
0 9 40000 218 0 16.35 
0 15 40000 6802 0 502.57 
0 19 40000 277 0 16.29 
1 6 40000 264 0 16.48 
1 13 40000 186 0 12.81 
1 14 40000 169 0 9.65 
2 6 40000 410 0 26.44 
2 12 40000 250 0 18.19 
3 4 40000 411 0 32.68 
3 16 40000 309 0 19.2 
3 20 40000 290 0 18.93 
4 6 40000 478 0 36.53 
4 7 40000 1794 0 105.59 
4 10 40000 1088 0 85.37 
4 12 40000 518 0 26.54 
4 14 40000 358 0 24.87 
4 18 40000 1184 0 72.17 
5 6 40000 1054 0 58.49 
5 12 40000 1189 0 77.42 
5 17 40000 503 0 32.33 
6 13 40000 287 0 22.14 
6 21 40000 343 0 20.97 
7 12 40000 1453 0 89.88 
8 9 40000 304 0 20.34 
8 19 40000 115 0 8.97 
9 20 40000 163 0 12.24 
10 21 40000 463 0 36.23 
11 12 40000 2658 0 158.26 
11 14 40000 3296 0 196.33 
14 21 40000 359 0 29.21 
15 21 40000 5575 0 412.23 
16 18 40000 777 0 38.24 
17 21 40000 1588 0 87.52 
18 21 40000 1426 0 109.27 
2 0 40000 804 0 58.48 
4 0 40000 598 0 44.6 
9 0 40000 218 0 16.35 
15 0 40000 6802 0 502.57 
19 0 40000 277 0 16.29 
6 1 40000 264 0 16.48 
13 1 40000 186 0 12.81 
14 1 40000 169 0 9.65 
6 2 40000 410 0 26.44 
12 2 40000 250 0 18.19 
4 3 40000 411 0 32.68 
16 3 40000 309 0 19.2 
20 3 40000 290 0 18.93 
6 4 40000 478 0 36.53 
7 4 40000 1794 0 105.59 
10 4 40000 1088 0 85.37 
12 4 40000 518 0 26.54 
14 4 40000 358 0 24.87 
18 4 40000 1184 0 72.17 
6 5 40000 1054 0 58.49 
12 5 40000 1189 0 77.42 
17 5 40000 503 0 32.33 
13 6 40000 287 0 22.14 
21 6 40000 343 0 20.97 
12 7 40000 1453 0 89.88 
9 8 40000 304 0 20.34 
19 8 40000 115 0 8.97 
20 9 40000 163 0 12.24 
21 10 40000 463 0 36.23 
12 11 40000 2658 0 158.26 
14 11 40000 3296 0 196.33 
21 14 40000 359 0 29.21 
21 15 40000 5575 0 412.23 
18 16 40000 777 0 38.24 
21 17 40000 1588 0 87.52 
21 18 40000 1426 0 109.27 
0 1 4442 30.12 
2 10 3660 48.49 
3 4 5358 56.94 
10 19 836 14.99 
2 18 336 37.19 
5 8 203 22.8 
0 10 55 26.79 
7 19 125 51.96 
19 10 3804 14.99 
15 11 3282 56.94 
18 7 571 18.42 
18 19 4172 32.51 
13 21 312 60.37 
14 2 8 40.73 
0 9 3282 51.18 
6 19 114 30.02 
1 4 177 64.85 
5 6 8677 67.52 
20 17 3406 19.1 
4 16 7638 50.93 
14 8 346 17.01 
11 19 158 22.65 
1 0 21227 30.12 
18 20 5638 29.4 
18 13 336 29.64 
1 3 5358 34.64 
5 19 221 23.97 
9 1 568 18.47 
16 14 710 24.05 
0 3 836 51.18 
9 15 8677 17.89 
7 1 263 47.93 
10 11 1415 43 
8 14 4601 17.01 
17 10 29 25.33 
8 12 1241 32.8 
14 21 8677 39.63 
9 4 4 99.11 
20 4 1092 93.1 
9 14 1753 27.81 
2 1 4941 61.36 
14 6 90 81.12 
9 21 4069 22.25 
16 15 2775 22.33 
3 0 700 51.18 
20 13 181 23.34 
3 9 5993 78.32 
13 19 2033 13.38 
21 6 210 59.84 
1 21 435 58.35 
14 19 135 26.69 
5 0 29 33.49 
17 11 3882 31.81 
5 16 14153 25.13 
19 4 3183 102.47 
8 15 950 29.9 
15 10 61 42.73 
1 18 734 36.42 
3 14 8500 33.34 
16 5 156 25.13 
8 1 221 27.6 
3 15 38 29.25 
17 2 8 38.52 
0 2 2309 77.59 
1 20 1781 24.88 
1 16 307 24.71 
3 18 449 34.64 
18 12 638 24.61 
18 5 5754 40.39 
4 5 14075 46.26 
19 5 423 23.97 
21 14 836 39.63 
16 2 526 55.85 
1 5 2176 63.82 
18 17 403 19.9 
12 1 134 56.21 
11 4 1049 68.94 
9 8 1937 51.18 
15 9 147 17.89 
17 15 41 53.7 
11 20 1639 24.05 
7 17 504 24.27 
20 14 1325 19.09 
0 17 1069 20.33 
2 21 1056 41.11 
14 13 1758 53.16 
17 12 734 61.13 
14 20 177 19.09 
2 20 473 60.88 
10 6 3151 110.67 
11 2 451 73.59 
1 17 218 48.28 
21 18 61 46.54 
0 4 191 75.67 
10 20 838 21.85 
3 11 264 34.64 
6 14 213 81.12 
13 9 14 24.42 
17 3 586 23.3 
21 13 226 60.37 
7 3 66 48.73 
6 9 3003 52.02 
2 13 550 51.2 
17 0 384 20.33 
11 3 734 34.64 
6 12 169 50.38 
16 6 1639 24.05 
15 18 3003 42.75 
16 17 104 19.9 
19 18 292 32.51 
6 4 132 78.31 
8 5 196 22.8 
15 6 216 39.63 
18 6 2304 54.05 
11 1 135 54.91 
18 10 35 41.03 
12 7 162 68.65 
3 7 14 48.73 
2 6 81 62.19 
12 5 145 35.6 
0 19 556 51.18 
3 6 60 26.09 
16 10 168 29.25 
12 0 83 54.58 
3 21 423 29.76 
4 6 35 78.31 
6 20 16 40.14 
10 14 1330 76.82 
21 17 334 64.7 
17 16 31 19.9 
0 13 1205 26.33 
6 7 513 89.15 
6 10 63 110.67 
17 4 167 51.47 
21 5 31 64.7 
7 16 485 49.76 
6 1 389 81.12 
12 10 10180 48.47 
5 18 64 40.39 
5 3 160 25.7 
0 6 312 38.52 
10 12 788 48.47 
21 16 165 32.67 
12 13 2542 63.53 
15 13 116 46.22 
13 1 245 81.12 
15 1 102 46.22 
12 17 100 61.13 
5 21 218 64.7 
3 2 204 51.96 
5 4 55 46.26 
19 13 35 13.38 
2 7 61 82.15 
5 2 4181 35.6 
12 4 1639 67.86 
6 21 189 59.84 
7 2 55 82.15 
7 13 433 36.03 
2 4 110 57.91 
19 9 734 51.18 
14 12 1581 40.36 
13 12 9 63.53 
15 3 10 29.25 
11 5 124 44.94 
21 12 1056 71.1 
15 14 38 23.49 
4 12 222 67.86 
21 9 6 22.25 
14 11 114 54.52 
17 6 2089 70.68 
5 14 889 59.28 
12 3 990 57.85 
16 1 13 24.71 
20 1 31 24.88 
6 13 838 81.12 
14 4 876 46.6 
14 5 71 59.28 
21 7 1786 40.56 
5 9 1 25.67 
7 6 14 89.15 
14 3 204 33.34 
19 8 33 51.18 
0 8 1179 51.18 
