22 72 183 
0 2 40000 804 0 58.48 
0 4 40000 598 0 44.6 
0 9 40000 218 0 16.35 
0 15 40000 6802 0 502.57 
0 19 40000 277 0 16.29 
1 6 40000 264 0 16.48 
1 13 40000 186 0 12.81 
1 14 40000 169 0 9.65 
2 6 40000 410 0 26.44 
2 12 40000 250 0 18.19 
3 4 40000 411 0 32.68 
3 16 40000 309 0 19.2 
3 20 40000 290 0 18.93 
4 6 40000 478 0 36.53 
4 7 40000 1794 0 105.59 
4 10 40000 1088 0 85.37 
4 12 40000 518 0 26.54 
4 14 40000 358 0 24.87 
4 18 40000 1184 0 72.17 
5 6 40000 1054 0 58.49 
5 12 40000 1189 0 77.42 
5 17 40000 503 0 32.33 
6 13 40000 287 0 22.14 
6 21 40000 343 0 20.97 
7 12 40000 1453 0 89.88 
8 9 40000 304 0 20.34 
8 19 40000 115 0 8.97 
9 20 40000 163 0 12.24 
10 21 40000 463 0 36.23 
11 12 40000 2658 0 158.26 
11 14 40000 3296 0 196.33 
14 21 40000 359 0 29.21 
15 21 40000 5575 0 412.23 
16 18 40000 777 0 38.24 
17 21 40000 1588 0 87.52 
18 21 40000 1426 0 109.27 
2 0 40000 804 0 58.48 
4 0 40000 598 0 44.6 
9 0 40000 218 0 16.35 
15 0 40000 6802 0 502.57 
19 0 40000 277 0 16.29 
6 1 40000 264 0 16.48 
13 1 40000 186 0 12.81 
14 1 40000 169 0 9.65 
6 2 40000 410 0 26.44 
12 2 40000 250 0 18.19 
4 3 40000 411 0 32.68 
16 3 40000 309 0 19.2 
20 3 40000 290 0 18.93 
6 4 40000 478 0 36.53 
7 4 40000 1794 0 105.59 
10 4 40000 1088 0 85.37 
12 4 40000 518 0 26.54 
14 4 40000 358 0 24.87 
18 4 40000 1184 0 72.17 
6 5 40000 1054 0 58.49 
12 5 40000 1189 0 77.42 
17 5 40000 503 0 32.33 
13 6 40000 287 0 22.14 
21 6 40000 343 0 20.97 
12 7 40000 1453 0 89.88 
9 8 40000 304 0 20.34 
19 8 40000 115 0 8.97 
20 9 40000 163 0 12.24 
21 10 40000 463 0 36.23 
12 11 40000 2658 0 158.26 
14 11 40000 3296 0 196.33 
21 14 40000 359 0 29.21 
21 15 40000 5575 0 412.23 
18 16 40000 777 0 38.24 
21 17 40000 1588 0 87.52 
21 18 40000 1426 0 109.27 
0 1 4442 61.84 
2 10 3660 88.88 
3 4 5358 109.78 
10 19 836 35.16 
2 18 336 70.78 
5 8 203 46.97 
0 10 55 48.32 
7 19 125 70.62 
19 10 3804 35.16 
15 11 3282 89.57 
18 7 571 40.75 
18 19 4172 50.31 
13 21 312 92.72 
14 2 8 74.98 
0 9 3282 81.91 
6 19 114 82.4 
1 4 177 107.73 
5 6 8677 98.88 
20 17 3406 32.36 
4 16 7638 123.57 
14 8 346 40.14 
11 19 158 36.02 
1 0 21227 61.84 
18 20 5638 47.29 
18 13 336 61.08 
1 3 5358 52.02 
5 19 221 38.44 
9 1 568 40.12 
16 14 710 40.01 
0 3 836 81.91 
9 15 8677 41.17 
7 1 263 82.54 
10 11 1415 72.43 
8 14 4601 40.14 
17 10 29 56.26 
8 12 1241 54.07 
14 21 8677 81.47 
9 4 4 125.94 
20 4 1092 123.97 
9 14 1753 41.63 
2 1 4941 82.34 
14 6 90 126.18 
9 21 4069 36.07 
16 15 2775 38.7 
3 0 700 81.91 
20 13 181 50.5 
3 9 5993 102.51 
13 19 2033 36.14 
21 6 210 103.11 
1 21 435 92.2 
14 19 135 39.96 
5 0 29 53.25 
17 11 3882 64.36 
5 16 14153 34.07 
19 4 3183 125.94 
8 15 950 42.16 
15 10 61 61.2 
1 18 734 61.13 
3 14 8500 52.32 
16 5 156 34.07 
8 1 221 39.21 
3 15 38 51.96 
17 2 8 66.77 
0 2 2309 110.53 
1 20 1781 45.42 
1 16 307 44.89 
3 18 449 58.11 
18 12 638 59.88 
18 5 5754 57.46 
4 5 14075 87.27 
19 5 423 38.44 
21 14 836 81.47 
16 2 526 90.27 
1 5 2176 102.87 
18 17 403 42.24 
12 1 134 85.18 
11 4 1049 104.54 
9 8 1937 81.91 
15 9 147 41.17 
17 15 41 74.03 
11 20 1639 43.84 
7 17 504 54.62 
20 14 1325 45.42 
0 17 1069 40.14 
2 21 1056 70.36 
14 13 1758 92.79 
17 12 734 96.73 
14 20 177 45.42 
2 20 473 104.36 
10 6 3151 144.25 
11 2 451 111.38 
1 17 218 92.99 
21 18 61 75.79 
0 4 191 109.07 
10 20 838 49.4 
3 11 264 58.1 
6 14 213 126.18 
13 9 14 46.52 
17 3 586 42.38 
21 13 226 92.72 
7 3 66 70.22 
6 9 3003 85.53 
2 13 550 77.53 
17 0 384 40.14 
11 3 734 58.1 
6 12 169 86.69 
16 6 1639 59 
15 18 3003 68.58 
16 17 104 30.29 
19 18 292 50.31 
6 4 132 123 
8 5 196 46.97 
15 6 216 66.21 
18 6 2304 76 
11 1 135 91.01 
18 10 35 67.77 
12 7 162 113.24 
3 7 14 70.22 
2 6 81 96.93 
12 5 145 66.59 
0 19 556 81.91 
3 6 60 54.92 
16 10 168 42.73 
12 0 83 91.57 
3 21 423 52.84 
4 6 35 123 
6 20 16 73.1 
10 14 1330 112.42 
21 17 334 108.01 
17 16 31 30.29 
0 13 1205 46.62 
6 7 513 116.65 
6 10 63 144.25 
17 4 167 94.42 
21 5 31 108.01 
7 16 485 68.23 
6 1 389 126.18 
12 10 10180 82.33 
5 18 64 57.46 
5 3 160 37.49 
0 6 312 96.67 
10 12 788 82.33 
21 16 165 47.14 
12 13 2542 91.81 
15 13 116 74.23 
13 1 245 126.18 
15 1 102 66.27 
12 17 100 96.73 
5 21 218 108.01 
3 2 204 82.69 
5 4 55 87.27 
19 13 35 36.14 
2 7 61 125.94 
5 2 4181 68.54 
12 4 1639 112.45 
6 21 189 103.11 
7 2 55 125.94 
7 13 433 85.67 
2 4 110 107.78 
19 9 734 81.91 
14 12 1581 69.93 
13 12 9 91.81 
15 3 10 51.96 
11 5 124 68.66 
21 12 1056 89.05 
15 14 38 41.96 
4 12 222 112.45 
21 9 6 36.07 
14 11 114 80.34 
17 6 2089 108.62 
5 14 889 111.08 
12 3 990 81.52 
16 1 13 44.89 
20 1 31 45.42 
6 13 838 126.18 
14 4 876 96.26 
14 5 71 111.08 
21 7 1786 89.69 
5 9 1 48.87 
7 6 14 116.65 
14 3 204 52.32 
19 8 33 81.91 
0 8 1179 81.91 
