22 72 183 
0 2 40000 804 1 58.48 
0 4 40000 598 1 44.6 
0 9 40000 218 1 16.35 
0 15 40000 6802 1 502.57 
0 19 40000 277 1 16.29 
1 6 40000 264 1 16.48 
1 13 40000 186 1 12.81 
1 14 40000 169 1 9.65 
2 6 40000 410 1 26.44 
2 12 40000 250 1 18.19 
3 4 40000 411 1 32.68 
3 16 40000 309 1 19.2 
3 20 40000 290 1 18.93 
4 6 40000 478 1 36.53 
4 7 40000 1794 1 105.59 
4 10 40000 1088 1 85.37 
4 12 40000 518 1 26.54 
4 14 40000 358 1 24.87 
4 18 40000 1184 1 72.17 
5 6 40000 1054 1 58.49 
5 12 40000 1189 1 77.42 
5 17 40000 503 1 32.33 
6 13 40000 287 1 22.14 
6 21 40000 343 1 20.97 
7 12 40000 1453 1 89.88 
8 9 40000 304 1 20.34 
8 19 40000 115 1 8.97 
9 20 40000 163 1 12.24 
10 21 40000 463 1 36.23 
11 12 40000 2658 1 158.26 
11 14 40000 3296 1 196.33 
14 21 40000 359 1 29.21 
15 21 40000 5575 1 412.23 
16 18 40000 777 1 38.24 
17 21 40000 1588 1 87.52 
18 21 40000 1426 1 109.27 
2 0 40000 804 1 58.48 
4 0 40000 598 1 44.6 
9 0 40000 218 1 16.35 
15 0 40000 6802 1 502.57 
19 0 40000 277 1 16.29 
6 1 40000 264 1 16.48 
13 1 40000 186 1 12.81 
14 1 40000 169 1 9.65 
6 2 40000 410 1 26.44 
12 2 40000 250 1 18.19 
4 3 40000 411 1 32.68 
16 3 40000 309 1 19.2 
20 3 40000 290 1 18.93 
6 4 40000 478 1 36.53 
7 4 40000 1794 1 105.59 
10 4 40000 1088 1 85.37 
12 4 40000 518 1 26.54 
14 4 40000 358 1 24.87 
18 4 40000 1184 1 72.17 
6 5 40000 1054 1 58.49 
12 5 40000 1189 1 77.42 
17 5 40000 503 1 32.33 
13 6 40000 287 1 22.14 
21 6 40000 343 1 20.97 
12 7 40000 1453 1 89.88 
9 8 40000 304 1 20.34 
19 8 40000 115 1 8.97 
20 9 40000 163 1 12.24 
21 10 40000 463 1 36.23 
12 11 40000 2658 1 158.26 
14 11 40000 3296 1 196.33 
21 14 40000 359 1 29.21 
21 15 40000 5575 1 412.23 
18 16 40000 777 1 38.24 
21 17 40000 1588 1 87.52 
21 18 40000 1426 1 109.27 
0 1 4442 84.39 
2 10 3660 113.32 
3 4 5358 138.44 
10 19 836 44.23 
2 18 336 96.19 
5 8 203 62.85 
0 10 55 72.37 
7 19 125 87.56 
19 10 3804 44.23 
15 11 3282 98.82 
18 7 571 68.41 
18 19 4172 62.08 
13 21 312 116.65 
14 2 8 108.23 
0 9 3282 109.42 
6 19 114 103.12 
1 4 177 133.73 
5 6 8677 128.59 
20 17 3406 47.25 
4 16 7638 145.83 
14 8 346 58.61 
11 19 158 51.16 
1 0 21227 84.39 
18 20 5638 60.56 
18 13 336 80.84 
1 3 5358 66.48 
5 19 221 61.19 
9 1 568 58.61 
16 14 710 58 
0 3 836 109.42 
9 15 8677 60.05 
7 1 263 102.5 
10 11 1415 99.32 
8 14 4601 58.61 
17 10 29 96.04 
8 12 1241 92.03 
14 21 8677 105.71 
9 4 4 153.65 
20 4 1092 147.64 
9 14 1753 77.57 
2 1 4941 118.37 
14 6 90 166.26 
9 21 4069 57.44 
16 15 2775 67.52 
3 0 700 109.42 
20 13 181 62.29 
3 9 5993 117.75 
13 19 2033 45.67 
21 6 210 137.33 
1 21 435 116.65 
14 19 135 64.1 
5 0 29 72.16 
17 11 3882 90.18 
5 16 14153 53.41 
19 4 3183 148.38 
8 15 950 55.57 
15 10 61 76.9 
1 18 734 77.39 
3 14 8500 64.19 
16 5 156 53.41 
8 1 221 52.85 
3 15 38 66.48 
17 2 8 87.3 
0 2 2309 126.18 
1 20 1781 65.99 
1 16 307 58.53 
3 18 449 81.7 
18 12 638 81.15 
18 5 5754 68.12 
4 5 14075 128.59 
19 5 423 61.19 
21 14 836 105.71 
16 2 526 119.4 
1 5 2176 128.59 
18 17 403 59.04 
12 1 134 108.89 
11 4 1049 129.99 
9 8 1937 109.42 
15 9 147 60.05 
17 15 41 97.11 
11 20 1639 58.69 
7 17 504 78.74 
20 14 1325 69.39 
0 17 1069 52.85 
2 21 1056 93.95 
14 13 1758 120.28 
17 12 734 112.66 
14 20 177 69.39 
2 20 473 127.66 
10 6 3151 173.9 
11 2 451 130.41 
1 17 218 121.22 
21 18 61 97.94 
0 4 191 129.45 
10 20 838 60.29 
3 11 264 68.81 
6 14 213 166.26 
13 9 14 67.77 
17 3 586 52.55 
21 13 226 116.65 
7 3 66 87.25 
6 9 3003 107.47 
2 13 550 98.78 
17 0 384 52.85 
11 3 734 68.81 
6 12 169 116.32 
16 6 1639 91.57 
15 18 3003 86.47 
16 17 104 42.56 
19 18 292 62.08 
6 4 132 182.84 
8 5 196 62.85 
15 6 216 90.26 
18 6 2304 106.11 
11 1 135 110.66 
18 10 35 86.24 
12 7 162 152.2 
3 7 14 87.25 
2 6 81 123.28 
12 5 145 90.84 
0 19 556 109.42 
3 6 60 92.98 
16 10 168 70.55 
12 0 83 122.18 
3 21 423 65.22 
4 6 35 182.84 
6 20 16 102.35 
10 14 1330 131.3 
21 17 334 125.96 
17 16 31 42.56 
0 13 1205 74.67 
6 7 513 146.54 
6 10 63 173.9 
17 4 167 127.26 
21 5 31 125.96 
7 16 485 79.92 
6 1 389 166.26 
12 10 10180 104.96 
5 18 64 68.12 
5 3 160 54.95 
0 6 312 118.47 
10 12 788 104.96 
21 16 165 67.52 
12 13 2542 112.17 
15 13 116 86.34 
13 1 245 166.26 
15 1 102 80.86 
12 17 100 112.66 
5 21 218 125.96 
3 2 204 113.85 
5 4 55 128.59 
19 13 35 45.67 
2 7 61 158.12 
5 2 4181 96.8 
12 4 1639 151.41 
6 21 189 137.33 
7 2 55 158.12 
7 13 433 104.52 
2 4 110 141.32 
19 9 734 109.42 
14 12 1581 93.04 
13 12 9 112.17 
15 3 10 66.48 
11 5 124 94.73 
21 12 1056 106.74 
15 14 38 66.64 
4 12 222 151.41 
21 9 6 57.44 
14 11 114 106.04 
17 6 2089 127.36 
5 14 889 128.56 
12 3 990 100.3 
16 1 13 58.53 
20 1 31 65.99 
6 13 838 166.26 
14 4 876 133.08 
14 5 71 128.56 
21 7 1786 105.05 
5 9 1 63.86 
7 6 14 146.54 
14 3 204 64.19 
19 8 33 109.42 
0 8 1179 109.42 
