50 176 24 
12 14 40 3290 1 835.14 
10 14 40 3290 1 835.73 
48 14 40 3290 1 836.95 
29 12 40 3290 1 835.13 
0 29 40 3290 1 838.03 
28 29 40 3290 1 838 
35 10 40 3290 1 836 
44 10 40 3720 1 837.94 
25 10 40 3720 1 844.77 
48 0 40 3720 1 837.27 
46 0 40 3720 1 839.95 
4 35 40 3290 1 838.33 
39 35 40 3290 1 836.26 
44 28 40 3290 1 837.32 
16 28 40 3720 1 840.09 
23 28 40 3720 1 838.83 
46 28 40 3720 1 839.2 
4 44 40 3720 1 840.08 
19 44 40 3290 1 837.34 
38 48 40 4150 1 847.25 
36 48 40 4150 1 846.4 
31 3 40 3720 1 841.83 
11 3 40 4150 1 841.61 
43 3 40 4150 1 845.44 
32 3 40 3720 1 843.23 
20 3 40 4150 1 841.84 
11 31 40 3720 1 840.99 
13 31 40 3720 1 841 
32 31 40 3720 1 839.31 
2 31 40 4150 1 842.17 
13 11 40 4150 1 848.21 
8 11 40 3290 1 837.88 
8 13 40 3720 1 843.81 
25 13 40 3720 1 842 
49 13 40 3720 1 842.17 
2 8 40 3720 1 842.25 
32 43 40 4150 1 841.1 
20 43 40 3720 1 844.51 
21 43 40 3720 1 841.41 
27 43 40 3720 1 841.86 
5 32 40 3290 1 839.41 
27 21 40 3720 1 837.61 
22 21 40 3720 1 840.03 
5 21 40 3720 1 841.05 
38 6 40 3290 1 836.87 
7 6 40 3290 1 836.13 
22 6 40 3290 1 839.6 
15 27 40 3290 1 837.73 
36 38 40 3720 1 839.49 
39 38 40 3720 1 838.01 
7 15 40 3720 1 841.63 
4 22 40 3720 1 840.33 
5 22 40 3720 1 837.96 
39 22 40 3720 1 842.7 
5 4 40 3720 1 844.75 
25 5 40 3720 1 841.13 
19 25 40 3720 1 839.54 
18 25 40 3720 1 837.62 
9 16 40 3290 1 834.64 
19 16 40 3290 1 835.82 
18 16 40 3720 1 839.27 
33 9 40 3290 1 835.71 
23 9 40 3720 1 838.92 
24 33 40 3290 1 836.01 
42 23 40 3290 1 837.46 
24 23 40 3290 1 837.66 
18 19 40 3290 1 838.97 
42 46 40 3290 1 836.8 
49 18 40 3720 1 837.88 
24 42 40 3720 1 841.06 
24 45 40 3290 1 837.43 
47 45 40 3290 1 838.6 
30 45 40 3720 1 839.29 
49 45 40 3720 1 840.8 
17 24 40 3720 1 839.94 
1 47 40 3290 1 838.38 
17 30 40 3720 1 841.17 
26 30 40 3720 1 839.65 
1 34 40 3290 1 837.17 
26 34 40 3720 1 840.64 
40 34 40 3720 1 844.03 
37 34 40 3720 1 841.64 
41 34 40 3720 1 838.78 
49 1 40 4150 1 842.79 
41 40 40 3720 1 841.26 
2 37 40 3290 1 837 
49 37 40 3720 1 839.31 
41 37 40 3720 1 839.97 
14 12 40 3290 1 835.14 
14 10 40 3290 1 835.73 
14 48 40 3290 1 836.95 
12 29 40 3290 1 835.13 
29 0 40 3290 1 838.03 
29 28 40 3290 1 838 
10 35 40 3290 1 836 
10 44 40 3720 1 837.94 
10 25 40 3720 1 844.77 
0 48 40 3720 1 837.27 
0 46 40 3720 1 839.95 
35 4 40 3290 1 838.33 
35 39 40 3290 1 836.26 
28 44 40 3290 1 837.32 
28 16 40 3720 1 840.09 
28 23 40 3720 1 838.83 
28 46 40 3720 1 839.2 
44 4 40 3720 1 840.08 
44 19 40 3290 1 837.34 
48 38 40 4150 1 847.25 
48 36 40 4150 1 846.4 
3 31 40 3720 1 841.83 
3 11 40 4150 1 841.61 
3 43 40 4150 1 845.44 
3 32 40 3720 1 843.23 
3 20 40 4150 1 841.84 
31 11 40 3720 1 840.99 
31 13 40 3720 1 841 
31 32 40 3720 1 839.31 
31 2 40 4150 1 842.17 
11 13 40 4150 1 848.21 
11 8 40 3290 1 837.88 
13 8 40 3720 1 843.81 
13 25 40 3720 1 842 
13 49 40 3720 1 842.17 
8 2 40 3720 1 842.25 
43 32 40 4150 1 841.1 
43 20 40 3720 1 844.51 
43 21 40 3720 1 841.41 
43 27 40 3720 1 841.86 
32 5 40 3290 1 839.41 
21 27 40 3720 1 837.61 
21 22 40 3720 1 840.03 
21 5 40 3720 1 841.05 
6 38 40 3290 1 836.87 
6 7 40 3290 1 836.13 
6 22 40 3290 1 839.6 
27 15 40 3290 1 837.73 
38 36 40 3720 1 839.49 
38 39 40 3720 1 838.01 
15 7 40 3720 1 841.63 
22 4 40 3720 1 840.33 
22 5 40 3720 1 837.96 
22 39 40 3720 1 842.7 
4 5 40 3720 1 844.75 
5 25 40 3720 1 841.13 
25 19 40 3720 1 839.54 
25 18 40 3720 1 837.62 
16 9 40 3290 1 834.64 
16 19 40 3290 1 835.82 
16 18 40 3720 1 839.27 
9 33 40 3290 1 835.71 
9 23 40 3720 1 838.92 
33 24 40 3290 1 836.01 
23 42 40 3290 1 837.46 
23 24 40 3290 1 837.66 
19 18 40 3290 1 838.97 
46 42 40 3290 1 836.8 
18 49 40 3720 1 837.88 
42 24 40 3720 1 841.06 
45 24 40 3290 1 837.43 
45 47 40 3290 1 838.6 
45 30 40 3720 1 839.29 
45 49 40 3720 1 840.8 
24 17 40 3720 1 839.94 
47 1 40 3290 1 838.38 
30 17 40 3720 1 841.17 
30 26 40 3720 1 839.65 
34 1 40 3290 1 837.17 
34 26 40 3720 1 840.64 
34 40 40 3720 1 844.03 
34 37 40 3720 1 841.64 
34 41 40 3720 1 838.78 
1 49 40 4150 1 842.79 
40 41 40 3720 1 841.26 
37 2 40 3290 1 837 
37 49 40 3720 1 839.31 
37 41 40 3720 1 839.97 
6 48 35 1676.35 
41 28 8 834.98 
5 39 10 1681.02 
37 13 35 1685.89 
2 41 7 848.3 
29 15 19 831.39 
34 40 11 1686.55 
12 2 6 18.81 
25 34 19 1671.15 
47 8 6 843.32 
43 40 10 832.19 
42 24 8 1675.46 
14 40 5 832.96 
24 25 3 842.47 
18 39 5 836.89 
27 43 17 1678.68 
25 31 19 848.24 
21 12 16 842.73 
32 15 16 2502.22 
23 33 2 1674.82 
15 24 3 15.55 
40 48 19 11.92 
23 45 4 853.75 
21 20 3 1684.06 
