39 172 162 
0 1 160 10 0 219.04 
1 0 160 10 0 219.04 
0 2 160 20 0 217.48 
2 0 160 20 0 217.48 
0 3 160 50 0 212.48 
3 0 160 50 0 212.48 
0 4 160 65 0 213.3 
4 0 160 65 0 213.3 
0 6 160 30 0 217.54 
6 0 160 30 0 217.54 
1 2 160 20 0 211 
2 1 160 20 0 211 
1 7 160 18 0 215.67 
7 1 160 18 0 215.67 
2 3 160 32 0 215.93 
3 2 160 32 0 215.93 
2 6 160 17 0 211.44 
6 2 160 17 0 211.44 
3 4 160 15 0 213.4 
4 3 160 15 0 213.4 
3 6 160 45 0 214.66 
6 3 160 45 0 214.66 
3 9 160 25 0 217.42 
9 3 160 25 0 217.42 
4 5 160 30 0 216.47 
5 4 160 30 0 216.47 
4 8 160 25 0 211.48 
8 4 160 25 0 211.48 
5 8 160 25 0 215.58 
8 5 160 25 0 215.58 
5 17 160 45 0 215.93 
17 5 160 45 0 215.93 
6 9 160 40 0 211.89 
9 6 160 40 0 211.89 
6 10 160 19 0 213.49 
10 6 160 19 0 213.49 
7 11 160 20 0 212.1 
11 7 160 20 0 212.1 
7 24 160 40 0 216.26 
24 7 160 40 0 216.26 
8 9 160 40 0 219.72 
9 8 160 40 0 219.72 
8 12 160 20 0 213.34 
12 8 160 20 0 213.34 
8 13 160 18 0 212.54 
13 8 160 18 0 212.54 
8 14 160 40 0 216.23 
14 8 160 40 0 216.23 
9 10 160 40 0 212.64 
10 9 160 40 0 212.64 
9 14 160 24 0 212.16 
14 9 160 24 0 212.16 
9 23 160 40 0 213.82 
23 9 160 40 0 213.82 
10 11 160 10 0 212.99 
11 10 160 10 0 212.99 
10 16 160 20 0 212.1 
16 10 160 20 0 212.1 
11 24 160 20 0 213.57 
24 11 160 20 0 213.57 
12 13 160 18 0 212.15 
13 12 160 18 0 212.15 
12 17 160 30 0 217.56 
17 12 160 30 0 217.56 
12 18 160 14 0 212.67 
18 12 160 14 0 212.67 
13 14 160 20 0 214.07 
14 13 160 20 0 214.07 
13 19 160 18 0 213.04 
19 13 160 18 0 213.04 
13 25 160 30 0 215.03 
25 13 160 30 0 215.03 
14 15 160 10 0 211.37 
15 14 160 10 0 211.37 
15 16 160 30 0 215.03 
16 15 160 30 0 215.03 
15 19 160 23 0 210.93 
19 15 160 23 0 210.93 
15 22 160 12 0 216.33 
22 15 160 12 0 216.33 
15 23 160 15 0 212.2 
23 15 160 15 0 212.2 
16 23 160 25 0 213.62 
23 16 160 25 0 213.62 
16 24 160 20 0 216.99 
24 16 160 20 0 216.99 
16 30 160 35 0 218.22 
30 16 160 35 0 218.22 
17 18 160 23 0 214.4 
18 17 160 23 0 214.4 
17 20 160 18 0 211.98 
20 17 160 18 0 211.98 
17 35 160 40 0 216.85 
35 17 160 40 0 216.85 
18 21 160 11 0 211.23 
21 18 160 11 0 211.23 
18 25 160 24 0 212.83 
25 18 160 24 0 212.83 
19 22 160 17 0 216.26 
22 19 160 17 0 216.26 
19 25 160 10 0 213.84 
25 19 160 10 0 213.84 
20 21 160 13 0 211.05 
21 20 160 13 0 211.05 
20 35 160 35 0 214.7 
35 20 160 35 0 214.7 
21 26 160 13 0 214.43 
26 21 160 13 0 214.43 
22 23 160 15 0 215.02 
23 22 160 15 0 215.02 
22 25 160 18 0 215.62 
25 22 160 18 0 215.62 
22 27 160 9 0 213.46 
27 22 160 9 0 213.46 
22 33 160 40 0 212.62 
33 22 160 40 0 212.62 
23 27 160 11 0 215.16 
27 23 160 11 0 215.16 
23 28 160 9 0 212.34 
28 23 160 9 0 212.34 
24 30 160 40 0 212.74 
30 24 160 40 0 212.74 
25 26 160 17 0 216.36 
26 25 160 17 0 216.36 
25 29 160 35 0 220.32 
29 25 160 35 0 220.32 
25 33 160 20 0 216.42 
33 25 160 20 0 216.42 
26 34 160 17 0 212.14 
34 26 160 17 0 212.14 
27 29 160 6 0 212.01 
29 27 160 6 0 212.01 
27 30 160 34 0 218.72 
30 27 160 34 0 218.72 
27 31 160 16 0 213.69 
31 27 160 16 0 213.69 
27 33 160 25 0 216.36 
33 27 160 25 0 216.36 
28 29 160 20 0 212.75 
29 28 160 20 0 212.75 
28 30 160 18 0 216.13 
30 28 160 18 0 216.13 
29 30 160 22 0 217.06 
30 29 160 22 0 217.06 
30 32 160 20 0 219.3 
32 30 160 20 0 219.3 
30 38 160 22 0 216.49 
38 30 160 22 0 216.49 
31 33 160 13 0 214.94 
33 31 160 13 0 214.94 
31 36 160 13 0 213.96 
36 31 160 13 0 213.96 
32 33 160 20 0 216.95 
33 32 160 20 0 216.95 
32 36 160 11 0 216.17 
36 32 160 11 0 216.17 
32 38 160 9 0 213.48 
38 32 160 9 0 213.48 
33 34 160 23 0 212.97 
34 33 160 23 0 212.97 
33 36 160 12 0 219.59 
36 33 160 12 0 219.59 
33 37 160 10 0 216.59 
37 33 160 10 0 216.59 
34 35 160 15 0 215.2 
35 34 160 15 0 215.2 
35 37 160 40 0 220.54 
37 35 160 40 0 220.54 
36 37 160 16 0 217.15 
37 36 160 16 0 217.15 
36 38 160 13 0 217.69 
38 36 160 13 0 217.69 
9 8 9 415.3 
19 12 7 424.42 
29 4 3 210.9 
37 36 10 425.05 
34 38 11 221.3 
34 7 3 211.76 
4 37 5 213.38 
5 16 4 212.53 
24 1 5 215.72 
22 18 5 418.7 
7 16 4 415.02 
27 8 12 9.37 
0 23 10 414.52 
5 6 2 421.91 
22 7 7 212.42 
15 3 8 411.07 
36 30 9 217.4 
6 36 8 9.17 
13 30 6 209.61 
20 12 5 425.54 
13 17 4 427.48 
3 1 8 632.42 
19 6 4 214.99 
27 24 3 222.35 
5 26 6 221.1 
4 0 5 431.1 
37 32 2 426.98 
22 19 5 423.29 
23 12 4 214.07 
13 14 7 221.25 
18 15 6 418.87 
30 20 9 14.35 
23 29 4 219.15 
12 36 4 212.44 
7 32 3 419.35 
15 28 2 220.44 
35 6 8 208.9 
5 21 6 420.42 
36 1 2 209.86 
35 24 6 208.23 
27 6 11 215.89 
11 21 9 14 
25 28 4 216.74 
15 16 8 416.9 
6 21 5 208.21 
37 17 9 215.83 
3 16 10 420.88 
12 1 3 208.67 
13 27 8 214.79 
34 0 3 210.21 
13 20 9 223.96 
9 18 11 216.24 
28 36 8 215.66 
21 37 9 224.63 
31 20 11 214.15 
35 0 5 218.45 
29 8 10 212.63 
9 31 10 213.59 
28 27 3 223.36 
26 34 4 422.18 
0 22 5 209.61 
15 0 2 211 
0 1 12 429.11 
33 29 11 220.44 
11 38 9 419.9 
4 36 12 210.17 
0 11 5 218.87 
9 6 8 425.9 
12 34 8 217.53 
28 8 2 213.08 
11 31 10 214.2 
35 38 10 220.95 
33 4 8 211.82 
22 2 4 212.46 
26 31 11 223.37 
32 19 12 214.23 
34 23 8 214.23 
3 11 3 218.63 
31 9 6 213.59 
0 17 2 213.4 
30 37 10 219.95 
38 35 8 220.95 
12 28 6 213.6 
14 13 9 221.25 
21 29 11 217.51 
37 8 11 211.7 
27 35 3 213.8 
32 13 6 212.68 
26 30 2 215.35 
38 5 11 209.05 
35 31 4 221.77 
0 5 8 214.38 
23 33 9 220.19 
3 10 12 424.49 
19 21 4 218.04 
19 36 12 214.98 
22 10 2 228.33 
21 11 10 14 
14 21 12 215.58 
5 0 8 214.38 
32 1 6 211.97 
8 12 10 427.3 
1 28 11 214.08 
20 9 8 212.63 
30 24 3 416.55 
38 3 6 211.64 
25 22 12 229.75 
38 19 12 10.31 
27 4 9 211.18 
6 19 6 214.99 
7 31 5 19.34 
16 28 7 420.65 
17 6 11 212.14 
18 31 5 214.71 
24 11 12 221.63 
8 5 6 421.27 
13 35 6 219.29 
38 34 10 221.3 
37 4 3 213.38 
1 15 3 211.46 
10 2 9 424.56 
16 26 4 210.89 
15 22 12 231.51 
27 31 11 424.1 
36 14 11 211.27 
2 0 2 634.29 
12 7 11 209.59 
25 8 2 220.32 
33 22 12 225.9 
28 26 5 212.96 
0 35 11 218.45 
32 29 10 222.96 
35 8 3 218.87 
30 11 8 421.33 
10 24 2 221.6 
15 27 2 219.27 
30 23 11 222.23 
5 18 4 224.76 
19 7 2 19.93 
15 38 12 10.28 
14 5 10 420.88 
38 37 12 426.19 
25 31 9 224.58 
35 27 6 213.8 
8 22 3 215.92 
17 33 3 220.51 
1 27 11 20.65 
11 2 5 219.12 
27 22 6 218.4 
35 5 4 217.97 
15 17 6 212.14 
34 35 4 418.44 
20 5 3 418.81 
12 21 11 428.18 
24 4 5 211.53 
31 32 5 427.33 
24 13 6 211.18 
21 1 8 207.68 
17 36 8 214.45 
24 8 8 211.76 
1 10 8 422.87 
9 27 5 214.69 
