39 172 162 
0 1 160 10 1 219.04 
1 0 160 10 1 219.04 
0 2 160 20 1 217.48 
2 0 160 20 1 217.48 
0 3 160 50 1 212.48 
3 0 160 50 1 212.48 
0 4 160 65 1 213.3 
4 0 160 65 1 213.3 
0 6 160 30 1 217.54 
6 0 160 30 1 217.54 
1 2 160 20 1 211 
2 1 160 20 1 211 
1 7 160 18 1 215.67 
7 1 160 18 1 215.67 
2 3 160 32 1 215.93 
3 2 160 32 1 215.93 
2 6 160 17 1 211.44 
6 2 160 17 1 211.44 
3 4 160 15 1 213.4 
4 3 160 15 1 213.4 
3 6 160 45 1 214.66 
6 3 160 45 1 214.66 
3 9 160 25 1 217.42 
9 3 160 25 1 217.42 
4 5 160 30 1 216.47 
5 4 160 30 1 216.47 
4 8 160 25 1 211.48 
8 4 160 25 1 211.48 
5 8 160 25 1 215.58 
8 5 160 25 1 215.58 
5 17 160 45 1 215.93 
17 5 160 45 1 215.93 
6 9 160 40 1 211.89 
9 6 160 40 1 211.89 
6 10 160 19 1 213.49 
10 6 160 19 1 213.49 
7 11 160 20 1 212.1 
11 7 160 20 1 212.1 
7 24 160 40 1 216.26 
24 7 160 40 1 216.26 
8 9 160 40 1 219.72 
9 8 160 40 1 219.72 
8 12 160 20 1 213.34 
12 8 160 20 1 213.34 
8 13 160 18 1 212.54 
13 8 160 18 1 212.54 
8 14 160 40 1 216.23 
14 8 160 40 1 216.23 
9 10 160 40 1 212.64 
10 9 160 40 1 212.64 
9 14 160 24 1 212.16 
14 9 160 24 1 212.16 
9 23 160 40 1 213.82 
23 9 160 40 1 213.82 
10 11 160 10 1 212.99 
11 10 160 10 1 212.99 
10 16 160 20 1 212.1 
16 10 160 20 1 212.1 
11 24 160 20 1 213.57 
24 11 160 20 1 213.57 
12 13 160 18 1 212.15 
13 12 160 18 1 212.15 
12 17 160 30 1 217.56 
17 12 160 30 1 217.56 
12 18 160 14 1 212.67 
18 12 160 14 1 212.67 
13 14 160 20 1 214.07 
14 13 160 20 1 214.07 
13 19 160 18 1 213.04 
19 13 160 18 1 213.04 
13 25 160 30 1 215.03 
25 13 160 30 1 215.03 
14 15 160 10 1 211.37 
15 14 160 10 1 211.37 
15 16 160 30 1 215.03 
16 15 160 30 1 215.03 
15 19 160 23 1 210.93 
19 15 160 23 1 210.93 
15 22 160 12 1 216.33 
22 15 160 12 1 216.33 
15 23 160 15 1 212.2 
23 15 160 15 1 212.2 
16 23 160 25 1 213.62 
23 16 160 25 1 213.62 
16 24 160 20 1 216.99 
24 16 160 20 1 216.99 
16 30 160 35 1 218.22 
30 16 160 35 1 218.22 
17 18 160 23 1 214.4 
18 17 160 23 1 214.4 
17 20 160 18 1 211.98 
20 17 160 18 1 211.98 
17 35 160 40 1 216.85 
35 17 160 40 1 216.85 
18 21 160 11 1 211.23 
21 18 160 11 1 211.23 
18 25 160 24 1 212.83 
25 18 160 24 1 212.83 
19 22 160 17 1 216.26 
22 19 160 17 1 216.26 
19 25 160 10 1 213.84 
25 19 160 10 1 213.84 
20 21 160 13 1 211.05 
21 20 160 13 1 211.05 
20 35 160 35 1 214.7 
35 20 160 35 1 214.7 
21 26 160 13 1 214.43 
26 21 160 13 1 214.43 
22 23 160 15 1 215.02 
23 22 160 15 1 215.02 
22 25 160 18 1 215.62 
25 22 160 18 1 215.62 
22 27 160 9 1 213.46 
27 22 160 9 1 213.46 
22 33 160 40 1 212.62 
33 22 160 40 1 212.62 
23 27 160 11 1 215.16 
27 23 160 11 1 215.16 
23 28 160 9 1 212.34 
28 23 160 9 1 212.34 
24 30 160 40 1 212.74 
30 24 160 40 1 212.74 
25 26 160 17 1 216.36 
26 25 160 17 1 216.36 
25 29 160 35 1 220.32 
29 25 160 35 1 220.32 
25 33 160 20 1 216.42 
33 25 160 20 1 216.42 
26 34 160 17 1 212.14 
34 26 160 17 1 212.14 
27 29 160 6 1 212.01 
29 27 160 6 1 212.01 
27 30 160 34 1 218.72 
30 27 160 34 1 218.72 
27 31 160 16 1 213.69 
31 27 160 16 1 213.69 
27 33 160 25 1 216.36 
33 27 160 25 1 216.36 
28 29 160 20 1 212.75 
29 28 160 20 1 212.75 
28 30 160 18 1 216.13 
30 28 160 18 1 216.13 
29 30 160 22 1 217.06 
30 29 160 22 1 217.06 
30 32 160 20 1 219.3 
32 30 160 20 1 219.3 
30 38 160 22 1 216.49 
38 30 160 22 1 216.49 
31 33 160 13 1 214.94 
33 31 160 13 1 214.94 
31 36 160 13 1 213.96 
36 31 160 13 1 213.96 
32 33 160 20 1 216.95 
33 32 160 20 1 216.95 
32 36 160 11 1 216.17 
36 32 160 11 1 216.17 
32 38 160 9 1 213.48 
38 32 160 9 1 213.48 
33 34 160 23 1 212.97 
34 33 160 23 1 212.97 
33 36 160 12 1 219.59 
36 33 160 12 1 219.59 
33 37 160 10 1 216.59 
37 33 160 10 1 216.59 
34 35 160 15 1 215.2 
35 34 160 15 1 215.2 
35 37 160 40 1 220.54 
37 35 160 40 1 220.54 
36 37 160 16 1 217.15 
37 36 160 16 1 217.15 
36 38 160 13 1 217.69 
38 36 160 13 1 217.69 
9 8 9 410.12 
19 12 7 220.78 
29 4 3 205.57 
37 36 10 222.74 
34 38 11 215.64 
34 7 3 209.02 
4 37 5 210.53 
5 16 4 210.13 
24 1 5 15.62 
22 18 5 215.07 
7 16 4 212.85 
27 8 12 7.75 
0 23 10 214.24 
5 6 2 218.66 
22 7 7 207.59 
15 3 8 206.98 
36 30 9 214.15 
6 36 8 6.22 
13 30 6 206.44 
20 12 5 219.29 
13 17 4 420.56 
3 1 8 433.99 
19 6 4 9.94 
27 24 3 214.21 
5 26 6 214.72 
4 0 5 423.37 
37 32 2 421.37 
22 19 5 219.25 
23 12 4 211.84 
13 14 7 217.8 
18 15 6 213.92 
30 20 9 9.98 
23 29 4 216.45 
12 36 4 210.89 
7 32 3 222.06 
15 28 2 215.7 
35 6 8 11.65 
5 21 6 214.78 
36 1 2 207.43 
35 24 6 13.07 
27 6 11 211.64 
11 21 9 7.95 
25 28 4 213.43 
15 16 8 217.95 
6 21 5 205.92 
37 17 9 211.08 
3 16 10 221.3 
12 1 3 205.17 
13 27 8 213.29 
34 0 3 209 
13 20 9 219.2 
9 18 11 13.71 
28 36 8 211.96 
21 37 9 216.96 
31 20 11 209.98 
35 0 5 211.98 
29 8 10 17.18 
9 31 10 211.03 
28 27 3 215.06 
26 34 4 227.32 
0 22 5 208.38 
15 0 2 10.26 
0 1 12 423.82 
33 29 11 215.54 
11 38 9 417.22 
4 36 12 207.95 
0 11 5 215.07 
9 6 8 419.05 
12 34 8 214.06 
28 8 2 209.29 
11 31 10 210.31 
35 38 10 217.42 
33 4 8 208.18 
22 2 4 208.93 
26 31 11 217.3 
32 19 12 211.82 
34 23 8 12.22 
3 11 3 215.34 
31 9 6 211.03 
0 17 2 211.19 
30 37 10 217.19 
38 35 8 217.42 
12 28 6 212.21 
14 13 9 217.8 
21 29 11 212.32 
37 8 11 207.61 
27 35 3 19.32 
32 13 6 13.31 
26 30 2 16.01 
38 5 11 205.93 
35 31 4 215.11 
0 5 8 211.38 
23 33 9 215 
3 10 12 420.25 
19 21 4 215.44 
19 36 12 211.6 
22 10 2 218.82 
21 11 10 7.95 
14 21 12 212.93 
5 0 8 211.38 
32 1 6 209.72 
8 12 10 224.76 
1 28 11 15.71 
20 9 8 208.75 
30 24 3 215.52 
38 3 6 8.46 
25 22 12 218.7 
38 19 12 8.15 
27 4 9 210 
6 19 6 9.94 
7 31 5 12.51 
16 28 7 216.06 
17 6 11 210.05 
18 31 5 211.41 
24 11 12 215.85 
8 5 6 217.22 
13 35 6 18.63 
38 34 10 215.64 
37 4 3 210.53 
1 15 3 207.86 
10 2 9 215.89 
16 26 4 206.43 
15 22 12 220.57 
27 31 11 223.37 
36 14 11 208.25 
2 0 2 627.96 
12 7 11 206.63 
25 8 2 215.37 
33 22 12 218.73 
28 26 5 208.61 
0 35 11 211.98 
32 29 10 219.46 
35 8 3 214.89 
30 11 8 214.85 
10 24 2 215.85 
15 27 2 215.93 
30 23 11 218.51 
5 18 4 217.95 
19 7 2 16.56 
15 38 12 7.3 
14 5 10 417.9 
38 37 12 421.22 
25 31 9 216.6 
35 27 6 19.32 
8 22 3 213.17 
17 33 3 212.76 
1 27 11 14.39 
11 2 5 216.9 
27 22 6 214.15 
35 5 4 212.23 
15 17 6 9.28 
34 35 4 411.28 
20 5 3 413.66 
12 21 11 221.04 
24 4 5 209.5 
31 32 5 218.43 
24 13 6 206.74 
21 1 8 203.46 
17 36 8 211.82 
24 8 8 209.63 
1 10 8 219.58 
9 27 5 211.51 
