39 172 162 
0 1 160 10 0 219.04 
1 0 160 10 0 219.04 
0 2 160 20 0 217.48 
2 0 160 20 0 217.48 
0 3 160 50 0 212.48 
3 0 160 50 0 212.48 
0 4 160 65 0 213.3 
4 0 160 65 0 213.3 
0 6 160 30 0 217.54 
6 0 160 30 0 217.54 
1 2 160 20 0 211 
2 1 160 20 0 211 
1 7 160 18 0 215.67 
7 1 160 18 0 215.67 
2 3 160 32 0 215.93 
3 2 160 32 0 215.93 
2 6 160 17 0 211.44 
6 2 160 17 0 211.44 
3 4 160 15 0 213.4 
4 3 160 15 0 213.4 
3 6 160 45 0 214.66 
6 3 160 45 0 214.66 
3 9 160 25 0 217.42 
9 3 160 25 0 217.42 
4 5 160 30 0 216.47 
5 4 160 30 0 216.47 
4 8 160 25 0 211.48 
8 4 160 25 0 211.48 
5 8 160 25 0 215.58 
8 5 160 25 0 215.58 
5 17 160 45 0 215.93 
17 5 160 45 0 215.93 
6 9 160 40 0 211.89 
9 6 160 40 0 211.89 
6 10 160 19 0 213.49 
10 6 160 19 0 213.49 
7 11 160 20 0 212.1 
11 7 160 20 0 212.1 
7 24 160 40 0 216.26 
24 7 160 40 0 216.26 
8 9 160 40 0 219.72 
9 8 160 40 0 219.72 
8 12 160 20 0 213.34 
12 8 160 20 0 213.34 
8 13 160 18 0 212.54 
13 8 160 18 0 212.54 
8 14 160 40 0 216.23 
14 8 160 40 0 216.23 
9 10 160 40 0 212.64 
10 9 160 40 0 212.64 
9 14 160 24 0 212.16 
14 9 160 24 0 212.16 
9 23 160 40 0 213.82 
23 9 160 40 0 213.82 
10 11 160 10 0 212.99 
11 10 160 10 0 212.99 
10 16 160 20 0 212.1 
16 10 160 20 0 212.1 
11 24 160 20 0 213.57 
24 11 160 20 0 213.57 
12 13 160 18 0 212.15 
13 12 160 18 0 212.15 
12 17 160 30 0 217.56 
17 12 160 30 0 217.56 
12 18 160 14 0 212.67 
18 12 160 14 0 212.67 
13 14 160 20 0 214.07 
14 13 160 20 0 214.07 
13 19 160 18 0 213.04 
19 13 160 18 0 213.04 
13 25 160 30 0 215.03 
25 13 160 30 0 215.03 
14 15 160 10 0 211.37 
15 14 160 10 0 211.37 
15 16 160 30 0 215.03 
16 15 160 30 0 215.03 
15 19 160 23 0 210.93 
19 15 160 23 0 210.93 
15 22 160 12 0 216.33 
22 15 160 12 0 216.33 
15 23 160 15 0 212.2 
23 15 160 15 0 212.2 
16 23 160 25 0 213.62 
23 16 160 25 0 213.62 
16 24 160 20 0 216.99 
24 16 160 20 0 216.99 
16 30 160 35 0 218.22 
30 16 160 35 0 218.22 
17 18 160 23 0 214.4 
18 17 160 23 0 214.4 
17 20 160 18 0 211.98 
20 17 160 18 0 211.98 
17 35 160 40 0 216.85 
35 17 160 40 0 216.85 
18 21 160 11 0 211.23 
21 18 160 11 0 211.23 
18 25 160 24 0 212.83 
25 18 160 24 0 212.83 
19 22 160 17 0 216.26 
22 19 160 17 0 216.26 
19 25 160 10 0 213.84 
25 19 160 10 0 213.84 
20 21 160 13 0 211.05 
21 20 160 13 0 211.05 
20 35 160 35 0 214.7 
35 20 160 35 0 214.7 
21 26 160 13 0 214.43 
26 21 160 13 0 214.43 
22 23 160 15 0 215.02 
23 22 160 15 0 215.02 
22 25 160 18 0 215.62 
25 22 160 18 0 215.62 
22 27 160 9 0 213.46 
27 22 160 9 0 213.46 
22 33 160 40 0 212.62 
33 22 160 40 0 212.62 
23 27 160 11 0 215.16 
27 23 160 11 0 215.16 
23 28 160 9 0 212.34 
28 23 160 9 0 212.34 
24 30 160 40 0 212.74 
30 24 160 40 0 212.74 
25 26 160 17 0 216.36 
26 25 160 17 0 216.36 
25 29 160 35 0 220.32 
29 25 160 35 0 220.32 
25 33 160 20 0 216.42 
33 25 160 20 0 216.42 
26 34 160 17 0 212.14 
34 26 160 17 0 212.14 
27 29 160 6 0 212.01 
29 27 160 6 0 212.01 
27 30 160 34 0 218.72 
30 27 160 34 0 218.72 
27 31 160 16 0 213.69 
31 27 160 16 0 213.69 
27 33 160 25 0 216.36 
33 27 160 25 0 216.36 
28 29 160 20 0 212.75 
29 28 160 20 0 212.75 
28 30 160 18 0 216.13 
30 28 160 18 0 216.13 
29 30 160 22 0 217.06 
30 29 160 22 0 217.06 
30 32 160 20 0 219.3 
32 30 160 20 0 219.3 
30 38 160 22 0 216.49 
38 30 160 22 0 216.49 
31 33 160 13 0 214.94 
33 31 160 13 0 214.94 
31 36 160 13 0 213.96 
36 31 160 13 0 213.96 
32 33 160 20 0 216.95 
33 32 160 20 0 216.95 
32 36 160 11 0 216.17 
36 32 160 11 0 216.17 
32 38 160 9 0 213.48 
38 32 160 9 0 213.48 
33 34 160 23 0 212.97 
34 33 160 23 0 212.97 
33 36 160 12 0 219.59 
36 33 160 12 0 219.59 
33 37 160 10 0 216.59 
37 33 160 10 0 216.59 
34 35 160 15 0 215.2 
35 34 160 15 0 215.2 
35 37 160 40 0 220.54 
37 35 160 40 0 220.54 
36 37 160 16 0 217.15 
37 36 160 16 0 217.15 
36 38 160 13 0 217.69 
38 36 160 13 0 217.69 
9 8 9 205.58 
19 12 7 212.8 
29 4 3 201 
37 36 10 215 
34 38 11 11.02 
34 7 3 203.94 
4 37 5 8.01 
5 16 4 207.68 
24 1 5 10.39 
22 18 5 210.13 
7 16 4 208.2 
27 8 12 5.73 
0 23 10 203.14 
5 6 2 210.44 
22 7 7 6.09 
15 3 8 202.07 
36 30 9 206.89 
6 36 8 4.4 
13 30 6 203.82 
20 12 5 213.21 
13 17 4 214.06 
3 1 8 222.09 
19 6 4 5.95 
27 24 3 210.86 
5 26 6 209.82 
4 0 5 220.1 
37 32 2 213.84 
22 19 5 211.09 
23 12 4 209.24 
13 14 7 9.62 
18 15 6 210.86 
30 20 9 5.5 
23 29 4 7.27 
12 36 4 207.19 
7 32 3 211 
15 28 2 209.91 
35 6 8 2.58 
5 21 6 209.77 
36 1 2 200.4 
35 24 6 7.55 
27 6 11 8.16 
11 21 9 5.42 
25 28 4 209.72 
15 16 8 209.79 
6 21 5 5.63 
37 17 9 207.36 
3 16 10 210.87 
12 1 3 197.18 
13 27 8 5.28 
34 0 3 205.25 
13 20 9 12.35 
9 18 11 9.67 
28 36 8 208.77 
21 37 9 211.79 
31 20 11 205.16 
35 0 5 202.81 
29 8 10 10.2 
9 31 10 8.57 
28 27 3 211.74 
26 34 4 212.1 
0 22 5 7.9 
15 0 2 5.2 
0 1 12 217.06 
33 29 11 9.15 
11 38 9 211.76 
4 36 12 8.3 
0 11 5 7.65 
9 6 8 211.38 
12 34 8 6.58 
28 8 2 9.81 
11 31 10 207.27 
35 38 10 207.12 
33 4 8 205.33 
22 2 4 205.07 
26 31 11 13.27 
32 19 12 208.01 
34 23 8 8.15 
3 11 3 8.62 
31 9 6 8.57 
0 17 2 206.79 
30 37 10 209.93 
38 35 8 207.12 
12 28 6 207.05 
14 13 9 9.62 
21 29 11 206.97 
37 8 11 205.43 
27 35 3 9.85 
32 13 6 6.96 
26 30 2 8.3 
38 5 11 203.45 
35 31 4 209.6 
0 5 8 4.44 
23 33 9 10.45 
3 10 12 211.81 
19 21 4 210.37 
19 36 12 207.6 
22 10 2 212.83 
21 11 10 5.42 
14 21 12 7.18 
5 0 8 4.44 
32 1 6 202.59 
8 12 10 217.34 
1 28 11 10.3 
20 9 8 205.2 
30 24 3 208.85 
38 3 6 4.27 
25 22 12 211.62 
38 19 12 5.05 
27 4 9 207.54 
6 19 6 5.95 
7 31 5 9.08 
16 28 7 210.62 
17 6 11 4.73 
18 31 5 6.38 
24 11 12 210.73 
8 5 6 210.62 
13 35 6 9.64 
38 34 10 11.02 
37 4 3 8.01 
1 15 3 202.12 
10 2 9 212.79 
16 26 4 5.96 
15 22 12 213.87 
27 31 11 213.1 
36 14 11 5.43 
2 0 2 420.01 
12 7 11 9.38 
25 8 2 210.57 
33 22 12 211.7 
28 26 5 7.53 
0 35 11 202.81 
32 29 10 214.59 
35 8 3 208.77 
30 11 8 210.35 
10 24 2 210.73 
15 27 2 9.81 
30 23 11 208.97 
5 18 4 212.91 
19 7 2 10.84 
15 38 12 4.89 
14 5 10 209.63 
38 37 12 215.34 
25 31 9 210.59 
35 27 6 9.85 
8 22 3 7.34 
17 33 3 10.27 
1 27 11 10.02 
11 2 5 13.91 
27 22 6 11.86 
35 5 4 6.32 
15 17 6 2.66 
34 35 4 206.36 
20 5 3 206.97 
12 21 11 214.26 
24 4 5 207.56 
31 32 5 213.15 
24 13 6 5.54 
21 1 8 5.87 
17 36 8 206.33 
24 8 8 6.1 
1 10 8 209.53 
9 27 5 207.31 
