39 172 487 
0 1 160 10 0 219.04 
1 0 160 10 0 219.04 
0 2 160 20 0 217.48 
2 0 160 20 0 217.48 
0 3 160 50 0 212.48 
3 0 160 50 0 212.48 
0 4 160 65 0 213.3 
4 0 160 65 0 213.3 
0 6 160 30 0 217.54 
6 0 160 30 0 217.54 
1 2 160 20 0 211 
2 1 160 20 0 211 
1 7 160 18 0 215.67 
7 1 160 18 0 215.67 
2 3 160 32 0 215.93 
3 2 160 32 0 215.93 
2 6 160 17 0 211.44 
6 2 160 17 0 211.44 
3 4 160 15 0 213.4 
4 3 160 15 0 213.4 
3 6 160 45 0 214.66 
6 3 160 45 0 214.66 
3 9 160 25 0 217.42 
9 3 160 25 0 217.42 
4 5 160 30 0 216.47 
5 4 160 30 0 216.47 
4 8 160 25 0 211.48 
8 4 160 25 0 211.48 
5 8 160 25 0 215.58 
8 5 160 25 0 215.58 
5 17 160 45 0 215.93 
17 5 160 45 0 215.93 
6 9 160 40 0 211.89 
9 6 160 40 0 211.89 
6 10 160 19 0 213.49 
10 6 160 19 0 213.49 
7 11 160 20 0 212.1 
11 7 160 20 0 212.1 
7 24 160 40 0 216.26 
24 7 160 40 0 216.26 
8 9 160 40 0 219.72 
9 8 160 40 0 219.72 
8 12 160 20 0 213.34 
12 8 160 20 0 213.34 
8 13 160 18 0 212.54 
13 8 160 18 0 212.54 
8 14 160 40 0 216.23 
14 8 160 40 0 216.23 
9 10 160 40 0 212.64 
10 9 160 40 0 212.64 
9 14 160 24 0 212.16 
14 9 160 24 0 212.16 
9 23 160 40 0 213.82 
23 9 160 40 0 213.82 
10 11 160 10 0 212.99 
11 10 160 10 0 212.99 
10 16 160 20 0 212.1 
16 10 160 20 0 212.1 
11 24 160 20 0 213.57 
24 11 160 20 0 213.57 
12 13 160 18 0 212.15 
13 12 160 18 0 212.15 
12 17 160 30 0 217.56 
17 12 160 30 0 217.56 
12 18 160 14 0 212.67 
18 12 160 14 0 212.67 
13 14 160 20 0 214.07 
14 13 160 20 0 214.07 
13 19 160 18 0 213.04 
19 13 160 18 0 213.04 
13 25 160 30 0 215.03 
25 13 160 30 0 215.03 
14 15 160 10 0 211.37 
15 14 160 10 0 211.37 
15 16 160 30 0 215.03 
16 15 160 30 0 215.03 
15 19 160 23 0 210.93 
19 15 160 23 0 210.93 
15 22 160 12 0 216.33 
22 15 160 12 0 216.33 
15 23 160 15 0 212.2 
23 15 160 15 0 212.2 
16 23 160 25 0 213.62 
23 16 160 25 0 213.62 
16 24 160 20 0 216.99 
24 16 160 20 0 216.99 
16 30 160 35 0 218.22 
30 16 160 35 0 218.22 
17 18 160 23 0 214.4 
18 17 160 23 0 214.4 
17 20 160 18 0 211.98 
20 17 160 18 0 211.98 
17 35 160 40 0 216.85 
35 17 160 40 0 216.85 
18 21 160 11 0 211.23 
21 18 160 11 0 211.23 
18 25 160 24 0 212.83 
25 18 160 24 0 212.83 
19 22 160 17 0 216.26 
22 19 160 17 0 216.26 
19 25 160 10 0 213.84 
25 19 160 10 0 213.84 
20 21 160 13 0 211.05 
21 20 160 13 0 211.05 
20 35 160 35 0 214.7 
35 20 160 35 0 214.7 
21 26 160 13 0 214.43 
26 21 160 13 0 214.43 
22 23 160 15 0 215.02 
23 22 160 15 0 215.02 
22 25 160 18 0 215.62 
25 22 160 18 0 215.62 
22 27 160 9 0 213.46 
27 22 160 9 0 213.46 
22 33 160 40 0 212.62 
33 22 160 40 0 212.62 
23 27 160 11 0 215.16 
27 23 160 11 0 215.16 
23 28 160 9 0 212.34 
28 23 160 9 0 212.34 
24 30 160 40 0 212.74 
30 24 160 40 0 212.74 
25 26 160 17 0 216.36 
26 25 160 17 0 216.36 
25 29 160 35 0 220.32 
29 25 160 35 0 220.32 
25 33 160 20 0 216.42 
33 25 160 20 0 216.42 
26 34 160 17 0 212.14 
34 26 160 17 0 212.14 
27 29 160 6 0 212.01 
29 27 160 6 0 212.01 
27 30 160 34 0 218.72 
30 27 160 34 0 218.72 
27 31 160 16 0 213.69 
31 27 160 16 0 213.69 
27 33 160 25 0 216.36 
33 27 160 25 0 216.36 
28 29 160 20 0 212.75 
29 28 160 20 0 212.75 
28 30 160 18 0 216.13 
30 28 160 18 0 216.13 
29 30 160 22 0 217.06 
30 29 160 22 0 217.06 
30 32 160 20 0 219.3 
32 30 160 20 0 219.3 
30 38 160 22 0 216.49 
38 30 160 22 0 216.49 
31 33 160 13 0 214.94 
33 31 160 13 0 214.94 
31 36 160 13 0 213.96 
36 31 160 13 0 213.96 
32 33 160 20 0 216.95 
33 32 160 20 0 216.95 
32 36 160 11 0 216.17 
36 32 160 11 0 216.17 
32 38 160 9 0 213.48 
38 32 160 9 0 213.48 
33 34 160 23 0 212.97 
34 33 160 23 0 212.97 
33 36 160 12 0 219.59 
36 33 160 12 0 219.59 
33 37 160 10 0 216.59 
37 33 160 10 0 216.59 
34 35 160 15 0 215.2 
35 34 160 15 0 215.2 
35 37 160 40 0 220.54 
37 35 160 40 0 220.54 
36 37 160 16 0 217.15 
37 36 160 16 0 217.15 
36 38 160 13 0 217.69 
38 36 160 13 0 217.69 
9 8 9 410.12 
19 12 7 220.78 
29 4 3 205.57 
37 36 10 222.74 
34 38 11 215.64 
34 7 3 209.02 
4 37 5 210.53 
5 16 4 210.13 
24 1 5 15.62 
22 18 5 215.07 
7 16 4 212.85 
27 8 12 7.75 
0 23 10 214.24 
5 6 2 218.66 
22 7 7 207.59 
15 3 8 206.98 
36 30 9 214.15 
6 36 8 6.22 
13 30 6 206.44 
20 12 5 219.29 
13 17 4 420.56 
3 1 8 433.99 
19 6 4 9.94 
27 24 3 214.21 
5 26 6 214.72 
4 0 5 423.37 
37 32 2 421.37 
22 19 5 219.25 
23 12 4 211.84 
13 14 7 217.8 
18 15 6 213.92 
30 20 9 9.98 
23 29 4 216.45 
12 36 4 210.89 
7 32 3 222.06 
15 28 2 215.7 
35 6 8 11.65 
5 21 6 214.78 
36 1 2 207.43 
35 24 6 13.07 
27 6 11 211.64 
11 21 9 7.95 
25 28 4 213.43 
15 16 8 217.95 
6 21 5 205.92 
37 17 9 211.08 
3 16 10 221.3 
12 1 3 205.17 
13 27 8 213.29 
34 0 3 209 
13 20 9 219.2 
9 18 11 13.71 
28 36 8 211.96 
21 37 9 216.96 
31 20 11 209.98 
35 0 5 211.98 
29 8 10 17.18 
9 31 10 211.03 
28 27 3 215.06 
26 34 4 227.32 
0 22 5 208.38 
15 0 2 10.26 
0 1 12 423.82 
33 29 11 215.54 
11 38 9 417.22 
4 36 12 207.95 
0 11 5 215.07 
9 6 8 419.05 
12 34 8 214.06 
28 8 2 209.29 
11 31 10 210.31 
35 38 10 217.42 
33 4 8 208.18 
22 2 4 208.93 
26 31 11 217.3 
32 19 12 211.82 
34 23 8 12.22 
3 11 3 215.34 
31 9 6 211.03 
0 17 2 211.19 
30 37 10 217.19 
38 35 8 217.42 
12 28 6 212.21 
14 13 9 217.8 
21 29 11 212.32 
37 8 11 207.61 
27 35 3 19.32 
32 13 6 13.31 
26 30 2 16.01 
38 5 11 205.93 
35 31 4 215.11 
0 5 8 211.38 
23 33 9 215 
3 10 12 420.25 
19 21 4 215.44 
19 36 12 211.6 
22 10 2 218.82 
21 11 10 7.95 
14 21 12 212.93 
5 0 8 211.38 
32 1 6 209.72 
8 12 10 224.76 
1 28 11 15.71 
20 9 8 208.75 
30 24 3 215.52 
38 3 6 8.46 
25 22 12 218.7 
38 19 12 8.15 
27 4 9 210 
6 19 6 9.94 
7 31 5 12.51 
16 28 7 216.06 
17 6 11 210.05 
18 31 5 211.41 
24 11 12 215.85 
8 5 6 217.22 
13 35 6 18.63 
38 34 10 215.64 
37 4 3 210.53 
1 15 3 207.86 
10 2 9 215.89 
16 26 4 206.43 
15 22 12 220.57 
27 31 11 223.37 
36 14 11 208.25 
2 0 2 627.96 
12 7 11 206.63 
25 8 2 215.37 
33 22 12 218.73 
28 26 5 208.61 
0 35 11 211.98 
32 29 10 219.46 
35 8 3 214.89 
30 11 8 214.85 
10 24 2 215.85 
15 27 2 215.93 
30 23 11 218.51 
5 18 4 217.95 
19 7 2 16.56 
15 38 12 7.3 
14 5 10 417.9 
38 37 12 421.22 
25 31 9 216.6 
35 27 6 19.32 
8 22 3 213.17 
17 33 3 212.76 
1 27 11 14.39 
11 2 5 216.9 
27 22 6 214.15 
35 5 4 212.23 
15 17 6 9.28 
34 35 4 411.28 
20 5 3 413.66 
12 21 11 221.04 
24 4 5 209.5 
31 32 5 218.43 
24 13 6 206.74 
21 1 8 203.46 
17 36 8 211.82 
24 8 8 209.63 
1 10 8 219.58 
9 27 5 211.51 
11 12 6 208.32 
9 16 4 415.51 
3 19 4 15.14 
22 27 5 214.15 
0 15 11 10.26 
9 14 3 218.58 
26 16 11 206.43 
7 9 2 14.59 
1 0 10 423.82 
22 37 6 217.13 
13 7 11 10.09 
36 34 12 223.78 
36 29 11 212.27 
32 24 6 213.52 
6 16 9 215.88 
1 22 7 11.07 
12 18 11 218.46 
1 21 9 203.46 
25 11 10 208.01 
21 30 3 209.87 
8 7 12 208.47 
2 10 11 215.89 
25 37 7 213.77 
6 27 4 211.64 
33 1 12 200.1 
2 25 3 7.91 
5 20 3 413.66 
22 20 7 211.1 
21 25 7 217.2 
4 30 6 208.14 
3 15 9 206.98 
10 35 12 14.09 
9 5 8 415.95 
28 17 12 7.63 
18 33 4 222.69 
27 0 6 209.27 
14 10 5 417.97 
19 29 12 213.2 
3 33 9 208.15 
10 22 11 218.82 
24 0 5 212.12 
16 9 10 415.51 
11 25 2 208.01 
35 11 3 9.09 
4 14 2 220.87 
3 28 4 211.98 
11 17 12 208.54 
5 38 5 205.93 
8 3 10 219.72 
14 37 12 211.01 
28 24 7 219.23 
24 37 8 212.16 
25 13 2 421.89 
21 18 5 215.86 
36 15 10 211 
17 23 3 204.08 
13 21 7 216.17 
26 0 2 207.04 
32 37 3 421.37 
16 20 12 19.62 
7 8 7 208.47 
10 29 5 13.13 
9 36 3 206.52 
24 21 3 208.13 
5 31 8 5.57 
12 31 2 210.17 
20 18 8 420.43 
34 16 12 210.3 
38 7 2 219.06 
32 8 5 207.05 
23 9 9 214.63 
28 30 9 214.28 
35 22 8 23.89 
28 12 3 212.21 
8 24 12 209.63 
23 10 8 410.84 
35 12 4 214.42 
25 6 2 11.98 
28 4 7 11.44 
11 5 12 7.56 
10 14 2 417.97 
21 23 3 209.67 
29 30 5 210.98 
32 23 5 213.32 
22 15 9 220.57 
28 20 4 196.31 
14 4 11 220.87 
0 10 7 218.67 
18 19 11 421.52 
24 9 8 222.83 
20 37 5 420.29 
14 0 4 216.65 
5 35 2 212.23 
23 26 12 212.72 
37 10 11 8.39 
32 3 11 5.94 
32 36 10 223.27 
37 15 12 9.43 
2 26 3 7.79 
21 26 2 218.57 
14 15 10 220.07 
29 27 10 215.51 
27 2 7 209.13 
34 18 8 217.2 
3 4 4 425.22 
31 21 6 211.35 
15 4 12 12.89 
38 28 9 19.25 
13 8 7 216.36 
12 5 4 421.33 
19 37 3 12.78 
18 12 3 218.46 
8 29 6 17.18 
11 1 6 218.72 
3 8 7 219.72 
2 24 5 214.73 
27 1 2 14.39 
28 37 12 12.87 
12 2 3 209.46 
22 24 7 213.11 
3 36 10 7.82 
9 33 4 210.47 
7 30 9 213.68 
15 18 4 213.92 
37 13 12 210.13 
16 22 4 214.35 
33 27 2 215.75 
26 11 11 206.71 
2 29 6 10.08 
15 34 11 15.3 
35 9 2 208.9 
22 0 7 208.38 
21 14 9 212.93 
5 15 5 212.61 
6 7 4 420.07 
31 36 10 423 
23 18 10 211.82 
30 19 11 211 
36 19 9 211.6 
11 19 2 211.37 
37 24 4 212.16 
23 30 9 218.51 
30 33 11 14.91 
33 13 5 213.84 
13 10 3 12.62 
3 23 2 212.71 
20 11 7 202.73 
2 31 2 207.18 
26 36 6 419.8 
3 34 10 207.66 
27 26 10 218.67 
8 13 4 216.36 
2 38 4 209.62 
15 36 7 211 
38 17 4 205.13 
29 37 4 210.9 
10 28 8 214.06 
23 34 6 12.22 
33 11 12 208.78 
7 10 2 215.94 
0 29 3 9.23 
20 17 2 217.45 
5 2 4 222.38 
1 16 10 212.74 
13 38 6 206.97 
36 11 11 209.72 
22 30 3 12.77 
13 33 5 213.84 
28 2 7 212.34 
22 31 10 216.83 
28 11 4 219.97 
18 5 3 217.95 
11 28 4 219.97 
34 33 3 223.82 
14 25 10 215.15 
22 13 8 216.01 
31 18 5 211.41 
5 23 11 210.58 
37 14 9 211.01 
38 26 6 211.96 
17 19 3 14.35 
32 21 9 211.33 
33 15 5 213.32 
38 6 8 7.47 
6 33 8 210.79 
27 29 11 215.51 
24 7 4 14.61 
28 7 3 214.64 
1 23 3 212.66 
29 6 5 209 
16 0 7 9.14 
11 33 5 208.78 
13 6 3 209.47 
33 7 4 209.41 
36 20 3 213.08 
16 31 5 211.89 
28 23 11 217.4 
16 36 4 211.07 
15 1 12 207.86 
34 11 7 208.14 
20 13 7 219.2 
1 30 8 14.76 
32 27 11 217.39 
37 22 7 217.13 
30 36 5 214.15 
16 1 4 212.74 
26 19 10 216.38 
8 20 2 218.82 
5 13 6 425.41 
27 3 12 211 
12 33 4 201.95 
23 3 4 212.71 
12 27 7 6.83 
0 19 3 210.57 
23 5 6 210.58 
8 36 9 209.41 
17 2 8 210.71 
18 36 11 210.39 
36 2 7 202.25 
32 28 4 211.57 
6 0 5 428.32 
1 12 12 205.17 
3 38 4 8.46 
33 6 8 210.79 
31 29 10 213.66 
7 27 4 213 
22 16 3 214.35 
19 23 12 216.85 
11 18 8 206.23 
37 2 3 10.02 
20 34 3 421.9 
31 35 3 215.11 
36 32 3 223.27 
19 27 6 213.32 
18 32 5 210.92 
38 22 3 212.07 
17 34 8 217.51 
21 13 9 216.17 
25 33 4 218.23 
35 18 10 421.77 
29 28 11 215.51 
20 26 9 224.01 
38 29 11 215.4 
4 6 2 224.75 
28 14 2 19.12 
4 2 2 419.05 
36 33 6 419.44 
27 23 7 217.01 
34 17 2 217.51 
17 20 2 217.45 
2 1 2 427.18 
2 4 6 419.05 
31 30 10 214.83 
19 32 11 211.82 
18 17 8 219.21 
33 38 10 218.56 
37 19 7 12.78 
31 28 4 212.55 
28 15 2 215.7 
9 37 2 209.63 
22 32 3 211.89 
26 24 2 210.52 
29 31 7 213.66 
3 0 12 432.93 
25 27 7 217.95 
33 36 10 419.44 
30 22 3 12.77 
12 32 2 208.7 
9 1 8 214.53 
18 20 6 420.43 
2 3 10 436.28 
30 16 2 219.15 
7 25 2 207.97 
30 27 9 213.47 
16 25 11 210.86 
32 33 9 217.65 
9 3 6 422.37 
27 36 4 220.94 
29 38 6 215.4 
6 2 12 427.18 
2 14 4 213.77 
23 37 5 211.88 
37 31 3 427.3 
23 31 5 215.56 
11 0 5 215.07 
27 37 2 217.8 
21 33 2 214.45 
26 35 3 224.96 
21 12 8 221.04 
3 9 3 422.37 
0 13 4 13.08 
11 4 3 212.84 
15 37 2 9.43 
6 9 3 419.05 
10 3 4 420.25 
9 4 3 222.97 
16 38 9 211.33 
37 29 3 210.9 
0 6 2 428.32 
0 3 5 432.93 
31 23 2 215.56 
26 17 2 223.84 
0 2 4 627.96 
6 3 2 433.82 
6 1 4 427.15 
4 1 11 418.75 
34 20 4 421.9 
27 32 2 217.39 
2 6 4 427.18 
28 32 10 211.57 
3 2 11 436.28 
2 9 7 215.26 
15 25 4 214.69 
19 22 6 219.25 
1 4 5 418.75 
1 6 11 427.15 
26 20 2 224.01 
4 9 3 222.97 
29 32 5 219.46 
17 12 7 229.44 
17 21 3 420.59 
16 19 8 213.6 
1 3 6 433.99 
14 3 2 219.25 
3 6 3 433.82 
