39 172 487 
0 1 160 10 1 219.04 
1 0 160 10 1 219.04 
0 2 160 20 1 217.48 
2 0 160 20 1 217.48 
0 3 160 50 1 212.48 
3 0 160 50 1 212.48 
0 4 160 65 1 213.3 
4 0 160 65 1 213.3 
0 6 160 30 1 217.54 
6 0 160 30 1 217.54 
1 2 160 20 1 211 
2 1 160 20 1 211 
1 7 160 18 1 215.67 
7 1 160 18 1 215.67 
2 3 160 32 1 215.93 
3 2 160 32 1 215.93 
2 6 160 17 1 211.44 
6 2 160 17 1 211.44 
3 4 160 15 1 213.4 
4 3 160 15 1 213.4 
3 6 160 45 1 214.66 
6 3 160 45 1 214.66 
3 9 160 25 1 217.42 
9 3 160 25 1 217.42 
4 5 160 30 1 216.47 
5 4 160 30 1 216.47 
4 8 160 25 1 211.48 
8 4 160 25 1 211.48 
5 8 160 25 1 215.58 
8 5 160 25 1 215.58 
5 17 160 45 1 215.93 
17 5 160 45 1 215.93 
6 9 160 40 1 211.89 
9 6 160 40 1 211.89 
6 10 160 19 1 213.49 
10 6 160 19 1 213.49 
7 11 160 20 1 212.1 
11 7 160 20 1 212.1 
7 24 160 40 1 216.26 
24 7 160 40 1 216.26 
8 9 160 40 1 219.72 
9 8 160 40 1 219.72 
8 12 160 20 1 213.34 
12 8 160 20 1 213.34 
8 13 160 18 1 212.54 
13 8 160 18 1 212.54 
8 14 160 40 1 216.23 
14 8 160 40 1 216.23 
9 10 160 40 1 212.64 
10 9 160 40 1 212.64 
9 14 160 24 1 212.16 
14 9 160 24 1 212.16 
9 23 160 40 1 213.82 
23 9 160 40 1 213.82 
10 11 160 10 1 212.99 
11 10 160 10 1 212.99 
10 16 160 20 1 212.1 
16 10 160 20 1 212.1 
11 24 160 20 1 213.57 
24 11 160 20 1 213.57 
12 13 160 18 1 212.15 
13 12 160 18 1 212.15 
12 17 160 30 1 217.56 
17 12 160 30 1 217.56 
12 18 160 14 1 212.67 
18 12 160 14 1 212.67 
13 14 160 20 1 214.07 
14 13 160 20 1 214.07 
13 19 160 18 1 213.04 
19 13 160 18 1 213.04 
13 25 160 30 1 215.03 
25 13 160 30 1 215.03 
14 15 160 10 1 211.37 
15 14 160 10 1 211.37 
15 16 160 30 1 215.03 
16 15 160 30 1 215.03 
15 19 160 23 1 210.93 
19 15 160 23 1 210.93 
15 22 160 12 1 216.33 
22 15 160 12 1 216.33 
15 23 160 15 1 212.2 
23 15 160 15 1 212.2 
16 23 160 25 1 213.62 
23 16 160 25 1 213.62 
16 24 160 20 1 216.99 
24 16 160 20 1 216.99 
16 30 160 35 1 218.22 
30 16 160 35 1 218.22 
17 18 160 23 1 214.4 
18 17 160 23 1 214.4 
17 20 160 18 1 211.98 
20 17 160 18 1 211.98 
17 35 160 40 1 216.85 
35 17 160 40 1 216.85 
18 21 160 11 1 211.23 
21 18 160 11 1 211.23 
18 25 160 24 1 212.83 
25 18 160 24 1 212.83 
19 22 160 17 1 216.26 
22 19 160 17 1 216.26 
19 25 160 10 1 213.84 
25 19 160 10 1 213.84 
20 21 160 13 1 211.05 
21 20 160 13 1 211.05 
20 35 160 35 1 214.7 
35 20 160 35 1 214.7 
21 26 160 13 1 214.43 
26 21 160 13 1 214.43 
22 23 160 15 1 215.02 
23 22 160 15 1 215.02 
22 25 160 18 1 215.62 
25 22 160 18 1 215.62 
22 27 160 9 1 213.46 
27 22 160 9 1 213.46 
22 33 160 40 1 212.62 
33 22 160 40 1 212.62 
23 27 160 11 1 215.16 
27 23 160 11 1 215.16 
23 28 160 9 1 212.34 
28 23 160 9 1 212.34 
24 30 160 40 1 212.74 
30 24 160 40 1 212.74 
25 26 160 17 1 216.36 
26 25 160 17 1 216.36 
25 29 160 35 1 220.32 
29 25 160 35 1 220.32 
25 33 160 20 1 216.42 
33 25 160 20 1 216.42 
26 34 160 17 1 212.14 
34 26 160 17 1 212.14 
27 29 160 6 1 212.01 
29 27 160 6 1 212.01 
27 30 160 34 1 218.72 
30 27 160 34 1 218.72 
27 31 160 16 1 213.69 
31 27 160 16 1 213.69 
27 33 160 25 1 216.36 
33 27 160 25 1 216.36 
28 29 160 20 1 212.75 
29 28 160 20 1 212.75 
28 30 160 18 1 216.13 
30 28 160 18 1 216.13 
29 30 160 22 1 217.06 
30 29 160 22 1 217.06 
30 32 160 20 1 219.3 
32 30 160 20 1 219.3 
30 38 160 22 1 216.49 
38 30 160 22 1 216.49 
31 33 160 13 1 214.94 
33 31 160 13 1 214.94 
31 36 160 13 1 213.96 
36 31 160 13 1 213.96 
32 33 160 20 1 216.95 
33 32 160 20 1 216.95 
32 36 160 11 1 216.17 
36 32 160 11 1 216.17 
32 38 160 9 1 213.48 
38 32 160 9 1 213.48 
33 34 160 23 1 212.97 
34 33 160 23 1 212.97 
33 36 160 12 1 219.59 
36 33 160 12 1 219.59 
33 37 160 10 1 216.59 
37 33 160 10 1 216.59 
34 35 160 15 1 215.2 
35 34 160 15 1 215.2 
35 37 160 40 1 220.54 
37 35 160 40 1 220.54 
36 37 160 16 1 217.15 
37 36 160 16 1 217.15 
36 38 160 13 1 217.69 
38 36 160 13 1 217.69 
9 8 9 205.58 
19 12 7 212.8 
29 4 3 201 
37 36 10 215 
34 38 11 11.02 
34 7 3 203.94 
4 37 5 8.01 
5 16 4 207.68 
24 1 5 10.39 
22 18 5 210.13 
7 16 4 208.2 
27 8 12 5.73 
0 23 10 203.14 
5 6 2 210.44 
22 7 7 6.09 
15 3 8 202.07 
36 30 9 206.89 
6 36 8 4.4 
13 30 6 203.82 
20 12 5 213.21 
13 17 4 214.06 
3 1 8 222.09 
19 6 4 5.95 
27 24 3 210.86 
5 26 6 209.82 
4 0 5 220.1 
37 32 2 213.84 
22 19 5 211.09 
23 12 4 209.24 
13 14 7 9.62 
18 15 6 210.86 
30 20 9 5.5 
23 29 4 7.27 
12 36 4 207.19 
7 32 3 211 
15 28 2 209.91 
35 6 8 2.58 
5 21 6 209.77 
36 1 2 200.4 
35 24 6 7.55 
27 6 11 8.16 
11 21 9 5.42 
25 28 4 209.72 
15 16 8 209.79 
6 21 5 5.63 
37 17 9 207.36 
3 16 10 210.87 
12 1 3 197.18 
13 27 8 5.28 
34 0 3 205.25 
13 20 9 12.35 
9 18 11 9.67 
28 36 8 208.77 
21 37 9 211.79 
31 20 11 205.16 
35 0 5 202.81 
29 8 10 10.2 
9 31 10 8.57 
28 27 3 211.74 
26 34 4 212.1 
0 22 5 7.9 
15 0 2 5.2 
0 1 12 217.06 
33 29 11 9.15 
11 38 9 211.76 
4 36 12 8.3 
0 11 5 7.65 
9 6 8 211.38 
12 34 8 6.58 
28 8 2 9.81 
11 31 10 207.27 
35 38 10 207.12 
33 4 8 205.33 
22 2 4 205.07 
26 31 11 13.27 
32 19 12 208.01 
34 23 8 8.15 
3 11 3 8.62 
31 9 6 8.57 
0 17 2 206.79 
30 37 10 209.93 
38 35 8 207.12 
12 28 6 207.05 
14 13 9 9.62 
21 29 11 206.97 
37 8 11 205.43 
27 35 3 9.85 
32 13 6 6.96 
26 30 2 8.3 
38 5 11 203.45 
35 31 4 209.6 
0 5 8 4.44 
23 33 9 10.45 
3 10 12 211.81 
19 21 4 210.37 
19 36 12 207.6 
22 10 2 212.83 
21 11 10 5.42 
14 21 12 7.18 
5 0 8 4.44 
32 1 6 202.59 
8 12 10 217.34 
1 28 11 10.3 
20 9 8 205.2 
30 24 3 208.85 
38 3 6 4.27 
25 22 12 211.62 
38 19 12 5.05 
27 4 9 207.54 
6 19 6 5.95 
7 31 5 9.08 
16 28 7 210.62 
17 6 11 4.73 
18 31 5 6.38 
24 11 12 210.73 
8 5 6 210.62 
13 35 6 9.64 
38 34 10 11.02 
37 4 3 8.01 
1 15 3 202.12 
10 2 9 212.79 
16 26 4 5.96 
15 22 12 213.87 
27 31 11 213.1 
36 14 11 5.43 
2 0 2 420.01 
12 7 11 9.38 
25 8 2 210.57 
33 22 12 211.7 
28 26 5 7.53 
0 35 11 202.81 
32 29 10 214.59 
35 8 3 208.77 
30 11 8 210.35 
10 24 2 210.73 
15 27 2 9.81 
30 23 11 208.97 
5 18 4 212.91 
19 7 2 10.84 
15 38 12 4.89 
14 5 10 209.63 
38 37 12 215.34 
25 31 9 210.59 
35 27 6 9.85 
8 22 3 7.34 
17 33 3 10.27 
1 27 11 10.02 
11 2 5 13.91 
27 22 6 11.86 
35 5 4 6.32 
15 17 6 2.66 
34 35 4 206.36 
20 5 3 206.97 
12 21 11 214.26 
24 4 5 207.56 
31 32 5 213.15 
24 13 6 5.54 
21 1 8 5.87 
17 36 8 206.33 
24 8 8 6.1 
1 10 8 209.53 
9 27 5 207.31 
11 12 6 6.88 
9 16 4 210.75 
3 19 4 8.24 
22 27 5 11.86 
0 15 11 5.2 
9 14 3 10.28 
26 16 11 5.96 
7 9 2 7.57 
1 0 10 217.06 
22 37 6 213.53 
13 7 11 5.47 
36 34 12 216.72 
36 29 11 7.75 
32 24 6 10.28 
6 16 9 10.94 
1 22 7 8.98 
12 18 11 212.47 
1 21 9 5.87 
25 11 10 200.86 
21 30 3 206.69 
8 7 12 202.51 
2 10 11 212.79 
25 37 7 209.47 
6 27 4 8.16 
33 1 12 4.35 
2 25 3 6.98 
5 20 3 206.97 
22 20 7 5.6 
21 25 7 213.72 
4 30 6 205.9 
3 15 9 202.07 
10 35 12 3.7 
9 5 8 210.91 
28 17 12 5.08 
18 33 4 208.74 
27 0 6 207.31 
14 10 5 209.84 
19 29 12 210.12 
3 33 9 205.66 
10 22 11 212.83 
24 0 5 4.61 
16 9 10 210.75 
11 25 2 200.86 
35 11 3 6.57 
4 14 2 209.93 
3 28 4 208.29 
11 17 12 205.32 
5 38 5 203.45 
8 3 10 211.86 
14 37 12 207.01 
28 24 7 16 
24 37 8 10.28 
25 13 2 212.47 
21 18 5 11.58 
36 15 10 208.15 
17 23 3 2.72 
13 21 7 10.42 
26 0 2 201.98 
32 37 3 213.84 
16 20 12 5.14 
7 8 7 202.51 
10 29 5 6.86 
9 36 3 4.43 
24 21 3 8.17 
5 31 8 1.35 
12 31 2 14.54 
20 18 8 212.66 
34 16 12 8.07 
38 7 2 19.12 
32 8 5 204.13 
23 9 9 7.19 
28 30 9 11.24 
35 22 8 10.1 
28 12 3 207.05 
8 24 12 6.1 
23 10 8 207.76 
35 12 4 207.79 
25 6 2 3.64 
28 4 7 7.82 
11 5 12 3.23 
10 14 2 209.84 
21 23 3 8.81 
29 30 5 202.52 
32 23 5 5.76 
22 15 9 213.87 
28 20 4 4.84 
14 4 11 209.93 
0 10 7 210.92 
18 19 11 213.36 
24 9 8 212.75 
20 37 5 215.05 
14 0 4 208.77 
5 35 2 6.32 
23 26 12 207.52 
37 10 11 4.39 
32 3 11 2.93 
32 36 10 17.44 
37 15 12 4.98 
2 26 3 5.29 
21 26 2 16.37 
14 15 10 210.86 
29 27 10 211 
27 2 7 204.22 
34 18 8 213.21 
3 4 4 215.12 
31 21 6 207.16 
15 4 12 6.34 
38 28 9 6.85 
13 8 7 10.46 
12 5 4 215.33 
19 37 3 8.95 
18 12 3 212.47 
8 29 6 10.2 
11 1 6 209.53 
3 8 7 211.86 
2 24 5 11.96 
27 1 2 10.02 
28 37 12 8.3 
12 2 3 9.22 
22 24 7 210.14 
3 36 10 3.14 
9 33 4 205.01 
7 30 9 11.82 
15 18 4 210.86 
37 13 12 7.56 
16 22 4 208.76 
33 27 2 204.76 
26 11 11 13.24 
2 29 6 6.31 
15 34 11 5.33 
35 9 2 205.23 
22 0 7 7.9 
21 14 9 7.18 
5 15 5 7.18 
6 7 4 210.93 
31 36 10 214.21 
23 18 10 207.45 
30 19 11 6.09 
36 19 9 207.6 
11 19 2 206.91 
37 24 4 10.28 
23 30 9 208.97 
30 33 11 9.07 
33 13 5 209.94 
13 10 3 7.13 
3 23 2 7.11 
20 11 7 5.95 
2 31 2 202.88 
26 36 6 211.82 
3 34 10 5.82 
27 26 10 210.94 
8 13 4 10.46 
2 38 4 203.73 
15 36 7 208.15 
38 17 4 201.63 
29 37 4 207.4 
10 28 8 10.09 
23 34 6 8.15 
33 11 12 8.29 
7 10 2 212.08 
0 29 3 4.5 
20 17 2 209.34 
5 2 4 211.17 
1 16 10 7.29 
13 38 6 4.84 
36 11 11 206.26 
22 30 3 6.09 
13 33 5 209.94 
28 2 7 209.13 
22 31 10 212.14 
28 11 4 15.04 
18 5 3 212.91 
11 28 4 15.04 
34 33 3 210.33 
14 25 10 211.35 
22 13 8 213.17 
31 18 5 6.38 
5 23 11 3.64 
37 14 9 207.01 
38 26 6 7.36 
17 19 3 9.33 
32 21 9 205.72 
33 15 5 7.43 
38 6 8 3.36 
6 33 8 205.66 
27 29 11 211 
24 7 4 8.11 
28 7 3 209.34 
1 23 3 9.21 
29 6 5 5.68 
16 0 7 3.42 
11 33 5 8.29 
13 6 3 204.15 
33 7 4 205.1 
36 20 3 207.74 
16 31 5 207.57 
28 23 11 211.93 
16 36 4 209.16 
15 1 12 202.12 
34 11 7 8.26 
20 13 7 12.35 
1 30 8 12.54 
32 27 11 7.23 
37 22 7 213.53 
30 36 5 206.89 
16 1 4 7.29 
26 19 10 8.42 
8 20 2 211.85 
5 13 6 220.18 
27 3 12 206.7 
12 33 4 197.64 
23 3 4 7.11 
12 27 7 5.04 
0 19 3 205.57 
23 5 6 3.64 
8 36 9 207.05 
17 2 8 208.06 
18 36 11 5.22 
36 2 7 199.7 
32 28 4 207.56 
6 0 5 219.27 
1 12 12 197.18 
3 38 4 4.27 
33 6 8 205.66 
31 29 10 208.05 
7 27 4 207.54 
22 16 3 208.76 
19 23 12 8.24 
11 18 8 7.46 
37 2 3 5.82 
20 34 3 215.7 
31 35 3 209.6 
36 32 3 17.44 
19 27 6 5.66 
18 32 5 7.96 
38 22 3 6.85 
17 34 8 213.97 
21 13 9 10.42 
25 33 4 211.01 
35 18 10 417.34 
29 28 11 9.43 
20 26 9 211.85 
38 29 11 208.29 
4 6 2 208.99 
28 14 2 8.77 
4 2 2 218.69 
36 33 6 211.1 
27 23 7 209.63 
34 17 2 213.97 
17 20 2 209.34 
2 1 2 217 
2 4 6 218.69 
31 30 10 9.9 
19 32 11 208.01 
18 17 8 213.36 
33 38 10 211.31 
37 19 7 8.95 
31 28 4 207.85 
28 15 2 209.91 
9 37 2 205.12 
22 32 3 6.05 
26 24 2 206.52 
29 31 7 208.05 
3 0 12 422.74 
25 27 7 11.53 
33 36 10 211.1 
30 22 3 6.09 
12 32 2 204.86 
9 1 8 209.65 
18 20 6 212.66 
2 3 10 424.63 
30 16 2 212.78 
7 25 2 204.54 
30 27 9 9.84 
16 25 11 9.27 
32 33 9 210.67 
9 3 6 211.56 
27 36 4 10.11 
29 38 6 208.29 
6 2 12 417.02 
2 14 4 210.12 
23 37 5 208.9 
37 31 3 216.95 
23 31 5 211.42 
11 0 5 7.65 
27 37 2 210.96 
21 33 2 12.7 
26 35 3 215.83 
21 12 8 214.26 
3 9 3 211.56 
0 13 4 7.98 
11 4 3 9.74 
15 37 2 4.98 
6 9 3 211.38 
10 3 4 211.81 
9 4 3 212.44 
16 38 9 7.84 
37 29 3 207.4 
0 6 2 219.27 
0 3 5 422.74 
31 23 2 211.42 
26 17 2 217.13 
0 2 4 420.01 
6 3 2 419.92 
6 1 4 215.03 
4 1 11 213.44 
34 20 4 215.7 
27 32 2 7.23 
2 6 4 417.02 
28 32 10 207.56 
3 2 11 424.63 
2 9 7 206.63 
15 25 4 6.95 
19 22 6 211.09 
1 4 5 213.44 
1 6 11 215.03 
26 20 2 211.85 
4 9 3 212.44 
29 32 5 214.59 
17 12 7 216.44 
17 21 3 211.65 
16 19 8 209.7 
1 3 6 222.09 
14 3 2 211.84 
3 6 3 419.92 
