9 72 24 
0 1 5000 10 0 112.87 
0 2 20000 2.5 0 126.78 
0 3 5000 10 0 103.58 
0 4 10000 5 0 69.71 
0 5 20000 2.5 0 73.19 
0 6 5000 10 0 74.85 
0 7 50000 1 0 80.19 
0 8 5000 10 0 29.21 
1 2 20000 2.5 0 57.2 
1 3 5000 10 0 90.24 
1 4 50000 1 0 135.31 
1 5 10000 5 0 175.9 
1 6 10000 5 0 186.73 
1 7 20000 2.5 0 192.11 
1 8 10000 5 0 140.1 
2 3 20000 2.5 0 49.67 
2 4 5000 10 0 117.41 
2 5 10000 5 0 170.4 
2 6 5000 10 0 194.5 
2 7 50000 1 0 203.86 
2 8 50000 1 0 148.24 
3 4 20000 2.5 0 71.43 
3 5 5000 10 0 128.71 
3 6 20000 2.5 0 158.63 
3 7 50000 1 0 170.89 
3 8 5000 10 0 117.49 
4 5 5000 10 0 58.67 
4 6 5000 10 0 94.93 
4 7 10000 5 0 109.3 
4 8 50000 1 0 64.62 
5 6 5000 10 0 43.47 
5 7 50000 1 0 59.11 
5 8 5000 10 0 47.79 
6 7 5000 10 0 16.8 
6 8 50000 1 0 47.06 
7 8 50000 1 0 55.68 
1 0 5000 10 0 112.87 
2 0 20000 2.5 0 126.78 
3 0 5000 10 0 103.58 
4 0 10000 5 0 69.71 
5 0 20000 2.5 0 73.19 
6 0 5000 10 0 74.85 
7 0 50000 1 0 80.19 
8 0 5000 10 0 29.21 
2 1 20000 2.5 0 57.2 
3 1 5000 10 0 90.24 
4 1 50000 1 0 135.31 
5 1 10000 5 0 175.9 
6 1 10000 5 0 186.73 
7 1 20000 2.5 0 192.11 
8 1 10000 5 0 140.1 
3 2 20000 2.5 0 49.67 
4 2 5000 10 0 117.41 
5 2 10000 5 0 170.4 
6 2 5000 10 0 194.5 
7 2 50000 1 0 203.86 
8 2 50000 1 0 148.24 
4 3 20000 2.5 0 71.43 
5 3 5000 10 0 128.71 
6 3 20000 2.5 0 158.63 
7 3 50000 1 0 170.89 
8 3 5000 10 0 117.49 
5 4 5000 10 0 58.67 
6 4 5000 10 0 94.93 
7 4 10000 5 0 109.3 
8 4 50000 1 0 64.62 
6 5 5000 10 0 43.47 
7 5 50000 1 0 59.11 
8 5 5000 10 0 47.79 
7 6 5000 10 0 16.8 
8 6 50000 1 0 47.06 
8 7 50000 1 0 55.68 
5 1 50 30.35 
8 3 100 31.47 
2 7 1000 23.05 
2 5 50 33.21 
0 1 50 46.78 
1 6 500 35.97 
3 5 50 28.55 
4 6 50 74.18 
2 0 500 58.06 
7 6 500 56.41 
7 3 100 51.38 
2 6 50 26.79 
3 8 1000 31.47 
1 8 1000 47.24 
5 4 500 65.87 
5 0 100 94.44 
6 4 1000 74.18 
5 8 500 84.14 
6 0 1000 67 
7 0 1000 63.8 
3 6 500 53.72 
2 8 50 50.72 
6 2 500 26.79 
5 6 50 85.94 
