9 72 36 
0 1 5000 10 1 112.87 
0 2 20000 2.5 1 126.78 
0 3 5000 10 1 103.58 
0 4 10000 5 1 69.71 
0 5 20000 2.5 1 73.19 
0 6 5000 10 1 74.85 
0 7 50000 1 1 80.19 
0 8 5000 10 1 29.21 
1 2 20000 2.5 1 57.2 
1 3 5000 10 1 90.24 
1 4 50000 1 1 135.31 
1 5 10000 5 1 175.9 
1 6 10000 5 1 186.73 
1 7 20000 2.5 1 192.11 
1 8 10000 5 1 140.1 
2 3 20000 2.5 1 49.67 
2 4 5000 10 1 117.41 
2 5 10000 5 1 170.4 
2 6 5000 10 1 194.5 
2 7 50000 1 1 203.86 
2 8 50000 1 1 148.24 
3 4 20000 2.5 1 71.43 
3 5 5000 10 1 128.71 
3 6 20000 2.5 1 158.63 
3 7 50000 1 1 170.89 
3 8 5000 10 1 117.49 
4 5 5000 10 1 58.67 
4 6 5000 10 1 94.93 
4 7 10000 5 1 109.3 
4 8 50000 1 1 64.62 
5 6 5000 10 1 43.47 
5 7 50000 1 1 59.11 
5 8 5000 10 1 47.79 
6 7 5000 10 1 16.8 
6 8 50000 1 1 47.06 
7 8 50000 1 1 55.68 
1 0 5000 10 1 112.87 
2 0 20000 2.5 1 126.78 
3 0 5000 10 1 103.58 
4 0 10000 5 1 69.71 
5 0 20000 2.5 1 73.19 
6 0 5000 10 1 74.85 
7 0 50000 1 1 80.19 
8 0 5000 10 1 29.21 
2 1 20000 2.5 1 57.2 
3 1 5000 10 1 90.24 
4 1 50000 1 1 135.31 
5 1 10000 5 1 175.9 
6 1 10000 5 1 186.73 
7 1 20000 2.5 1 192.11 
8 1 10000 5 1 140.1 
3 2 20000 2.5 1 49.67 
4 2 5000 10 1 117.41 
5 2 10000 5 1 170.4 
6 2 5000 10 1 194.5 
7 2 50000 1 1 203.86 
8 2 50000 1 1 148.24 
4 3 20000 2.5 1 71.43 
5 3 5000 10 1 128.71 
6 3 20000 2.5 1 158.63 
7 3 50000 1 1 170.89 
8 3 5000 10 1 117.49 
5 4 5000 10 1 58.67 
6 4 5000 10 1 94.93 
7 4 10000 5 1 109.3 
8 4 50000 1 1 64.62 
6 5 5000 10 1 43.47 
7 5 50000 1 1 59.11 
8 5 5000 10 1 47.79 
7 6 5000 10 1 16.8 
8 6 50000 1 1 47.06 
8 7 50000 1 1 55.68 
5 1 50 43.08 
8 3 100 44.2 
2 7 1000 36.24 
2 5 50 40.96 
0 1 50 59.01 
1 6 500 42.88 
3 5 50 40.01 
4 6 50 96.76 
2 0 500 64.37 
7 6 500 77.32 
7 3 100 71.99 
2 6 50 38.65 
3 8 1000 44.2 
1 8 1000 58.22 
5 4 500 85.94 
5 0 100 108.86 
6 4 1000 96.76 
5 8 500 101.25 
6 0 1000 107.72 
7 0 1000 97.16 
3 6 500 69.78 
2 8 50 62.04 
6 2 500 38.65 
5 6 50 109.82 
8 4 100 84.5 
4 3 1000 53.74 
6 3 1000 69.78 
2 4 1000 73.41 
2 3 100 72.1 
7 1 500 41.59 
8 2 100 62.04 
7 5 1000 107.51 
8 7 50 114.21 
3 4 50 53.74 
3 1 50 71.62 
6 5 500 109.82 
