9 72 72 
0 1 5000 10 0 112.87 
0 2 20000 2.5 0 126.78 
0 3 5000 10 0 103.58 
0 4 10000 5 0 69.71 
0 5 20000 2.5 0 73.19 
0 6 5000 10 0 74.85 
0 7 50000 1 0 80.19 
0 8 5000 10 0 29.21 
1 2 20000 2.5 0 57.2 
1 3 5000 10 0 90.24 
1 4 50000 1 0 135.31 
1 5 10000 5 0 175.9 
1 6 10000 5 0 186.73 
1 7 20000 2.5 0 192.11 
1 8 10000 5 0 140.1 
2 3 20000 2.5 0 49.67 
2 4 5000 10 0 117.41 
2 5 10000 5 0 170.4 
2 6 5000 10 0 194.5 
2 7 50000 1 0 203.86 
2 8 50000 1 0 148.24 
3 4 20000 2.5 0 71.43 
3 5 5000 10 0 128.71 
3 6 20000 2.5 0 158.63 
3 7 50000 1 0 170.89 
3 8 5000 10 0 117.49 
4 5 5000 10 0 58.67 
4 6 5000 10 0 94.93 
4 7 10000 5 0 109.3 
4 8 50000 1 0 64.62 
5 6 5000 10 0 43.47 
5 7 50000 1 0 59.11 
5 8 5000 10 0 47.79 
6 7 5000 10 0 16.8 
6 8 50000 1 0 47.06 
7 8 50000 1 0 55.68 
1 0 5000 10 0 112.87 
2 0 20000 2.5 0 126.78 
3 0 5000 10 0 103.58 
4 0 10000 5 0 69.71 
5 0 20000 2.5 0 73.19 
6 0 5000 10 0 74.85 
7 0 50000 1 0 80.19 
8 0 5000 10 0 29.21 
2 1 20000 2.5 0 57.2 
3 1 5000 10 0 90.24 
4 1 50000 1 0 135.31 
5 1 10000 5 0 175.9 
6 1 10000 5 0 186.73 
7 1 20000 2.5 0 192.11 
8 1 10000 5 0 140.1 
3 2 20000 2.5 0 49.67 
4 2 5000 10 0 117.41 
5 2 10000 5 0 170.4 
6 2 5000 10 0 194.5 
7 2 50000 1 0 203.86 
8 2 50000 1 0 148.24 
4 3 20000 2.5 0 71.43 
5 3 5000 10 0 128.71 
6 3 20000 2.5 0 158.63 
7 3 50000 1 0 170.89 
8 3 5000 10 0 117.49 
5 4 5000 10 0 58.67 
6 4 5000 10 0 94.93 
7 4 10000 5 0 109.3 
8 4 50000 1 0 64.62 
6 5 5000 10 0 43.47 
7 5 50000 1 0 59.11 
8 5 5000 10 0 47.79 
7 6 5000 10 0 16.8 
8 6 50000 1 0 47.06 
8 7 50000 1 0 55.68 
5 1 50 21.54 
8 3 100 18.9 
2 7 1000 12.35 
2 5 50 17.25 
0 1 50 26.06 
1 6 500 22.97 
3 5 50 17.63 
4 6 50 52.25 
2 0 500 30.26 
7 6 500 21.78 
7 3 100 37.05 
2 6 50 13.23 
3 8 1000 18.9 
1 8 1000 21.5 
5 4 500 41.31 
5 0 100 75.64 
6 4 1000 52.25 
5 8 500 55.14 
6 0 1000 36.25 
7 0 1000 25.7 
3 6 500 30.27 
2 8 50 41.21 
6 2 500 13.23 
5 6 50 45.39 
8 4 100 32.74 
4 3 1000 31.25 
6 3 1000 30.27 
2 4 1000 34.3 
2 3 100 33.79 
7 1 500 16.92 
8 2 100 41.21 
7 5 1000 47.01 
8 7 50 40.6 
3 4 50 31.25 
3 1 50 40.01 
6 5 500 45.39 
1 7 500 16.92 
4 5 100 41.31 
5 3 500 17.63 
1 5 500 21.54 
1 2 100 31.71 
0 6 50 36.25 
0 2 100 30.26 
8 5 50 55.14 
3 7 1000 37.05 
5 2 500 17.25 
4 2 1000 34.3 
6 1 100 22.97 
0 5 1000 75.64 
4 7 50 41.03 
3 0 100 39.93 
8 1 100 21.5 
8 0 500 44.9 
0 3 500 39.93 
7 4 1000 41.03 
8 6 100 45.22 
7 2 100 12.35 
1 3 1000 40.01 
1 0 100 26.06 
4 1 100 35.43 
6 8 1000 45.22 
0 4 500 16.77 
0 8 50 44.9 
7 8 50 40.6 
4 0 500 16.77 
5 7 50 47.01 
1 4 500 35.43 
6 7 500 21.78 
4 8 1000 32.74 
0 7 500 25.7 
3 2 100 33.79 
2 1 1000 31.71 
