17 62 139 
0 3 10000 5 1 17.11 
0 7 20000 2.5 1 35.12 
1 9 10000 5 1 112.86 
1 15 50000 1 1 93.36 
2 12 20000 2.5 1 68.55 
2 5 20000 2.5 1 107.51 
2 7 50000 1 1 34.81 
3 9 20000 2.5 1 190.44 
3 15 20000 2.5 1 53.65 
4 9 20000 2.5 1 26.27 
4 12 20000 2.5 1 142.04 
4 15 50000 1 1 185.68 
5 9 20000 2.5 1 51.19 
5 12 5000 10 1 123.56 
5 6 50000 1 1 9.33 
5 15 10000 5 1 162.8 
7 8 5000 10 1 17.94 
7 12 20000 2.5 1 48.85 
7 15 10000 5 1 46.95 
9 10 5000 10 1 53.91 
9 11 5000 10 1 81.46 
9 12 5000 10 1 154.85 
9 14 50000 1 1 206.29 
9 15 20000 2.5 1 196.55 
10 12 10000 5 1 104.68 
11 12 50000 1 1 74.62 
12 14 5000 10 1 64.1 
12 15 10000 5 1 51.26 
13 14 20000 2.5 1 9.7 
14 15 20000 2.5 1 18.11 
15 16 50000 1 1 43.22 
3 0 10000 5 1 17.11 
7 0 20000 2.5 1 35.12 
9 1 10000 5 1 112.86 
15 1 50000 1 1 93.36 
12 2 20000 2.5 1 68.55 
5 2 20000 2.5 1 107.51 
7 2 50000 1 1 34.81 
9 3 20000 2.5 1 190.44 
15 3 20000 2.5 1 53.65 
9 4 20000 2.5 1 26.27 
12 4 20000 2.5 1 142.04 
15 4 50000 1 1 185.68 
9 5 20000 2.5 1 51.19 
12 5 5000 10 1 123.56 
6 5 50000 1 1 9.33 
15 5 10000 5 1 162.8 
8 7 5000 10 1 17.94 
12 7 20000 2.5 1 48.85 
15 7 10000 5 1 46.95 
10 9 5000 10 1 53.91 
11 9 5000 10 1 81.46 
12 9 5000 10 1 154.85 
14 9 50000 1 1 206.29 
15 9 20000 2.5 1 196.55 
12 10 10000 5 1 104.68 
12 11 50000 1 1 74.62 
14 12 5000 10 1 64.1 
15 12 10000 5 1 51.26 
14 13 20000 2.5 1 9.7 
15 14 20000 2.5 1 18.11 
16 15 50000 1 1 43.22 
9 4 100 42.6 
4 2 500 76.57 
4 9 1000 42.6 
7 2 50 82.48 
1 0 500 56.72 
4 12 50 92.08 
14 12 100 32.9 
3 14 1000 162.52 
11 0 500 67.43 
1 7 1000 77.8 
0 10 1000 57.24 
5 0 1000 71.86 
11 7 1000 73.88 
10 11 50 67.43 
15 0 500 55.27 
7 9 100 49.26 
12 14 100 32.9 
2 1 50 77.93 
4 1 1000 79.87 
14 15 1000 30.1 
5 9 1000 50.59 
0 14 1000 154.79 
12 3 50 75.94 
4 15 50 92.4 
4 0 500 46.06 
15 5 500 58 
7 10 100 73.06 
2 10 50 86.11 
2 11 1000 89.22 
3 4 1000 46.7 
14 2 1000 147.86 
11 15 100 89.54 
3 1 500 49.36 
4 14 1000 87.4 
3 5 50 52.5 
14 11 500 85.04 
7 12 1000 65.39 
3 2 50 169.75 
14 7 500 90.5 
11 10 1000 67.43 
7 5 50 59.08 
11 14 500 85.04 
7 15 100 69.6 
11 1 50 73.06 
12 1 100 135.04 
3 7 100 63.53 
12 15 1000 42.11 
12 4 1000 92.08 
5 7 100 59.08 
9 5 500 50.59 
2 3 1000 169.75 
4 3 100 46.7 
5 10 1000 89.38 
5 15 1000 58 
14 10 100 87.51 
5 4 500 51.33 
0 1 1000 56.72 
5 1 50 53.64 
15 7 50 69.6 
0 11 500 67.43 
4 7 500 45.08 
12 7 100 65.39 
1 14 100 83.77 
7 1 1000 77.8 
11 5 50 98.53 
9 7 1000 49.26 
1 10 100 66.56 
15 9 100 83.45 
0 9 1000 29.81 
3 9 1000 45.53 
12 5 500 126.38 
4 11 500 72.39 
15 11 50 89.54 
2 12 500 120.17 
15 14 100 30.1 
2 9 50 79.79 
0 2 50 198.94 
7 4 100 45.08 
9 0 100 29.81 
5 14 100 60.64 
9 15 50 83.45 
11 4 500 72.39 
14 4 500 87.4 
10 15 500 93.21 
2 0 100 198.94 
1 2 50 77.93 
2 5 50 64.99 
15 10 100 93.21 
1 12 50 135.04 
2 7 500 82.48 
0 4 50 46.06 
7 11 100 73.88 
10 4 100 69.97 
9 14 1000 91.52 
10 2 1000 86.11 
1 11 100 73.06 
2 14 50 147.86 
10 0 50 57.24 
1 4 50 79.87 
14 3 1000 162.52 
10 5 100 89.38 
10 14 50 87.51 
11 3 1000 59.55 
2 15 50 127.02 
15 4 100 92.4 
9 12 500 82.82 
1 5 1000 53.64 
5 12 50 126.38 
7 14 100 90.5 
14 0 100 154.79 
9 3 50 45.53 
2 4 50 76.57 
10 1 1000 66.56 
0 15 1000 55.27 
4 5 100 51.33 
12 0 100 67.61 
15 12 1000 42.11 
5 3 100 52.5 
3 15 50 54.85 
9 2 50 79.79 
0 5 1000 71.86 
14 5 500 60.64 
7 3 500 63.53 
15 2 500 127.02 
12 2 500 120.17 
1 3 50 49.36 
10 3 50 55.09 
0 12 50 67.61 
14 9 100 91.52 
3 10 50 55.09 
4 10 500 69.97 
5 2 1000 64.99 
15 3 1000 54.85 
5 11 100 98.53 
12 9 500 82.82 
14 1 100 83.77 
3 12 1000 75.94 
3 11 500 59.55 
10 7 500 73.06 
