17 62 139 
0 3 10000 5 0 17.11 
0 7 20000 2.5 0 35.12 
1 9 10000 5 0 112.86 
1 15 50000 1 0 93.36 
2 12 20000 2.5 0 68.55 
2 5 20000 2.5 0 107.51 
2 7 50000 1 0 34.81 
3 9 20000 2.5 0 190.44 
3 15 20000 2.5 0 53.65 
4 9 20000 2.5 0 26.27 
4 12 20000 2.5 0 142.04 
4 15 50000 1 0 185.68 
5 9 20000 2.5 0 51.19 
5 12 5000 10 0 123.56 
5 6 50000 1 0 9.33 
5 15 10000 5 0 162.8 
7 8 5000 10 0 17.94 
7 12 20000 2.5 0 48.85 
7 15 10000 5 0 46.95 
9 10 5000 10 0 53.91 
9 11 5000 10 0 81.46 
9 12 5000 10 0 154.85 
9 14 50000 1 0 206.29 
9 15 20000 2.5 0 196.55 
10 12 10000 5 0 104.68 
11 12 50000 1 0 74.62 
12 14 5000 10 0 64.1 
12 15 10000 5 0 51.26 
13 14 20000 2.5 0 9.7 
14 15 20000 2.5 0 18.11 
15 16 50000 1 0 43.22 
3 0 10000 5 0 17.11 
7 0 20000 2.5 0 35.12 
9 1 10000 5 0 112.86 
15 1 50000 1 0 93.36 
12 2 20000 2.5 0 68.55 
5 2 20000 2.5 0 107.51 
7 2 50000 1 0 34.81 
9 3 20000 2.5 0 190.44 
15 3 20000 2.5 0 53.65 
9 4 20000 2.5 0 26.27 
12 4 20000 2.5 0 142.04 
15 4 50000 1 0 185.68 
9 5 20000 2.5 0 51.19 
12 5 5000 10 0 123.56 
6 5 50000 1 0 9.33 
15 5 10000 5 0 162.8 
8 7 5000 10 0 17.94 
12 7 20000 2.5 0 48.85 
15 7 10000 5 0 46.95 
10 9 5000 10 0 53.91 
11 9 5000 10 0 81.46 
12 9 5000 10 0 154.85 
14 9 50000 1 0 206.29 
15 9 20000 2.5 0 196.55 
12 10 10000 5 0 104.68 
12 11 50000 1 0 74.62 
14 12 5000 10 0 64.1 
15 12 10000 5 0 51.26 
14 13 20000 2.5 0 9.7 
15 14 20000 2.5 0 18.11 
16 15 50000 1 0 43.22 
9 4 100 25.91 
4 2 500 46.85 
4 9 1000 25.91 
7 2 50 41.63 
1 0 500 44.7 
4 12 50 44.54 
14 12 100 23.44 
3 14 1000 145.07 
11 0 500 54.08 
1 7 1000 52 
0 10 1000 43.89 
5 0 1000 47.35 
11 7 1000 43.78 
10 11 50 49.16 
15 0 500 41.63 
7 9 100 18.5 
12 14 100 23.44 
2 1 50 35.01 
4 1 1000 40.4 
14 15 1000 16.4 
5 9 1000 28.73 
0 14 1000 144.63 
12 3 50 60.58 
4 15 50 40.4 
4 0 500 31.51 
15 5 500 18.29 
7 10 100 37.34 
2 10 50 48.24 
2 11 1000 60.84 
3 4 1000 17.24 
14 2 1000 125.34 
11 15 100 40.67 
3 1 500 19.9 
4 14 1000 45.66 
3 5 50 36.95 
14 11 500 35.88 
7 12 1000 49.16 
3 2 50 158.96 
14 7 500 81.24 
11 10 1000 49.16 
7 5 50 45.73 
11 14 500 35.88 
7 15 100 55.27 
11 1 50 49.65 
12 1 100 104.01 
3 7 100 54.51 
12 15 1000 29.17 
12 4 1000 44.54 
5 7 100 45.73 
9 5 500 28.73 
2 3 1000 158.96 
4 3 100 17.24 
5 10 1000 67.61 
5 15 1000 18.29 
14 10 100 37.98 
5 4 500 26.72 
0 1 1000 44.7 
5 1 50 27.39 
15 7 50 55.27 
0 11 500 54.08 
4 7 500 18.27 
12 7 100 49.16 
1 14 100 31.15 
7 1 1000 52 
11 5 50 69.39 
9 7 1000 18.5 
1 10 100 28.51 
15 9 100 30.95 
0 9 1000 14.94 
3 9 1000 30.61 
12 5 500 81.84 
4 11 500 43.71 
15 11 50 40.67 
2 12 500 107.75 
15 14 100 16.4 
2 9 50 49.36 
0 2 50 161 
7 4 100 18.27 
9 0 100 14.94 
5 14 100 18.61 
9 15 50 30.95 
11 4 500 43.71 
14 4 500 45.66 
10 15 500 38.7 
2 0 100 161 
1 2 50 35.01 
2 5 50 39.62 
15 10 100 38.7 
1 12 50 104.01 
2 7 500 41.63 
0 4 50 31.51 
7 11 100 43.78 
10 4 100 48.68 
9 14 1000 42.44 
10 2 1000 48.24 
1 11 100 49.65 
2 14 50 125.34 
10 0 50 43.89 
1 4 50 40.4 
14 3 1000 145.07 
10 5 100 67.61 
10 14 50 37.98 
11 3 1000 27.48 
2 15 50 88.32 
15 4 100 40.4 
9 12 500 32.14 
1 5 1000 27.39 
5 12 50 81.84 
7 14 100 81.24 
14 0 100 144.63 
9 3 50 30.61 
2 4 50 46.85 
10 1 1000 28.51 
0 15 1000 41.63 
4 5 100 26.72 
12 0 100 30.1 
15 12 1000 29.17 
5 3 100 36.95 
3 15 50 29.01 
9 2 50 49.36 
0 5 1000 47.35 
14 5 500 18.61 
7 3 500 54.51 
15 2 500 88.32 
12 2 500 107.75 
1 3 50 19.9 
10 3 50 23.02 
0 12 50 30.1 
14 9 100 42.44 
3 10 50 23.02 
4 10 500 48.68 
5 2 1000 39.62 
15 3 1000 29.01 
5 11 100 69.39 
12 9 500 32.14 
14 1 100 31.15 
3 12 1000 60.58 
3 11 500 27.48 
10 7 500 37.34 
