17 62 46 
0 3 10000 5 0 17.11 
0 7 20000 2.5 0 35.12 
1 9 10000 5 0 112.86 
1 15 50000 1 0 93.36 
2 12 20000 2.5 0 68.55 
2 5 20000 2.5 0 107.51 
2 7 50000 1 0 34.81 
3 9 20000 2.5 0 190.44 
3 15 20000 2.5 0 53.65 
4 9 20000 2.5 0 26.27 
4 12 20000 2.5 0 142.04 
4 15 50000 1 0 185.68 
5 9 20000 2.5 0 51.19 
5 12 5000 10 0 123.56 
5 6 50000 1 0 9.33 
5 15 10000 5 0 162.8 
7 8 5000 10 0 17.94 
7 12 20000 2.5 0 48.85 
7 15 10000 5 0 46.95 
9 10 5000 10 0 53.91 
9 11 5000 10 0 81.46 
9 12 5000 10 0 154.85 
9 14 50000 1 0 206.29 
9 15 20000 2.5 0 196.55 
10 12 10000 5 0 104.68 
11 12 50000 1 0 74.62 
12 14 5000 10 0 64.1 
12 15 10000 5 0 51.26 
13 14 20000 2.5 0 9.7 
14 15 20000 2.5 0 18.11 
15 16 50000 1 0 43.22 
3 0 10000 5 0 17.11 
7 0 20000 2.5 0 35.12 
9 1 10000 5 0 112.86 
15 1 50000 1 0 93.36 
12 2 20000 2.5 0 68.55 
5 2 20000 2.5 0 107.51 
7 2 50000 1 0 34.81 
9 3 20000 2.5 0 190.44 
15 3 20000 2.5 0 53.65 
9 4 20000 2.5 0 26.27 
12 4 20000 2.5 0 142.04 
15 4 50000 1 0 185.68 
9 5 20000 2.5 0 51.19 
12 5 5000 10 0 123.56 
6 5 50000 1 0 9.33 
15 5 10000 5 0 162.8 
8 7 5000 10 0 17.94 
12 7 20000 2.5 0 48.85 
15 7 10000 5 0 46.95 
10 9 5000 10 0 53.91 
11 9 5000 10 0 81.46 
12 9 5000 10 0 154.85 
14 9 50000 1 0 206.29 
15 9 20000 2.5 0 196.55 
12 10 10000 5 0 104.68 
12 11 50000 1 0 74.62 
14 12 5000 10 0 64.1 
15 12 10000 5 0 51.26 
14 13 20000 2.5 0 9.7 
15 14 20000 2.5 0 18.11 
16 15 50000 1 0 43.22 
9 4 100 70.45 
4 2 500 96.42 
4 9 1000 70.45 
7 2 50 105.84 
1 0 500 71.51 
4 12 50 120.91 
14 12 100 61.31 
3 14 1000 191.14 
11 0 500 82.93 
1 7 1000 104.62 
0 10 1000 74.41 
5 0 1000 82.59 
11 7 1000 98.57 
10 11 50 97.53 
15 0 500 65.57 
7 9 100 66.07 
12 14 100 61.31 
2 1 50 108.36 
4 1 1000 107.66 
14 15 1000 47.54 
5 9 1000 65.97 
0 14 1000 163.64 
12 3 50 86.22 
4 15 50 111.07 
4 0 500 62.46 
15 5 500 112.51 
7 10 100 93.05 
2 10 50 104.47 
2 11 1000 110.1 
3 4 1000 54.58 
14 2 1000 176.17 
11 15 100 113.19 
3 1 500 58.25 
4 14 1000 105.02 
3 5 50 81.49 
14 11 500 106.66 
7 12 1000 78.33 
3 2 50 182.75 
14 7 500 101.79 
11 10 1000 97.53 
7 5 50 90.03 
11 14 500 106.66 
7 15 100 82.48 
11 1 50 104.01 
12 1 100 166.13 
3 7 100 72.93 
