9 40 24 
0 8 50000 1 1 77.95 
0 2 20000 2.5 1 110.69 
0 3 20000 2.5 1 114.3 
0 7 5000 10 1 18.7 
1 2 50000 1 1 28.01 
1 4 50000 1 1 206.3 
1 5 10000 5 1 196.72 
1 6 10000 5 1 172.52 
1 7 20000 2.5 1 119.5 
2 3 20000 2.5 1 197.37 
2 8 50000 1 1 188.27 
3 8 50000 1 1 87.72 
3 4 20000 2.5 1 0.86 
4 5 20000 2.5 1 16.11 
4 6 50000 1 1 59.63 
4 7 10000 5 1 110.15 
5 6 5000 10 1 44.21 
5 7 10000 5 1 95.58 
6 8 50000 1 1 48.68 
6 7 20000 2.5 1 58.22 
8 0 50000 1 1 77.95 
2 0 20000 2.5 1 110.69 
3 0 20000 2.5 1 114.3 
7 0 5000 10 1 18.7 
2 1 50000 1 1 28.01 
4 1 50000 1 1 206.3 
5 1 10000 5 1 196.72 
6 1 10000 5 1 172.52 
7 1 20000 2.5 1 119.5 
3 2 20000 2.5 1 197.37 
8 2 50000 1 1 188.27 
8 3 50000 1 1 87.72 
4 3 20000 2.5 1 0.86 
5 4 20000 2.5 1 16.11 
6 4 50000 1 1 59.63 
7 4 10000 5 1 110.15 
6 5 5000 10 1 44.21 
7 5 10000 5 1 95.58 
8 6 50000 1 1 48.68 
7 6 20000 2.5 1 58.22 
8 3 50 214.11 
6 2 100 57.66 
5 3 50 164.63 
7 4 100 219.08 
6 1 50 97.87 
3 7 50 204.89 
0 4 50 158.62 
2 4 500 93.96 
0 8 100 213.79 
1 6 100 97.87 
4 5 50 160.38 
4 1 500 89.07 
0 7 100 149.24 
0 1 100 34.55 
3 1 100 90.79 
4 3 100 157.66 
6 5 100 177.13 
1 5 1000 87.61 
2 1 500 42.96 
2 8 500 36.68 
1 4 500 89.07 
0 2 1000 48.85 
8 0 50 213.79 
7 3 50 204.89 
