9 40 24 
0 8 50000 1 1 77.95 
0 2 20000 2.5 1 110.69 
0 3 20000 2.5 1 114.3 
0 7 5000 10 1 18.7 
1 2 50000 1 1 28.01 
1 4 50000 1 1 206.3 
1 5 10000 5 1 196.72 
1 6 10000 5 1 172.52 
1 7 20000 2.5 1 119.5 
2 3 20000 2.5 1 197.37 
2 8 50000 1 1 188.27 
3 8 50000 1 1 87.72 
3 4 20000 2.5 1 0.86 
4 5 20000 2.5 1 16.11 
4 6 50000 1 1 59.63 
4 7 10000 5 1 110.15 
5 6 5000 10 1 44.21 
5 7 10000 5 1 95.58 
6 8 50000 1 1 48.68 
6 7 20000 2.5 1 58.22 
8 0 50000 1 1 77.95 
2 0 20000 2.5 1 110.69 
3 0 20000 2.5 1 114.3 
7 0 5000 10 1 18.7 
2 1 50000 1 1 28.01 
4 1 50000 1 1 206.3 
5 1 10000 5 1 196.72 
6 1 10000 5 1 172.52 
7 1 20000 2.5 1 119.5 
3 2 20000 2.5 1 197.37 
8 2 50000 1 1 188.27 
8 3 50000 1 1 87.72 
4 3 20000 2.5 1 0.86 
5 4 20000 2.5 1 16.11 
6 4 50000 1 1 59.63 
7 4 10000 5 1 110.15 
6 5 5000 10 1 44.21 
7 5 10000 5 1 95.58 
8 6 50000 1 1 48.68 
7 6 20000 2.5 1 58.22 
8 3 50 228.88 
6 2 100 106.89 
5 3 50 188.05 
7 4 100 251.33 
6 1 50 114.58 
3 7 50 238.44 
0 4 50 230.36 
2 4 500 144.26 
0 8 100 233.11 
1 6 100 114.58 
4 5 50 184.59 
4 1 500 160.95 
0 7 100 184.63 
0 1 100 68.19 
3 1 100 156.36 
4 3 100 184.59 
6 5 100 197.29 
1 5 1000 155.11 
2 1 500 68.11 
2 8 500 76.97 
1 4 500 160.95 
0 2 1000 73.34 
8 0 50 233.11 
7 3 50 238.44 
