9 40 72 
0 8 50000 1 0 77.95 
0 2 20000 2.5 0 110.69 
0 3 20000 2.5 0 114.3 
0 7 5000 10 0 18.7 
1 2 50000 1 0 28.01 
1 4 50000 1 0 206.3 
1 5 10000 5 0 196.72 
1 6 10000 5 0 172.52 
1 7 20000 2.5 0 119.5 
2 3 20000 2.5 0 197.37 
2 8 50000 1 0 188.27 
3 8 50000 1 0 87.72 
3 4 20000 2.5 0 0.86 
4 5 20000 2.5 0 16.11 
4 6 50000 1 0 59.63 
4 7 10000 5 0 110.15 
5 6 5000 10 0 44.21 
5 7 10000 5 0 95.58 
6 8 50000 1 0 48.68 
6 7 20000 2.5 0 58.22 
8 0 50000 1 0 77.95 
2 0 20000 2.5 0 110.69 
3 0 20000 2.5 0 114.3 
7 0 5000 10 0 18.7 
2 1 50000 1 0 28.01 
4 1 50000 1 0 206.3 
5 1 10000 5 0 196.72 
6 1 10000 5 0 172.52 
7 1 20000 2.5 0 119.5 
3 2 20000 2.5 0 197.37 
8 2 50000 1 0 188.27 
8 3 50000 1 0 87.72 
4 3 20000 2.5 0 0.86 
5 4 20000 2.5 0 16.11 
6 4 50000 1 0 59.63 
7 4 10000 5 0 110.15 
6 5 5000 10 0 44.21 
7 5 10000 5 0 95.58 
8 6 50000 1 0 48.68 
7 6 20000 2.5 0 58.22 
8 3 50 214.11 
6 2 100 57.66 
5 3 50 164.63 
7 4 100 219.08 
6 1 50 97.87 
3 7 50 204.89 
0 4 50 158.62 
2 4 500 93.96 
0 8 100 213.79 
1 6 100 97.87 
4 5 50 160.38 
4 1 500 89.07 
0 7 100 149.24 
0 1 100 34.55 
3 1 100 90.79 
4 3 100 157.66 
6 5 100 177.13 
1 5 1000 87.61 
2 1 500 42.96 
2 8 500 36.68 
1 4 500 89.07 
0 2 1000 48.85 
8 0 50 213.79 
7 3 50 204.89 
3 4 100 157.66 
3 2 50 93.96 
4 6 100 179.7 
6 0 50 177.78 
1 0 100 34.55 
7 1 100 48.71 
0 5 500 141.97 
8 2 1000 36.68 
8 6 50 180.39 
2 7 1000 57.93 
2 5 500 98.68 
5 0 1000 141.97 
5 6 50 177.13 
4 7 50 219.08 
1 3 1000 90.79 
5 8 500 182.39 
8 7 500 214.11 
5 1 1000 87.61 
7 0 1000 149.24 
6 7 500 177.78 
6 8 500 180.39 
2 3 100 93.96 
3 6 50 168.68 
1 8 100 48.16 
0 3 500 158.45 
1 7 1000 48.71 
3 8 100 214.11 
6 4 1000 179.7 
8 1 1000 48.16 
4 2 50 93.96 
7 2 100 57.93 
5 4 500 160.38 
7 6 50 177.78 
2 6 500 57.66 
2 0 500 48.85 
7 8 50 214.11 
1 2 500 42.96 
6 3 500 168.68 
0 6 50 177.78 
7 5 50 201.28 
5 2 500 98.68 
3 0 50 158.45 
8 4 100 210.76 
5 7 50 201.28 
8 5 1000 182.39 
3 5 50 164.63 
4 8 1000 210.76 
4 0 50 158.62 
