9 40 72 
0 8 50000 1 0 77.95 
0 2 20000 2.5 0 110.69 
0 3 20000 2.5 0 114.3 
0 7 5000 10 0 18.7 
1 2 50000 1 0 28.01 
1 4 50000 1 0 206.3 
1 5 10000 5 0 196.72 
1 6 10000 5 0 172.52 
1 7 20000 2.5 0 119.5 
2 3 20000 2.5 0 197.37 
2 8 50000 1 0 188.27 
3 8 50000 1 0 87.72 
3 4 20000 2.5 0 0.86 
4 5 20000 2.5 0 16.11 
4 6 50000 1 0 59.63 
4 7 10000 5 0 110.15 
5 6 5000 10 0 44.21 
5 7 10000 5 0 95.58 
6 8 50000 1 0 48.68 
6 7 20000 2.5 0 58.22 
8 0 50000 1 0 77.95 
2 0 20000 2.5 0 110.69 
3 0 20000 2.5 0 114.3 
7 0 5000 10 0 18.7 
2 1 50000 1 0 28.01 
4 1 50000 1 0 206.3 
5 1 10000 5 0 196.72 
6 1 10000 5 0 172.52 
7 1 20000 2.5 0 119.5 
3 2 20000 2.5 0 197.37 
8 2 50000 1 0 188.27 
8 3 50000 1 0 87.72 
4 3 20000 2.5 0 0.86 
5 4 20000 2.5 0 16.11 
6 4 50000 1 0 59.63 
7 4 10000 5 0 110.15 
6 5 5000 10 0 44.21 
7 5 10000 5 0 95.58 
8 6 50000 1 0 48.68 
7 6 20000 2.5 0 58.22 
8 3 50 228.88 
6 2 100 106.89 
5 3 50 188.05 
7 4 100 251.33 
6 1 50 114.58 
3 7 50 238.44 
0 4 50 230.36 
2 4 500 144.26 
0 8 100 233.11 
1 6 100 114.58 
4 5 50 184.59 
4 1 500 160.95 
0 7 100 184.63 
0 1 100 68.19 
3 1 100 156.36 
4 3 100 184.59 
6 5 100 197.29 
1 5 1000 155.11 
2 1 500 68.11 
2 8 500 76.97 
1 4 500 160.95 
0 2 1000 73.34 
8 0 50 233.11 
7 3 50 238.44 
3 4 100 184.59 
3 2 50 145.52 
4 6 100 215.1 
6 0 50 202.67 
1 0 100 68.19 
7 1 100 90.32 
0 5 500 173.36 
8 2 1000 76.97 
8 6 50 207.5 
2 7 1000 77.93 
2 5 500 131.7 
5 0 1000 173.36 
5 6 50 197.29 
4 7 50 251.33 
1 3 1000 156.36 
5 8 500 202.4 
8 7 500 232.28 
5 1 1000 155.11 
7 0 1000 184.63 
6 7 500 224.04 
6 8 500 207.5 
2 3 100 145.52 
3 6 50 207.26 
1 8 100 69.43 
0 3 500 233.84 
1 7 1000 90.32 
3 8 100 228.88 
6 4 1000 215.1 
8 1 1000 69.43 
4 2 50 144.26 
7 2 100 77.93 
5 4 500 184.59 
7 6 50 224.04 
2 6 500 106.89 
2 0 500 73.34 
7 8 50 232.28 
1 2 500 68.11 
6 3 500 207.26 
0 6 50 202.67 
7 5 50 228.51 
5 2 500 131.7 
3 0 50 233.84 
8 4 100 227.71 
5 7 50 228.51 
8 5 1000 202.4 
3 5 50 188.05 
4 8 1000 227.71 
4 0 50 230.36 
