9 40 72 
0 8 50000 1 1 77.95 
0 2 20000 2.5 1 110.69 
0 3 20000 2.5 1 114.3 
0 7 5000 10 1 18.7 
1 2 50000 1 1 28.01 
1 4 50000 1 1 206.3 
1 5 10000 5 1 196.72 
1 6 10000 5 1 172.52 
1 7 20000 2.5 1 119.5 
2 3 20000 2.5 1 197.37 
2 8 50000 1 1 188.27 
3 8 50000 1 1 87.72 
3 4 20000 2.5 1 0.86 
4 5 20000 2.5 1 16.11 
4 6 50000 1 1 59.63 
4 7 10000 5 1 110.15 
5 6 5000 10 1 44.21 
5 7 10000 5 1 95.58 
6 8 50000 1 1 48.68 
6 7 20000 2.5 1 58.22 
8 0 50000 1 1 77.95 
2 0 20000 2.5 1 110.69 
3 0 20000 2.5 1 114.3 
7 0 5000 10 1 18.7 
2 1 50000 1 1 28.01 
4 1 50000 1 1 206.3 
5 1 10000 5 1 196.72 
6 1 10000 5 1 172.52 
7 1 20000 2.5 1 119.5 
3 2 20000 2.5 1 197.37 
8 2 50000 1 1 188.27 
8 3 50000 1 1 87.72 
4 3 20000 2.5 1 0.86 
5 4 20000 2.5 1 16.11 
6 4 50000 1 1 59.63 
7 4 10000 5 1 110.15 
6 5 5000 10 1 44.21 
7 5 10000 5 1 95.58 
8 6 50000 1 1 48.68 
7 6 20000 2.5 1 58.22 
8 3 50 193.81 
6 2 100 31.81 
5 3 50 59.07 
7 4 100 146.69 
6 1 50 47.06 
3 7 50 146 
0 4 50 133.41 
2 4 500 38.07 
0 8 100 134.08 
1 6 100 47.06 
4 5 50 137.2 
4 1 500 56.42 
0 7 100 112.27 
0 1 100 18.36 
3 1 100 56.42 
4 3 100 110.28 
6 5 100 130.3 
1 5 1000 67.38 
2 1 500 23.64 
2 8 500 23.27 
1 4 500 56.42 
0 2 1000 32.34 
8 0 50 134.08 
7 3 50 146 
3 4 100 110.28 
3 2 50 38.07 
4 6 100 135.07 
6 0 50 109.59 
1 0 100 18.36 
7 1 100 24.31 
0 5 500 97.45 
8 2 1000 23.27 
8 6 50 122.37 
2 7 1000 29.09 
2 5 500 46.42 
5 0 1000 97.45 
5 6 50 130.3 
4 7 50 146.69 
1 3 1000 56.42 
5 8 500 92.54 
8 7 500 115.78 
5 1 1000 67.38 
7 0 1000 112.27 
6 7 500 138.91 
6 8 500 122.37 
2 3 100 38.07 
3 6 50 123.34 
1 8 100 18.65 
0 3 500 132.91 
1 7 1000 24.31 
3 8 100 193.81 
6 4 1000 135.07 
8 1 1000 18.65 
4 2 50 38.07 
7 2 100 29.09 
5 4 500 137.2 
7 6 50 138.91 
2 6 500 31.81 
2 0 500 32.34 
7 8 50 115.78 
1 2 500 23.64 
6 3 500 123.34 
0 6 50 109.59 
7 5 50 124.07 
5 2 500 46.42 
3 0 50 132.91 
8 4 100 168.28 
5 7 50 124.07 
8 5 1000 92.54 
3 5 50 59.07 
4 8 1000 168.28 
4 0 50 133.41 
