22 58 129 
0 3 20000 2.5 0 13.4 
0 14 10000 5 0 33.36 
0 15 5000 10 0 9.86 
1 9 20000 2.5 0 6.64 
1 2 10000 5 0 6.35 
1 3 20000 2.5 0 11.34 
2 3 10000 5 0 17.3 
2 12 20000 2.5 0 2.54 
2 9 10000 5 0 1.01 
3 6 10000 5 0 1.77 
4 5 50000 1 0 10.51 
4 7 50000 1 0 11.26 
5 8 10000 5 0 18.53 
6 7 20000 2.5 0 7.91 
9 19 20000 2.5 0 10.96 
9 13 10000 5 0 3.02 
10 21 50000 1 0 109.85 
11 21 20000 2.5 0 77.56 
12 13 5000 10 0 1.55 
13 20 50000 1 0 12.67 
14 15 10000 5 0 25.16 
15 16 10000 5 0 14.25 
16 17 50000 1 0 5.08 
16 19 20000 2.5 0 21.15 
17 18 5000 10 0 25.82 
18 19 5000 10 0 16.48 
18 21 10000 5 0 39.99 
19 20 50000 1 0 11.26 
20 21 50000 1 0 32.88 
3 0 20000 2.5 0 13.4 
14 0 10000 5 0 33.36 
15 0 5000 10 0 9.86 
9 1 20000 2.5 0 6.64 
2 1 10000 5 0 6.35 
3 1 20000 2.5 0 11.34 
3 2 10000 5 0 17.3 
12 2 20000 2.5 0 2.54 
9 2 10000 5 0 1.01 
6 3 10000 5 0 1.77 
5 4 50000 1 0 10.51 
7 4 50000 1 0 11.26 
8 5 10000 5 0 18.53 
7 6 20000 2.5 0 7.91 
19 9 20000 2.5 0 10.96 
13 9 10000 5 0 3.02 
21 10 50000 1 0 109.85 
21 11 20000 2.5 0 77.56 
13 12 5000 10 0 1.55 
20 13 50000 1 0 12.67 
15 14 10000 5 0 25.16 
16 15 10000 5 0 14.25 
17 16 50000 1 0 5.08 
19 16 20000 2.5 0 21.15 
18 17 5000 10 0 25.82 
19 18 5000 10 0 16.48 
21 18 10000 5 0 39.99 
20 19 50000 1 0 11.26 
21 20 50000 1 0 32.88 
15 13 500 97.99 
20 9 50 71.36 
19 14 50 89.31 
1 20 50 97.47 
19 1 100 113.72 
17 13 50 73.68 
21 1 50 55.63 
9 2 50 125 
15 18 100 46.88 
16 3 50 78.22 
17 20 1000 60.06 
0 20 50 104.34 
19 18 500 73.34 
1 0 500 70.64 
21 9 100 52.34 
14 2 500 70.39 
12 18 1000 48.85 
1 12 100 73.24 
13 18 1000 59.26 
20 13 50 74.11 
9 14 50 94.85 
0 13 500 104.21 
15 17 1000 49.3 
18 16 100 52.05 
19 9 50 93.49 
15 20 50 78.09 
14 12 100 48.39 
9 18 1000 61.88 
3 18 500 57.37 
21 13 100 44.73 
21 0 100 51.41 
3 13 1000 126.99 
19 0 1000 158.53 
14 21 50 18.8 
13 15 1000 97.99 
17 19 50 90.07 
21 14 50 18.8 
1 17 50 66.37 
12 2 50 83.94 
12 3 50 107.09 
3 9 100 128.83 
13 14 1000 62.75 
18 14 1000 41.13 
13 12 500 83.94 
13 9 500 86.48 
9 12 1000 74.5 
2 19 50 142.15 
0 14 50 78.28 
13 2 100 83.94 
2 0 500 82.87 
9 21 100 52.34 
1 15 100 78.03 
1 14 50 47.93 
18 15 500 46.88 
16 13 100 108.21 
15 12 500 77.77 
21 17 100 48.99 
20 14 100 44.99 
9 20 100 71.36 
13 20 50 74.11 
2 17 50 88.08 
18 19 1000 73.34 
15 19 100 112.5 
0 21 50 51.41 
20 19 50 86.48 
15 1 500 78.03 
16 20 50 84.17 
20 2 500 77.7 
15 9 100 133.7 
21 16 50 48.6 
12 1 50 73.24 
1 16 100 71.85 
17 15 50 49.3 
1 2 1000 89.62 
2 15 50 120.28 
19 13 1000 93.88 
13 1 500 87.2 
18 17 100 52.05 
12 15 500 77.77 
14 20 100 44.99 
20 17 50 60.06 
12 9 50 74.5 
9 1 500 120.02 
21 2 50 64.17 
0 1 50 70.64 
9 3 100 128.83 
2 13 50 83.94 
19 20 1000 86.48 
14 9 1000 94.85 
21 12 50 55.05 
13 19 1000 93.88 
14 17 50 21.95 
2 9 1000 125 
1 13 100 87.2 
20 16 1000 84.17 
3 21 100 58.11 
9 19 50 93.49 
2 21 1000 64.17 
14 1 100 47.93 
1 3 500 77.37 
0 19 50 158.53 
19 16 100 90.07 
19 17 50 90.07 
3 16 100 78.22 
16 2 1000 160.13 
19 2 50 142.15 
2 16 100 160.13 
9 0 100 111.52 
2 14 1000 70.39 
9 13 50 86.48 
13 16 100 108.21 
3 1 500 77.37 
3 2 500 90.01 
2 1 50 89.62 
1 21 50 55.63 
3 15 100 78.28 
2 3 1000 90.01 
1 9 500 120.02 
13 21 50 44.73 
18 0 100 54.25 
21 19 100 50.35 
14 13 100 62.75 
13 3 100 126.99 
3 20 100 114.7 
21 3 100 58.11 
1 19 1000 113.72 
0 16 500 78.28 
20 3 500 114.7 
20 1 500 97.47 
