22 58 129 
0 3 20000 2.5 1 13.4 
0 14 10000 5 1 33.36 
0 15 5000 10 1 9.86 
1 9 20000 2.5 1 6.64 
1 2 10000 5 1 6.35 
1 3 20000 2.5 1 11.34 
2 3 10000 5 1 17.3 
2 12 20000 2.5 1 2.54 
2 9 10000 5 1 1.01 
3 6 10000 5 1 1.77 
4 5 50000 1 1 10.51 
4 7 50000 1 1 11.26 
5 8 10000 5 1 18.53 
6 7 20000 2.5 1 7.91 
9 19 20000 2.5 1 10.96 
9 13 10000 5 1 3.02 
10 21 50000 1 1 109.85 
11 21 20000 2.5 1 77.56 
12 13 5000 10 1 1.55 
13 20 50000 1 1 12.67 
14 15 10000 5 1 25.16 
15 16 10000 5 1 14.25 
16 17 50000 1 1 5.08 
16 19 20000 2.5 1 21.15 
17 18 5000 10 1 25.82 
18 19 5000 10 1 16.48 
18 21 10000 5 1 39.99 
19 20 50000 1 1 11.26 
20 21 50000 1 1 32.88 
3 0 20000 2.5 1 13.4 
14 0 10000 5 1 33.36 
15 0 5000 10 1 9.86 
9 1 20000 2.5 1 6.64 
2 1 10000 5 1 6.35 
3 1 20000 2.5 1 11.34 
3 2 10000 5 1 17.3 
12 2 20000 2.5 1 2.54 
9 2 10000 5 1 1.01 
6 3 10000 5 1 1.77 
5 4 50000 1 1 10.51 
7 4 50000 1 1 11.26 
8 5 10000 5 1 18.53 
7 6 20000 2.5 1 7.91 
19 9 20000 2.5 1 10.96 
13 9 10000 5 1 3.02 
21 10 50000 1 1 109.85 
21 11 20000 2.5 1 77.56 
13 12 5000 10 1 1.55 
20 13 50000 1 1 12.67 
15 14 10000 5 1 25.16 
16 15 10000 5 1 14.25 
17 16 50000 1 1 5.08 
19 16 20000 2.5 1 21.15 
18 17 5000 10 1 25.82 
19 18 5000 10 1 16.48 
21 18 10000 5 1 39.99 
20 19 50000 1 1 11.26 
21 20 50000 1 1 32.88 
15 13 500 30.34 
20 9 50 31.72 
19 14 50 9.95 
1 20 50 55.8 
19 1 100 55.8 
17 13 50 31.87 
21 1 50 24.96 
9 2 50 47.3 
15 18 100 26.07 
16 3 50 19.7 
17 20 1000 12.58 
0 20 50 43.7 
19 18 500 31.7 
1 0 500 25.51 
21 9 100 24.21 
14 2 500 26.23 
12 18 1000 14.15 
1 12 100 27.58 
13 18 1000 11.32 
20 13 50 26.23 
9 14 50 30.6 
0 13 500 33.26 
15 17 1000 12.23 
18 16 100 32.67 
19 9 50 35.64 
15 20 50 26.57 
14 12 100 22.16 
9 18 1000 8.37 
3 18 500 25.68 
21 13 100 19.86 
21 0 100 15.39 
3 13 1000 67.71 
19 0 1000 78.09 
14 21 50 6.14 
13 15 1000 30.34 
17 19 50 37.49 
21 14 50 6.14 
1 17 50 16.07 
12 2 50 38.71 
12 3 50 55.23 
3 9 100 49.15 
13 14 1000 24.54 
18 14 1000 13.79 
13 12 500 38.71 
13 9 500 38.77 
9 12 1000 28.84 
2 19 50 48.27 
0 14 50 16.73 
13 2 100 38.71 
2 0 500 38.15 
9 21 100 24.21 
1 15 100 22.29 
1 14 50 24.92 
18 15 500 26.07 
16 13 100 37.12 
15 12 500 26.23 
21 17 100 12.31 
20 14 100 6.78 
9 20 100 31.72 
13 20 50 26.23 
2 17 50 37.97 
18 19 1000 31.7 
15 19 100 39.16 
0 21 50 15.39 
20 19 50 31.87 
15 1 500 22.29 
16 20 50 12.57 
20 2 500 27.53 
15 9 100 24.13 
21 16 50 12.57 
12 1 50 27.58 
1 16 100 19.93 
17 15 50 12.23 
1 2 1000 38.71 
2 15 50 17.31 
19 13 1000 37.76 
13 1 500 36.18 
18 17 100 32.67 
12 15 500 26.23 
14 20 100 6.78 
20 17 50 12.58 
12 9 50 28.84 
9 1 500 44.98 
21 2 50 36.15 
0 1 50 25.51 
9 3 100 49.15 
2 13 50 38.71 
19 20 1000 31.87 
14 9 1000 30.6 
21 12 50 38.28 
13 19 1000 37.76 
14 17 50 9.97 
2 9 1000 47.3 
1 13 100 36.18 
20 16 1000 12.57 
3 21 100 22.54 
9 19 50 35.64 
2 21 1000 36.15 
14 1 100 24.92 
1 3 500 31.95 
0 19 50 78.09 
19 16 100 38.77 
19 17 50 37.49 
3 16 100 19.7 
16 2 1000 33.38 
19 2 50 48.27 
2 16 100 33.38 
9 0 100 50.74 
2 14 1000 26.23 
9 13 50 38.77 
13 16 100 37.12 
3 1 500 31.95 
3 2 500 44.59 
2 1 50 38.71 
1 21 50 24.96 
3 15 100 16.73 
2 3 1000 44.59 
1 9 500 44.98 
13 21 50 19.86 
18 0 100 26.07 
21 19 100 24.05 
14 13 100 24.54 
13 3 100 67.71 
3 20 100 67.64 
21 3 100 22.54 
1 19 1000 55.8 
0 16 500 16.73 
20 3 500 67.64 
20 1 500 55.8 
