22 58 129 
0 3 20000 2.5 1 13.4 
0 14 10000 5 1 33.36 
0 15 5000 10 1 9.86 
1 9 20000 2.5 1 6.64 
1 2 10000 5 1 6.35 
1 3 20000 2.5 1 11.34 
2 3 10000 5 1 17.3 
2 12 20000 2.5 1 2.54 
2 9 10000 5 1 1.01 
3 6 10000 5 1 1.77 
4 5 50000 1 1 10.51 
4 7 50000 1 1 11.26 
5 8 10000 5 1 18.53 
6 7 20000 2.5 1 7.91 
9 19 20000 2.5 1 10.96 
9 13 10000 5 1 3.02 
10 21 50000 1 1 109.85 
11 21 20000 2.5 1 77.56 
12 13 5000 10 1 1.55 
13 20 50000 1 1 12.67 
14 15 10000 5 1 25.16 
15 16 10000 5 1 14.25 
16 17 50000 1 1 5.08 
16 19 20000 2.5 1 21.15 
17 18 5000 10 1 25.82 
18 19 5000 10 1 16.48 
18 21 10000 5 1 39.99 
19 20 50000 1 1 11.26 
20 21 50000 1 1 32.88 
3 0 20000 2.5 1 13.4 
14 0 10000 5 1 33.36 
15 0 5000 10 1 9.86 
9 1 20000 2.5 1 6.64 
2 1 10000 5 1 6.35 
3 1 20000 2.5 1 11.34 
3 2 10000 5 1 17.3 
12 2 20000 2.5 1 2.54 
9 2 10000 5 1 1.01 
6 3 10000 5 1 1.77 
5 4 50000 1 1 10.51 
7 4 50000 1 1 11.26 
8 5 10000 5 1 18.53 
7 6 20000 2.5 1 7.91 
19 9 20000 2.5 1 10.96 
13 9 10000 5 1 3.02 
21 10 50000 1 1 109.85 
21 11 20000 2.5 1 77.56 
13 12 5000 10 1 1.55 
20 13 50000 1 1 12.67 
15 14 10000 5 1 25.16 
16 15 10000 5 1 14.25 
17 16 50000 1 1 5.08 
19 16 20000 2.5 1 21.15 
18 17 5000 10 1 25.82 
19 18 5000 10 1 16.48 
21 18 10000 5 1 39.99 
20 19 50000 1 1 11.26 
21 20 50000 1 1 32.88 
15 13 500 65.79 
20 9 50 57.62 
19 14 50 23.14 
1 20 50 78.09 
19 1 100 88.29 
17 13 50 57.98 
21 1 50 48.19 
9 2 50 74.89 
15 18 100 36.02 
16 3 50 71.3 
17 20 1000 49.05 
0 20 50 75.89 
19 18 500 58.55 
1 0 500 48.52 
21 9 100 33.95 
14 2 500 44.16 
12 18 1000 22.13 
1 12 100 50.81 
13 18 1000 36.07 
20 13 50 49.28 
9 14 50 54.97 
0 13 500 77.98 
15 17 1000 32.92 
18 16 100 45.58 
19 9 50 68.07 
15 20 50 48.66 
14 12 100 32.59 
9 18 1000 48.33 
3 18 500 44.8 
21 13 100 30.5 
21 0 100 26.23 
3 13 1000 100.36 
19 0 1000 113.6 
14 21 50 12.96 
13 15 1000 65.79 
17 19 50 50.41 
21 14 50 12.96 
1 17 50 53 
12 2 50 71.36 
12 3 50 78.67 
3 9 100 80.17 
13 14 1000 36.52 
18 14 1000 27.04 
13 12 500 71.36 
13 9 500 71.36 
9 12 1000 51.66 
2 19 50 77.25 
0 14 50 71.36 
13 2 100 71.36 
2 0 500 66.88 
9 21 100 33.95 
1 15 100 48.46 
1 14 50 37.69 
18 15 500 36.02 
16 13 100 62.58 
15 12 500 39.29 
21 17 100 29.04 
20 14 100 16.76 
9 20 100 57.62 
13 20 50 49.28 
2 17 50 58.37 
18 19 1000 58.55 
15 19 100 76.15 
0 21 50 26.23 
20 19 50 74.5 
15 1 500 48.46 
16 20 50 48.66 
20 2 500 56.06 
15 9 100 67.85 
21 16 50 30.78 
12 1 50 50.81 
1 16 100 49.36 
17 15 50 32.92 
1 2 1000 71.36 
2 15 50 67.85 
19 13 1000 74.44 
13 1 500 60.97 
18 17 100 45.58 
12 15 500 39.29 
14 20 100 16.76 
20 17 50 49.05 
12 9 50 51.66 
9 1 500 74.89 
21 2 50 48.58 
0 1 50 48.52 
9 3 100 80.17 
2 13 50 71.36 
19 20 1000 74.5 
14 9 1000 54.97 
21 12 50 46.97 
13 19 1000 74.44 
14 17 50 11.94 
2 9 1000 74.89 
1 13 100 60.97 
20 16 1000 48.66 
3 21 100 39.33 
9 19 50 68.07 
2 21 1000 48.58 
14 1 100 37.69 
1 3 500 65 
0 19 50 113.6 
19 16 100 50.41 
19 17 50 50.41 
3 16 100 71.3 
16 2 1000 66.17 
19 2 50 77.25 
2 16 100 66.17 
9 0 100 77.89 
2 14 1000 44.16 
9 13 50 71.36 
13 16 100 62.58 
3 1 500 65 
3 2 500 74.83 
2 1 50 71.36 
1 21 50 48.19 
3 15 100 71.36 
2 3 1000 74.83 
1 9 500 74.89 
13 21 50 30.5 
18 0 100 44.8 
21 19 100 28.45 
14 13 100 36.52 
13 3 100 100.36 
3 20 100 90.07 
21 3 100 39.33 
1 19 1000 88.29 
0 16 500 71.36 
20 3 500 90.07 
20 1 500 78.09 
