22 58 43 
0 3 20000 2.5 1 13.4 
0 14 10000 5 1 33.36 
0 15 5000 10 1 9.86 
1 9 20000 2.5 1 6.64 
1 2 10000 5 1 6.35 
1 3 20000 2.5 1 11.34 
2 3 10000 5 1 17.3 
2 12 20000 2.5 1 2.54 
2 9 10000 5 1 1.01 
3 6 10000 5 1 1.77 
4 5 50000 1 1 10.51 
4 7 50000 1 1 11.26 
5 8 10000 5 1 18.53 
6 7 20000 2.5 1 7.91 
9 19 20000 2.5 1 10.96 
9 13 10000 5 1 3.02 
10 21 50000 1 1 109.85 
11 21 20000 2.5 1 77.56 
12 13 5000 10 1 1.55 
13 20 50000 1 1 12.67 
14 15 10000 5 1 25.16 
15 16 10000 5 1 14.25 
16 17 50000 1 1 5.08 
16 19 20000 2.5 1 21.15 
17 18 5000 10 1 25.82 
18 19 5000 10 1 16.48 
18 21 10000 5 1 39.99 
19 20 50000 1 1 11.26 
20 21 50000 1 1 32.88 
3 0 20000 2.5 1 13.4 
14 0 10000 5 1 33.36 
15 0 5000 10 1 9.86 
9 1 20000 2.5 1 6.64 
2 1 10000 5 1 6.35 
3 1 20000 2.5 1 11.34 
3 2 10000 5 1 17.3 
12 2 20000 2.5 1 2.54 
9 2 10000 5 1 1.01 
6 3 10000 5 1 1.77 
5 4 50000 1 1 10.51 
7 4 50000 1 1 11.26 
8 5 10000 5 1 18.53 
7 6 20000 2.5 1 7.91 
19 9 20000 2.5 1 10.96 
13 9 10000 5 1 3.02 
21 10 50000 1 1 109.85 
21 11 20000 2.5 1 77.56 
13 12 5000 10 1 1.55 
20 13 50000 1 1 12.67 
15 14 10000 5 1 25.16 
16 15 10000 5 1 14.25 
17 16 50000 1 1 5.08 
19 16 20000 2.5 1 21.15 
18 17 5000 10 1 25.82 
19 18 5000 10 1 16.48 
21 18 10000 5 1 39.99 
20 19 50000 1 1 11.26 
21 20 50000 1 1 32.88 
15 13 500 97.99 
20 9 50 71.36 
19 14 50 89.31 
1 20 50 97.47 
19 1 100 113.72 
17 13 50 73.68 
21 1 50 55.63 
9 2 50 125 
15 18 100 46.88 
16 3 50 78.22 
17 20 1000 60.06 
0 20 50 104.34 
19 18 500 73.34 
1 0 500 70.64 
21 9 100 52.34 
14 2 500 70.39 
12 18 1000 48.85 
1 12 100 73.24 
13 18 1000 59.26 
20 13 50 74.11 
9 14 50 94.85 
0 13 500 104.21 
15 17 1000 49.3 
18 16 100 52.05 
19 9 50 93.49 
15 20 50 78.09 
14 12 100 48.39 
9 18 1000 61.88 
3 18 500 57.37 
21 13 100 44.73 
21 0 100 51.41 
3 13 1000 126.99 
19 0 1000 158.53 
14 21 50 18.8 
13 15 1000 97.99 
17 19 50 90.07 
21 14 50 18.8 
1 17 50 66.37 
12 2 50 83.94 
12 3 50 107.09 
3 9 100 128.83 
13 14 1000 62.75 
18 14 1000 41.13 
