18 84 198 
0 2 10000 5 0 335.38 
0 2 5000 10 0 335.68 
0 3 50000 1 0 17.97 
1 5 10000 5 0 24.29 
1 6 20000 2.5 0 17.36 
1 7 10000 5 0 13.53 
2 9 50000 1 0 48.68 
2 9 5000 10 0 49.22 
2 14 5000 10 0 90.03 
4 17 50000 1 0 311.22 
4 17 50000 1 0 311.22 
4 5 10000 5 0 18.55 
4 5 50000 1 0 18.31 
4 5 5000 10 0 18.85 
4 6 10000 5 0 18.2 
4 6 20000 2.5 0 18.05 
4 6 20000 2.5 0 18.05 
4 7 50000 1 0 8.74 
6 8 10000 5 0 279.56 
6 8 10000 5 0 279.56 
8 16 20000 2.5 0 27.96 
8 17 50000 1 0 17.6 
8 17 5000 10 0 18.14 
8 17 50000 1 0 17.6 
8 17 50000 1 0 17.6 
8 15 50000 1 0 57.5 
8 15 5000 10 0 58.04 
9 17 5000 10 0 43.25 
9 17 10000 5 0 42.95 
9 17 5000 10 0 43.25 
9 13 5000 10 0 128.71 
9 15 20000 2.5 0 47.34 
10 11 5000 10 0 57.65 
10 15 50000 1 0 139.86 
11 17 50000 1 0 192.86 
11 12 10000 5 0 24.9 
11 12 20000 2.5 0 24.75 
11 12 20000 2.5 0 24.75 
11 15 50000 1 0 148.24 
11 15 50000 1 0 148.24 
12 13 5000 10 0 29.37 
12 13 5000 10 0 29.37 
12 13 50000 1 0 28.83 
12 14 5000 10 0 100.36 
12 15 5000 10 0 140.97 
13 14 20000 2.5 0 71.43 
13 14 10000 5 0 71.58 
14 17 5000 10 0 94.22 
14 17 10000 5 0 93.92 
14 15 10000 5 0 64.86 
15 16 5000 10 0 35.81 
15 17 5000 10 0 46.4 
15 17 50000 1 0 45.86 
2 0 5000 10 0 335.68 
3 0 50000 1 0 17.97 
5 1 10000 5 0 24.29 
6 1 20000 2.5 0 17.36 
7 1 10000 5 0 13.53 
9 2 5000 10 0 49.22 
14 2 5000 10 0 90.03 
17 4 50000 1 0 311.22 
5 4 5000 10 0 18.85 
6 4 20000 2.5 0 18.05 
7 4 50000 1 0 8.74 
8 6 10000 5 0 279.56 
16 8 20000 2.5 0 27.96 
17 8 50000 1 0 17.6 
15 8 5000 10 0 58.04 
17 9 5000 10 0 43.25 
13 9 5000 10 0 128.71 
15 9 20000 2.5 0 47.34 
11 10 5000 10 0 57.65 
15 10 50000 1 0 139.86 
17 11 50000 1 0 192.86 
12 11 20000 2.5 0 24.75 
15 11 50000 1 0 148.24 
13 12 50000 1 0 28.83 
14 12 5000 10 0 100.36 
15 12 5000 10 0 140.97 
14 13 10000 5 0 71.58 
17 14 10000 5 0 93.92 
15 14 10000 5 0 64.86 
16 15 5000 10 0 35.81 
17 15 50000 1 0 45.86 
5 4 50 202.76 
16 1 500 108.06 
12 15 500 98.18 
10 5 50 44.45 
14 11 50 67.3 
1 10 1000 43.92 
9 15 500 117.27 
1 6 50 244.66 
8 17 1000 92.49 
4 12 500 18.06 
14 6 100 67.71 
2 13 500 65.38 
15 17 1000 120.6 
14 1 1000 52.39 
4 15 500 240.07 
10 17 50 83.78 
12 1 50 20.64 
6 1 500 244.66 
10 1 1000 43.92 
9 14 100 169.66 
12 9 1000 77.65 
2 11 500 69.79 
14 2 50 169.66 
17 1 100 211.69 
14 7 100 65.09 
1 11 50 23.07 
16 4 100 221.91 
8 10 100 73.31 
9 17 1000 120.45 
2 6 100 78.69 
15 1 50 116.91 
4 10 500 50.15 
10 2 50 85.25 
17 10 1000 83.78 
17 5 50 134.9 
6 9 50 146.8 
2 5 50 46.95 
11 16 100 63.91 
17 9 50 120.45 
11 14 500 67.3 
12 16 1000 61.91 
7 16 50 90.83 
17 2 100 157.96 
12 7 100 20.58 
13 8 50 74.62 
7 1 500 202.76 
12 11 50 46.58 
5 11 50 21.41 
11 4 50 21.89 
2 14 1000 169.66 
14 8 100 90.99 
9 5 1000 58.6 
16 5 1000 81.59 
8 14 100 90.99 
13 14 50 85.7 
16 10 100 77.21 
9 11 100 59.29 
13 7 100 36.21 
10 8 1000 73.31 
8 5 50 207.23 
7 9 100 73.04 
6 4 1000 202.76 
7 12 1000 20.58 
13 15 500 97.33 
10 7 50 33.92 
17 4 100 204.95 
1 4 500 202.76 
17 8 1000 92.49 
10 16 100 77.21 
13 17 100 92.55 
10 6 500 41.78 
15 2 500 153.23 
5 13 1000 28.02 
2 17 500 157.96 
2 10 500 85.25 
2 7 1000 49.25 
16 6 100 171.72 
17 6 100 202.76 
13 9 50 87.39 
4 17 50 204.95 
17 11 500 75.12 
12 2 500 73.23 
13 5 50 28.02 
2 8 1000 177.04 
4 1 100 202.76 
7 8 500 201.5 
8 13 500 74.62 
4 16 1000 221.91 
1 2 50 46.95 
9 4 500 131.2 
17 12 50 90.51 
14 12 100 63.91 
16 11 500 63.91 
14 10 500 71.55 
1 12 1000 20.64 
16 13 1000 56.65 
5 6 100 256 
12 4 50 18.06 
10 13 50 77.05 
14 9 500 169.66 
10 14 500 71.55 
12 10 500 66.03 
14 4 50 92.34 
1 15 50 116.91 
12 6 500 39.61 
16 7 100 90.83 
6 11 1000 32.68 
5 10 500 44.45 
7 2 50 49.25 
13 11 1000 48.5 
8 12 50 71.78 
9 10 100 77.24 
8 7 500 201.5 
14 13 50 85.7 
17 14 100 86.76 
15 13 50 97.33 
8 11 1000 79.79 
15 14 500 160.93 
4 9 1000 131.2 
16 9 1000 157.08 
4 13 1000 31.21 
11 13 1000 48.5 
11 9 500 59.29 
6 15 100 212.6 
7 5 1000 262.54 
11 17 100 75.12 
6 2 1000 78.69 
5 17 500 134.9 
1 8 100 209.23 
11 2 50 69.79 
11 8 500 79.79 
8 15 1000 120.6 
16 12 500 61.91 
11 5 100 21.41 
4 8 50 202.76 
15 4 500 240.07 
9 8 50 132.15 
5 9 1000 58.6 
1 17 1000 211.69 
7 6 50 241.51 
11 6 100 32.68 
10 12 500 66.03 
2 15 500 153.23 
7 13 500 36.21 
12 17 500 90.51 
4 6 500 202.76 
13 1 50 28.52 
5 12 100 17.11 
12 14 1000 63.91 
9 12 50 77.65 
4 2 500 58.33 
13 12 100 61.07 
9 6 100 146.8 
11 12 500 46.58 
13 2 50 65.38 
4 14 50 92.34 
6 5 50 256 
6 7 500 241.51 
7 15 100 76.71 
1 16 50 108.06 
6 8 50 204.95 
17 15 500 120.6 
15 11 100 115.82 
16 17 50 110.78 
1 9 1000 68.37 
7 14 500 65.09 
9 13 50 87.39 
4 5 1000 202.76 
6 14 50 67.71 
2 9 100 169.66 
6 17 100 202.76 
1 7 100 202.76 
17 13 1000 92.55 
10 9 500 77.24 
6 13 1000 32.33 
8 9 100 132.15 
14 15 50 160.93 
5 15 500 91.03 
6 10 50 41.78 
5 14 50 61.53 
6 16 100 171.72 
14 17 500 86.76 
6 12 1000 39.61 
11 15 1000 115.82 
7 4 50 202.76 
2 12 100 73.23 
1 13 500 28.52 
5 7 100 262.54 
4 11 50 21.89 
7 17 1000 155.37 
12 8 50 71.78 
12 13 500 61.07 
5 1 50 202.76 
15 12 1000 98.18 
1 5 500 202.76 
7 11 100 31.8 
1 14 50 52.39 
15 8 50 120.6 
