18 84 99 
0 2 10000 5 1 335.38 
0 2 5000 10 1 335.68 
0 3 50000 1 1 17.97 
1 5 10000 5 1 24.29 
1 6 20000 2.5 1 17.36 
1 7 10000 5 1 13.53 
2 9 50000 1 1 48.68 
2 9 5000 10 1 49.22 
2 14 5000 10 1 90.03 
4 17 50000 1 1 311.22 
4 17 50000 1 1 311.22 
4 5 10000 5 1 18.55 
4 5 50000 1 1 18.31 
4 5 5000 10 1 18.85 
4 6 10000 5 1 18.2 
4 6 20000 2.5 1 18.05 
4 6 20000 2.5 1 18.05 
4 7 50000 1 1 8.74 
6 8 10000 5 1 279.56 
6 8 10000 5 1 279.56 
8 16 20000 2.5 1 27.96 
8 17 50000 1 1 17.6 
8 17 5000 10 1 18.14 
8 17 50000 1 1 17.6 
8 17 50000 1 1 17.6 
8 15 50000 1 1 57.5 
8 15 5000 10 1 58.04 
9 17 5000 10 1 43.25 
9 17 10000 5 1 42.95 
9 17 5000 10 1 43.25 
9 13 5000 10 1 128.71 
9 15 20000 2.5 1 47.34 
10 11 5000 10 1 57.65 
10 15 50000 1 1 139.86 
11 17 50000 1 1 192.86 
11 12 10000 5 1 24.9 
11 12 20000 2.5 1 24.75 
11 12 20000 2.5 1 24.75 
11 15 50000 1 1 148.24 
11 15 50000 1 1 148.24 
12 13 5000 10 1 29.37 
12 13 5000 10 1 29.37 
12 13 50000 1 1 28.83 
12 14 5000 10 1 100.36 
12 15 5000 10 1 140.97 
13 14 20000 2.5 1 71.43 
13 14 10000 5 1 71.58 
14 17 5000 10 1 94.22 
14 17 10000 5 1 93.92 
14 15 10000 5 1 64.86 
15 16 5000 10 1 35.81 
15 17 5000 10 1 46.4 
15 17 50000 1 1 45.86 
2 0 5000 10 1 335.68 
3 0 50000 1 1 17.97 
5 1 10000 5 1 24.29 
6 1 20000 2.5 1 17.36 
7 1 10000 5 1 13.53 
9 2 5000 10 1 49.22 
14 2 5000 10 1 90.03 
17 4 50000 1 1 311.22 
5 4 5000 10 1 18.85 
6 4 20000 2.5 1 18.05 
7 4 50000 1 1 8.74 
8 6 10000 5 1 279.56 
16 8 20000 2.5 1 27.96 
17 8 50000 1 1 17.6 
15 8 5000 10 1 58.04 
17 9 5000 10 1 43.25 
13 9 5000 10 1 128.71 
15 9 20000 2.5 1 47.34 
11 10 5000 10 1 57.65 
15 10 50000 1 1 139.86 
17 11 50000 1 1 192.86 
12 11 20000 2.5 1 24.75 
15 11 50000 1 1 148.24 
13 12 50000 1 1 28.83 
14 12 5000 10 1 100.36 
15 12 5000 10 1 140.97 
14 13 10000 5 1 71.58 
17 14 10000 5 1 93.92 
15 14 10000 5 1 64.86 
16 15 5000 10 1 35.81 
17 15 50000 1 1 45.86 
5 4 50 202.76 
16 1 500 108.06 
12 15 500 98.18 
10 5 50 44.45 
14 11 50 67.3 
1 10 1000 43.92 
9 15 500 117.27 
1 6 50 244.66 
8 17 1000 92.49 
4 12 500 18.06 
14 6 100 67.71 
2 13 500 65.38 
15 17 1000 120.6 
14 1 1000 52.39 
4 15 500 240.07 
10 17 50 83.78 
12 1 50 20.64 
6 1 500 244.66 
10 1 1000 43.92 
9 14 100 169.66 
12 9 1000 77.65 
2 11 500 69.79 
14 2 50 169.66 
17 1 100 211.69 
14 7 100 65.09 
1 11 50 23.07 
16 4 100 221.91 
8 10 100 73.31 
9 17 1000 120.45 
2 6 100 78.69 
15 1 50 116.91 
4 10 500 50.15 
10 2 50 85.25 
17 10 1000 83.78 
17 5 50 134.9 
6 9 50 146.8 
2 5 50 46.95 
11 16 100 63.91 
17 9 50 120.45 
11 14 500 67.3 
12 16 1000 61.91 
7 16 50 90.83 
17 2 100 157.96 
12 7 100 20.58 
13 8 50 74.62 
7 1 500 202.76 
12 11 50 46.58 
5 11 50 21.41 
11 4 50 21.89 
2 14 1000 169.66 
14 8 100 90.99 
9 5 1000 58.6 
16 5 1000 81.59 
8 14 100 90.99 
13 14 50 85.7 
16 10 100 77.21 
9 11 100 59.29 
13 7 100 36.21 
10 8 1000 73.31 
8 5 50 207.23 
7 9 100 73.04 
6 4 1000 202.76 
7 12 1000 20.58 
13 15 500 97.33 
10 7 50 33.92 
17 4 100 204.95 
1 4 500 202.76 
17 8 1000 92.49 
10 16 100 77.21 
13 17 100 92.55 
10 6 500 41.78 
15 2 500 153.23 
5 13 1000 28.02 
2 17 500 157.96 
2 10 500 85.25 
2 7 1000 49.25 
16 6 100 171.72 
17 6 100 202.76 
13 9 50 87.39 
4 17 50 204.95 
17 11 500 75.12 
12 2 500 73.23 
13 5 50 28.02 
2 8 1000 177.04 
4 1 100 202.76 
7 8 500 201.5 
8 13 500 74.62 
4 16 1000 221.91 
1 2 50 46.95 
9 4 500 131.2 
17 12 50 90.51 
14 12 100 63.91 
16 11 500 63.91 
14 10 500 71.55 
1 12 1000 20.64 
16 13 1000 56.65 
5 6 100 256 
12 4 50 18.06 
10 13 50 77.05 
