18 84 198 
0 2 10000 5 1 335.38 
0 2 5000 10 1 335.68 
0 3 50000 1 1 17.97 
1 5 10000 5 1 24.29 
1 6 20000 2.5 1 17.36 
1 7 10000 5 1 13.53 
2 9 50000 1 1 48.68 
2 9 5000 10 1 49.22 
2 14 5000 10 1 90.03 
4 17 50000 1 1 311.22 
4 17 50000 1 1 311.22 
4 5 10000 5 1 18.55 
4 5 50000 1 1 18.31 
4 5 5000 10 1 18.85 
4 6 10000 5 1 18.2 
4 6 20000 2.5 1 18.05 
4 6 20000 2.5 1 18.05 
4 7 50000 1 1 8.74 
6 8 10000 5 1 279.56 
6 8 10000 5 1 279.56 
8 16 20000 2.5 1 27.96 
8 17 50000 1 1 17.6 
8 17 5000 10 1 18.14 
8 17 50000 1 1 17.6 
8 17 50000 1 1 17.6 
8 15 50000 1 1 57.5 
8 15 5000 10 1 58.04 
9 17 5000 10 1 43.25 
9 17 10000 5 1 42.95 
9 17 5000 10 1 43.25 
9 13 5000 10 1 128.71 
9 15 20000 2.5 1 47.34 
10 11 5000 10 1 57.65 
10 15 50000 1 1 139.86 
11 17 50000 1 1 192.86 
11 12 10000 5 1 24.9 
11 12 20000 2.5 1 24.75 
11 12 20000 2.5 1 24.75 
11 15 50000 1 1 148.24 
11 15 50000 1 1 148.24 
12 13 5000 10 1 29.37 
12 13 5000 10 1 29.37 
12 13 50000 1 1 28.83 
12 14 5000 10 1 100.36 
12 15 5000 10 1 140.97 
13 14 20000 2.5 1 71.43 
13 14 10000 5 1 71.58 
14 17 5000 10 1 94.22 
14 17 10000 5 1 93.92 
14 15 10000 5 1 64.86 
15 16 5000 10 1 35.81 
15 17 5000 10 1 46.4 
15 17 50000 1 1 45.86 
2 0 5000 10 1 335.68 
3 0 50000 1 1 17.97 
5 1 10000 5 1 24.29 
6 1 20000 2.5 1 17.36 
7 1 10000 5 1 13.53 
9 2 5000 10 1 49.22 
14 2 5000 10 1 90.03 
17 4 50000 1 1 311.22 
5 4 5000 10 1 18.85 
6 4 20000 2.5 1 18.05 
7 4 50000 1 1 8.74 
8 6 10000 5 1 279.56 
16 8 20000 2.5 1 27.96 
17 8 50000 1 1 17.6 
15 8 5000 10 1 58.04 
17 9 5000 10 1 43.25 
13 9 5000 10 1 128.71 
15 9 20000 2.5 1 47.34 
11 10 5000 10 1 57.65 
15 10 50000 1 1 139.86 
17 11 50000 1 1 192.86 
12 11 20000 2.5 1 24.75 
15 11 50000 1 1 148.24 
13 12 50000 1 1 28.83 
14 12 5000 10 1 100.36 
15 12 5000 10 1 140.97 
14 13 10000 5 1 71.58 
17 14 10000 5 1 93.92 
15 14 10000 5 1 64.86 
16 15 5000 10 1 35.81 
17 15 50000 1 1 45.86 
5 4 50 176.52 
16 1 500 48.72 
12 15 500 23.53 
10 5 50 27.59 
14 11 50 31.79 
1 10 1000 26.19 
9 15 500 71.77 
1 6 50 177.64 
8 17 1000 61.25 
4 12 500 10.6 
14 6 100 40.66 
2 13 500 34.36 
15 17 1000 47.58 
14 1 1000 25.79 
4 15 500 118.34 
10 17 50 41.73 
12 1 50 11.44 
6 1 500 177.64 
10 1 1000 26.19 
9 14 100 138.59 
12 9 1000 47.82 
2 11 500 39.76 
14 2 50 138.59 
17 1 100 89.96 
14 7 100 38.04 
1 11 50 17.34 
16 4 100 87.13 
8 10 100 24.61 
9 17 1000 85.67 
2 6 100 41.94 
15 1 50 29.78 
4 10 500 29.28 
10 2 50 54.07 
17 10 1000 41.73 
17 5 50 60.58 
6 9 50 97.89 
2 5 50 26.46 
11 16 100 26.37 
17 9 50 85.67 
11 14 500 31.79 
12 16 1000 29.65 
7 16 50 44.63 
17 2 100 140.4 
12 7 100 12.86 
13 8 50 26.08 
7 1 500 176.52 
12 11 50 28.06 
5 11 50 16.52 
11 4 50 9.97 
2 14 1000 138.59 
14 8 100 60.21 
9 5 1000 26.46 
16 5 1000 40.74 
8 14 100 60.21 
13 14 50 41.85 
16 10 100 37.6 
9 11 100 24.34 
13 7 100 29.37 
10 8 1000 24.61 
8 5 50 85.21 
7 9 100 41.77 
6 4 1000 176.52 
7 12 1000 12.86 
13 15 500 65.31 
10 7 50 12.62 
17 4 100 95.5 
1 4 500 176.52 
17 8 1000 61.25 
10 16 100 37.6 
13 17 100 35.51 
10 6 500 24.93 
15 2 500 105.21 
5 13 1000 17.37 
2 17 500 140.4 
2 10 500 54.07 
2 7 1000 38.86 
16 6 100 62.86 
17 6 100 176.52 
13 9 50 35.51 
4 17 50 95.5 
17 11 500 37.27 
12 2 500 46.53 
13 5 50 17.37 
2 8 1000 142.37 
4 1 100 176.52 
7 8 500 72.72 
8 13 500 26.08 
4 16 1000 87.13 
1 2 50 26.29 
9 4 500 42.08 
17 12 50 33.52 
14 12 100 34.13 
16 11 500 26.37 
14 10 500 54.73 
1 12 1000 11.44 
16 13 1000 36.24 
5 6 100 173.79 
12 4 50 10.6 
10 13 50 41.74 
14 9 500 138.59 
10 14 500 54.73 
12 10 500 42.02 
14 4 50 45.9 
1 15 50 29.78 
12 6 500 20.43 
16 7 100 44.63 
6 11 1000 13.86 
5 10 500 27.59 
7 2 50 38.86 
13 11 1000 31.02 
8 12 50 39.92 
9 10 100 41.78 
8 7 500 72.72 
14 13 50 41.85 
17 14 100 51.3 
15 13 50 65.31 
8 11 1000 18.14 
15 14 500 77.28 
4 9 1000 42.08 
16 9 1000 99.47 
4 13 1000 22.12 
11 13 1000 31.02 
11 9 500 24.34 
6 15 100 110.64 
7 5 1000 195.77 
11 17 100 37.27 
6 2 1000 41.94 
5 17 500 60.58 
1 8 100 99.78 
11 2 50 39.76 
11 8 500 18.14 
8 15 1000 47.58 
16 12 500 29.65 
11 5 100 16.52 
4 8 50 176.52 
15 4 500 118.34 
9 8 50 94.4 
5 9 1000 26.46 
1 17 1000 89.96 
7 6 50 159.3 
11 6 100 13.86 
10 12 500 42.02 
2 15 500 105.21 
7 13 500 29.37 
12 17 500 33.52 
4 6 500 176.52 
13 1 50 16.8 
5 12 100 12.81 
12 14 1000 34.13 
9 12 50 47.82 
4 2 500 21.18 
13 12 100 32.02 
9 6 100 97.89 
11 12 500 28.06 
13 2 50 34.36 
4 14 50 45.9 
6 5 50 173.79 
6 7 500 159.3 
7 15 100 12.62 
1 16 50 48.72 
6 8 50 95.5 
17 15 500 47.58 
15 11 100 41.12 
16 17 50 78.08 
1 9 1000 26.6 
7 14 500 38.04 
9 13 50 35.51 
4 5 1000 176.52 
6 14 50 40.66 
2 9 100 138.59 
6 17 100 176.52 
1 7 100 176.52 
17 13 1000 35.51 
10 9 500 41.78 
6 13 1000 20.33 
8 9 100 94.4 
14 15 50 77.28 
5 15 500 27.59 
6 10 50 24.93 
5 14 50 21.01 
6 16 100 62.86 
14 17 500 51.3 
6 12 1000 20.43 
11 15 1000 41.12 
7 4 50 176.52 
2 12 100 46.53 
1 13 500 16.8 
5 7 100 195.77 
4 11 50 9.97 
7 17 1000 81.45 
12 8 50 39.92 
12 13 500 32.02 
5 1 50 176.52 
15 12 1000 23.53 
1 5 500 176.52 
7 11 100 20.52 
1 14 50 25.79 
15 8 50 47.58 
