18 84 66 
0 2 10000 5 0 335.38 
0 2 5000 10 0 335.68 
0 3 50000 1 0 17.97 
1 5 10000 5 0 24.29 
1 6 20000 2.5 0 17.36 
1 7 10000 5 0 13.53 
2 9 50000 1 0 48.68 
2 9 5000 10 0 49.22 
2 14 5000 10 0 90.03 
4 17 50000 1 0 311.22 
4 17 50000 1 0 311.22 
4 5 10000 5 0 18.55 
4 5 50000 1 0 18.31 
4 5 5000 10 0 18.85 
4 6 10000 5 0 18.2 
4 6 20000 2.5 0 18.05 
4 6 20000 2.5 0 18.05 
4 7 50000 1 0 8.74 
6 8 10000 5 0 279.56 
6 8 10000 5 0 279.56 
8 16 20000 2.5 0 27.96 
8 17 50000 1 0 17.6 
8 17 5000 10 0 18.14 
8 17 50000 1 0 17.6 
8 17 50000 1 0 17.6 
8 15 50000 1 0 57.5 
8 15 5000 10 0 58.04 
9 17 5000 10 0 43.25 
9 17 10000 5 0 42.95 
9 17 5000 10 0 43.25 
9 13 5000 10 0 128.71 
9 15 20000 2.5 0 47.34 
10 11 5000 10 0 57.65 
10 15 50000 1 0 139.86 
11 17 50000 1 0 192.86 
11 12 10000 5 0 24.9 
11 12 20000 2.5 0 24.75 
11 12 20000 2.5 0 24.75 
11 15 50000 1 0 148.24 
11 15 50000 1 0 148.24 
12 13 5000 10 0 29.37 
12 13 5000 10 0 29.37 
12 13 50000 1 0 28.83 
12 14 5000 10 0 100.36 
12 15 5000 10 0 140.97 
13 14 20000 2.5 0 71.43 
13 14 10000 5 0 71.58 
14 17 5000 10 0 94.22 
14 17 10000 5 0 93.92 
14 15 10000 5 0 64.86 
15 16 5000 10 0 35.81 
15 17 5000 10 0 46.4 
15 17 50000 1 0 45.86 
2 0 5000 10 0 335.68 
3 0 50000 1 0 17.97 
5 1 10000 5 0 24.29 
6 1 20000 2.5 0 17.36 
7 1 10000 5 0 13.53 
9 2 5000 10 0 49.22 
14 2 5000 10 0 90.03 
17 4 50000 1 0 311.22 
5 4 5000 10 0 18.85 
6 4 20000 2.5 0 18.05 
7 4 50000 1 0 8.74 
8 6 10000 5 0 279.56 
16 8 20000 2.5 0 27.96 
17 8 50000 1 0 17.6 
15 8 5000 10 0 58.04 
17 9 5000 10 0 43.25 
13 9 5000 10 0 128.71 
15 9 20000 2.5 0 47.34 
11 10 5000 10 0 57.65 
15 10 50000 1 0 139.86 
17 11 50000 1 0 192.86 
12 11 20000 2.5 0 24.75 
15 11 50000 1 0 148.24 
13 12 50000 1 0 28.83 
14 12 5000 10 0 100.36 
15 12 5000 10 0 140.97 
14 13 10000 5 0 71.58 
17 14 10000 5 0 93.92 
15 14 10000 5 0 64.86 
16 15 5000 10 0 35.81 
17 15 50000 1 0 45.86 
5 4 50 176.52 
16 1 500 48.72 
12 15 500 23.53 
10 5 50 27.59 
14 11 50 31.79 
1 10 1000 26.19 
9 15 500 71.77 
1 6 50 177.64 
8 17 1000 61.25 
4 12 500 10.6 
14 6 100 40.66 
2 13 500 34.36 
15 17 1000 47.58 
14 1 1000 25.79 
4 15 500 118.34 
10 17 50 41.73 
12 1 50 11.44 
6 1 500 177.64 
10 1 1000 26.19 
9 14 100 138.59 
12 9 1000 47.82 
2 11 500 39.76 
14 2 50 138.59 
17 1 100 89.96 
14 7 100 38.04 
1 11 50 17.34 
16 4 100 87.13 
8 10 100 24.61 
9 17 1000 85.67 
2 6 100 41.94 
15 1 50 29.78 
4 10 500 29.28 
10 2 50 54.07 
17 10 1000 41.73 
17 5 50 60.58 
6 9 50 97.89 
2 5 50 26.46 
11 16 100 26.37 
17 9 50 85.67 
11 14 500 31.79 
12 16 1000 29.65 
7 16 50 44.63 
17 2 100 140.4 
12 7 100 12.86 
13 8 50 26.08 
7 1 500 176.52 
12 11 50 28.06 
5 11 50 16.52 
11 4 50 9.97 
2 14 1000 138.59 
14 8 100 60.21 
9 5 1000 26.46 
16 5 1000 40.74 
8 14 100 60.21 
13 14 50 41.85 
16 10 100 37.6 
9 11 100 24.34 
13 7 100 29.37 
10 8 1000 24.61 
8 5 50 85.21 
7 9 100 41.77 
6 4 1000 176.52 
7 12 1000 12.86 
13 15 500 65.31 
10 7 50 12.62 
17 4 100 95.5 
