18 84 198 
0 2 10000 5 1 335.38 
0 2 5000 10 1 335.68 
0 3 50000 1 1 17.97 
1 5 10000 5 1 24.29 
1 6 20000 2.5 1 17.36 
1 7 10000 5 1 13.53 
2 9 50000 1 1 48.68 
2 9 5000 10 1 49.22 
2 14 5000 10 1 90.03 
4 17 50000 1 1 311.22 
4 17 50000 1 1 311.22 
4 5 10000 5 1 18.55 
4 5 50000 1 1 18.31 
4 5 5000 10 1 18.85 
4 6 10000 5 1 18.2 
4 6 20000 2.5 1 18.05 
4 6 20000 2.5 1 18.05 
4 7 50000 1 1 8.74 
6 8 10000 5 1 279.56 
6 8 10000 5 1 279.56 
8 16 20000 2.5 1 27.96 
8 17 50000 1 1 17.6 
8 17 5000 10 1 18.14 
8 17 50000 1 1 17.6 
8 17 50000 1 1 17.6 
8 15 50000 1 1 57.5 
8 15 5000 10 1 58.04 
9 17 5000 10 1 43.25 
9 17 10000 5 1 42.95 
9 17 5000 10 1 43.25 
9 13 5000 10 1 128.71 
9 15 20000 2.5 1 47.34 
10 11 5000 10 1 57.65 
10 15 50000 1 1 139.86 
11 17 50000 1 1 192.86 
11 12 10000 5 1 24.9 
11 12 20000 2.5 1 24.75 
11 12 20000 2.5 1 24.75 
11 15 50000 1 1 148.24 
11 15 50000 1 1 148.24 
12 13 5000 10 1 29.37 
12 13 5000 10 1 29.37 
12 13 50000 1 1 28.83 
12 14 5000 10 1 100.36 
12 15 5000 10 1 140.97 
13 14 20000 2.5 1 71.43 
13 14 10000 5 1 71.58 
14 17 5000 10 1 94.22 
14 17 10000 5 1 93.92 
14 15 10000 5 1 64.86 
15 16 5000 10 1 35.81 
15 17 5000 10 1 46.4 
15 17 50000 1 1 45.86 
2 0 5000 10 1 335.68 
3 0 50000 1 1 17.97 
5 1 10000 5 1 24.29 
6 1 20000 2.5 1 17.36 
7 1 10000 5 1 13.53 
9 2 5000 10 1 49.22 
14 2 5000 10 1 90.03 
17 4 50000 1 1 311.22 
5 4 5000 10 1 18.85 
6 4 20000 2.5 1 18.05 
7 4 50000 1 1 8.74 
8 6 10000 5 1 279.56 
16 8 20000 2.5 1 27.96 
17 8 50000 1 1 17.6 
15 8 5000 10 1 58.04 
17 9 5000 10 1 43.25 
13 9 5000 10 1 128.71 
15 9 20000 2.5 1 47.34 
11 10 5000 10 1 57.65 
15 10 50000 1 1 139.86 
17 11 50000 1 1 192.86 
12 11 20000 2.5 1 24.75 
15 11 50000 1 1 148.24 
13 12 50000 1 1 28.83 
14 12 5000 10 1 100.36 
15 12 5000 10 1 140.97 
14 13 10000 5 1 71.58 
17 14 10000 5 1 93.92 
15 14 10000 5 1 64.86 
16 15 5000 10 1 35.81 
17 15 50000 1 1 45.86 
5 4 50 224.1 
16 1 500 183.98 
12 15 500 208.61 
10 5 50 59.7 
14 11 50 99.42 
1 10 1000 57.06 
9 15 500 153.06 
1 6 50 265.53 
8 17 1000 118.65 
4 12 500 31.87 
14 6 100 118.71 
2 13 500 101.43 
15 17 1000 230.86 
14 1 1000 90.37 
4 15 500 258.66 
10 17 50 164.53 
12 1 50 28.24 
6 1 500 265.53 
10 1 1000 57.06 
9 14 100 218.37 
12 9 1000 137.44 
2 11 500 97.21 
14 2 50 218.37 
17 1 100 260.7 
14 7 100 82.77 
1 11 50 28.97 
16 4 100 263.65 
8 10 100 112.31 
9 17 1000 163.01 
2 6 100 113.47 
15 1 50 222.7 
4 10 500 65.31 
10 2 50 112.34 
17 10 1000 164.53 
17 5 50 229.21 
6 9 50 184.19 
2 5 50 63.75 
11 16 100 90.37 
17 9 50 163.01 
11 14 500 99.42 
12 16 1000 82.07 
7 16 50 156.76 
17 2 100 176.52 
12 7 100 27.43 
13 8 50 106.67 
7 1 500 224.1 
12 11 50 61.53 
5 11 50 31.13 
11 4 50 26.37 
2 14 1000 218.37 
14 8 100 124.07 
9 5 1000 135.17 
16 5 1000 140.63 
8 14 100 124.07 
13 14 50 125.22 
16 10 100 107.06 
9 11 100 107.55 
13 7 100 40.81 
10 8 1000 112.31 
8 5 50 261.68 
7 9 100 137.3 
6 4 1000 224.1 
7 12 1000 27.43 
13 15 500 217.59 
10 7 50 47.61 
17 4 100 245.12 
1 4 500 224.1 
17 8 1000 118.65 
10 16 100 107.06 
13 17 100 148.64 
10 6 500 57.04 
15 2 500 192.28 
5 13 1000 38.11 
2 17 500 176.52 
2 10 500 112.34 
2 7 1000 73.04 
16 6 100 227.55 
17 6 100 224.1 
13 9 50 143.32 
4 17 50 245.12 
17 11 500 157.24 
12 2 500 103.57 
13 5 50 38.11 
2 8 1000 206.94 
4 1 100 224.1 
7 8 500 249.19 
8 13 500 106.67 
4 16 1000 263.65 
1 2 50 63.83 
9 4 500 157.08 
17 12 50 158.7 
14 12 100 98.32 
16 11 500 90.37 
14 10 500 102.81 
1 12 1000 28.24 
16 13 1000 95.34 
5 6 100 268.19 
12 4 50 31.87 
10 13 50 95.81 
14 9 500 218.37 
10 14 500 102.81 
12 10 500 92.85 
14 4 50 116 
1 15 50 222.7 
12 6 500 52.54 
16 7 100 156.76 
6 11 1000 47.8 
5 10 500 59.7 
7 2 50 73.04 
13 11 1000 58.85 
8 12 50 114.23 
9 10 100 112.92 
8 7 500 249.19 
14 13 50 125.22 
17 14 100 136.03 
15 13 50 217.59 
8 11 1000 98.96 
15 14 500 269.34 
4 9 1000 157.08 
16 9 1000 170.27 
4 13 1000 46.68 
11 13 1000 58.85 
11 9 500 107.55 
6 15 100 244.62 
7 5 1000 289.44 
11 17 100 157.24 
6 2 1000 113.47 
5 17 500 229.21 
1 8 100 262.54 
11 2 50 97.21 
11 8 500 98.96 
8 15 1000 230.86 
16 12 500 82.07 
11 5 100 31.13 
4 8 50 224.1 
15 4 500 258.66 
9 8 50 174.44 
5 9 1000 135.17 
1 17 1000 260.7 
7 6 50 264.79 
11 6 100 47.8 
10 12 500 92.85 
2 15 500 192.28 
7 13 500 40.81 
12 17 500 158.7 
4 6 500 224.1 
13 1 50 41.84 
5 12 100 21.6 
12 14 1000 98.32 
9 12 50 137.44 
4 2 500 81.48 
13 12 100 82.12 
9 6 100 184.19 
11 12 500 61.53 
13 2 50 101.43 
4 14 50 116 
6 5 50 268.19 
6 7 500 264.79 
7 15 100 198.44 
1 16 50 183.98 
6 8 50 245.12 
17 15 500 230.86 
15 11 100 222.6 
16 17 50 141.98 
1 9 1000 139.21 
7 14 500 82.77 
9 13 50 143.32 
4 5 1000 224.1 
6 14 50 118.71 
2 9 100 218.37 
6 17 100 224.1 
1 7 100 224.1 
17 13 1000 148.64 
10 9 500 112.92 
6 13 1000 44.73 
8 9 100 174.44 
14 15 50 269.34 
5 15 500 203.33 
6 10 50 57.04 
5 14 50 71.75 
6 16 100 227.55 
14 17 500 136.03 
6 12 1000 52.54 
11 15 1000 222.6 
7 4 50 224.1 
2 12 100 103.57 
1 13 500 41.84 
5 7 100 289.44 
4 11 50 26.37 
7 17 1000 238.75 
12 8 50 114.23 
12 13 500 82.12 
5 1 50 224.1 
15 12 1000 208.61 
1 5 500 224.1 
7 11 100 37.32 
1 14 50 90.37 
15 8 50 230.86 
