24 74 215 
0 1 50000 1 1 18.91 
0 2 20000 2.5 1 19.57 
0 3 50000 1 1 22.21 
0 12 50000 1 1 294.56 
1 3 10000 5 1 27.33 
1 6 5000 10 1 21.97 
1 7 50000 1 1 60.08 
2 12 5000 10 1 285.93 
2 23 10000 5 1 299.97 
3 23 5000 10 1 316.77 
4 5 5000 10 1 7.57 
4 8 20000 2.5 1 2.57 
4 9 5000 10 1 250.58 
4 13 50000 1 1 244.58 
4 19 20000 2.5 1 27.44 
4 23 50000 1 1 194.35 
5 9 20000 2.5 1 245.26 
8 9 10000 5 1 246.93 
9 12 10000 5 1 180.94 
9 13 50000 1 1 0.67 
9 18 5000 10 1 281.82 
9 21 50000 1 1 178.35 
10 11 10000 5 1 3.33 
10 12 10000 5 1 3.33 
11 12 20000 2.5 1 1.67 
11 22 20000 2.5 1 29.48 
12 19 5000 10 1 203.89 
12 21 50000 1 1 58.1 
12 23 50000 1 1 18.21 
13 16 10000 5 1 799.79 
13 17 10000 5 1 663.52 
14 20 50000 1 1 58.73 
14 23 5000 10 1 49.31 
15 23 50000 1 1 75.33 
19 20 20000 2.5 1 101.43 
20 21 20000 2.5 1 66.22 
20 23 20000 2.5 1 95.28 
1 0 50000 1 1 18.91 
2 0 20000 2.5 1 19.57 
3 0 50000 1 1 22.21 
12 0 50000 1 1 294.56 
3 1 10000 5 1 27.33 
6 1 5000 10 1 21.97 
7 1 50000 1 1 60.08 
12 2 5000 10 1 285.93 
23 2 10000 5 1 299.97 
23 3 5000 10 1 316.77 
5 4 5000 10 1 7.57 
8 4 20000 2.5 1 2.57 
9 4 5000 10 1 250.58 
13 4 50000 1 1 244.58 
19 4 20000 2.5 1 27.44 
23 4 50000 1 1 194.35 
9 5 20000 2.5 1 245.26 
9 8 10000 5 1 246.93 
12 9 10000 5 1 180.94 
13 9 50000 1 1 0.67 
18 9 5000 10 1 281.82 
21 9 50000 1 1 178.35 
11 10 10000 5 1 3.33 
12 10 10000 5 1 3.33 
12 11 20000 2.5 1 1.67 
22 11 20000 2.5 1 29.48 
19 12 5000 10 1 203.89 
21 12 50000 1 1 58.1 
23 12 50000 1 1 18.21 
16 13 10000 5 1 799.79 
17 13 10000 5 1 663.52 
20 14 50000 1 1 58.73 
23 14 5000 10 1 49.31 
23 15 50000 1 1 75.33 
20 19 20000 2.5 1 101.43 
21 20 20000 2.5 1 66.22 
23 20 20000 2.5 1 95.28 
0 14 1000 385.7 
3 19 1000 226.47 
4 9 1000 613.51 
14 12 1000 258.31 
12 21 100 174.6 
1 19 50 65.05 
2 5 100 203.16 
5 0 500 220.33 
10 13 500 46.48 
14 0 500 385.7 
4 13 1000 613.51 
0 20 500 417.79 
20 11 500 361.29 
21 3 100 258.74 
11 19 1000 398.33 
8 10 50 351.85 
23 3 1000 353.54 
2 0 500 405.69 
11 8 100 348.53 
13 5 50 554.93 
5 10 1000 350.92 
23 4 100 374.81 
13 14 500 201.34 
5 21 100 353.02 
11 20 50 361.29 
14 2 500 387.05 
0 5 1000 220.33 
14 20 1000 354.84 
13 3 500 207.65 
2 8 500 204.24 
0 19 500 233.53 
20 3 1000 323.29 
20 14 100 354.84 
10 5 500 350.92 
20 8 50 241.69 
19 10 500 398.33 
8 12 500 316.61 
5 14 50 173.1 
3 1 100 267.83 
4 10 100 352.44 
2 21 100 379.27 
2 11 50 395.15 
3 4 1000 188.08 
19 20 50 391.26 
3 9 50 207.65 
23 21 500 95.82 
19 13 1000 440.81 
9 19 1000 449.73 
19 12 1000 371.05 
2 4 1000 204.24 
3 2 500 342.15 
9 5 1000 613.51 
10 8 50 351.85 
23 5 1000 273.17 
0 9 100 158.64 
23 9 500 261.76 
4 11 100 350.78 
1 14 50 247.69 
1 11 1000 396.84 
1 23 50 344.58 
8 3 1000 184.35 
0 11 50 395.15 
9 20 1000 332.96 
14 8 50 168.68 
11 5 50 348.19 
5 3 100 184.35 
10 3 50 414.02 
14 19 100 216.14 
19 11 1000 398.33 
4 20 50 296.12 
1 10 1000 400.16 
4 12 100 419.49 
12 19 100 371.05 
2 3 50 342.15 
12 2 500 360.89 
13 2 100 136.38 
20 21 100 223.7 
21 14 500 219.94 
5 12 50 309.94 
9 23 1000 261.76 
20 13 1000 332.96 
23 20 500 354.84 
1 9 50 203.05 
2 19 500 249.41 
12 0 1000 387.27 
20 12 50 193.21 
9 0 50 158.64 
12 9 500 366.95 
21 0 50 387.94 
21 12 100 174.6 
8 20 100 241.69 
21 23 50 95.82 
3 12 100 405.76 
23 13 50 253.25 
23 0 500 267.83 
0 4 50 221.41 
14 10 1000 305.8 
12 8 50 316.61 
4 14 100 167.79 
21 4 1000 457.11 
0 3 50 267.83 
23 14 50 354.84 
21 2 500 379.27 
2 23 100 275.45 
20 23 100 354.84 
10 2 50 395.15 
8 2 1000 204.24 
21 10 50 290.97 
13 10 500 46.48 
12 20 100 193.21 
19 21 500 393.26 
19 1 50 65.05 
19 8 50 117.24 
20 9 500 332.96 
21 19 50 393.26 
9 10 100 45.14 
9 2 50 136.38 
1 8 100 77.88 
10 20 500 364.61 
2 12 50 360.89 
2 13 50 136.38 
8 9 500 613.51 
8 11 50 348.53 
14 3 100 270.92 
13 11 50 44.24 
5 9 100 613.51 
8 13 1000 554.93 
3 11 100 412.57 
0 10 100 395.15 
1 21 100 233.9 
3 0 50 267.83 
0 21 100 387.94 
1 5 100 77.88 
10 0 1000 395.15 
13 20 500 332.96 
5 1 500 77.88 
20 5 50 241.69 
20 4 100 296.12 
3 5 100 184.35 
13 12 100 252.36 
21 20 500 223.7 
13 23 500 253.25 
4 2 1000 204.24 
11 1 500 396.84 
9 4 100 613.51 
4 23 100 374.81 
12 13 500 252.36 
23 2 1000 275.45 
5 2 100 203.16 
13 0 1000 158.64 
9 3 50 207.65 
10 14 50 305.8 
11 21 1000 289.43 
12 23 1000 162.83 
0 8 100 221.41 
12 1 500 338.93 
1 3 50 267.83 
9 1 500 203.05 
4 3 100 188.08 
1 13 100 202.96 
4 0 100 221.41 
23 1 50 344.58 
13 1 500 202.96 
21 1 100 233.9 
0 13 500 158.64 
14 4 50 167.79 
2 9 50 136.38 
13 8 500 554.93 
14 9 50 202.68 
5 13 500 554.93 
19 2 50 249.41 
8 5 1000 368.95 
14 21 100 219.94 
19 14 50 216.14 
2 10 50 395.15 
3 14 50 270.92 
1 12 50 338.93 
13 4 1000 613.51 
19 23 500 334.48 
19 9 500 449.73 
2 20 50 415.36 
10 4 100 352.44 
14 11 100 305.06 
5 8 500 368.95 
0 23 100 267.83 
5 23 100 273.17 
0 1 500 267.83 
10 21 500 290.97 
0 12 100 387.27 
9 8 100 613.51 
10 23 500 242.31 
1 0 500 267.83 
11 4 1000 350.78 
11 23 100 239.57 
3 23 100 353.54 
3 10 100 414.02 
23 8 50 279.87 
4 21 500 457.11 
5 20 100 241.69 
3 8 100 184.35 
3 21 50 258.74 
21 11 50 289.43 
20 10 1000 364.61 
5 11 50 348.19 
10 19 50 398.33 
11 13 100 44.24 
23 19 1000 334.48 
12 4 1000 419.49 
21 8 50 360.77 
8 21 100 360.77 
1 4 50 77.88 
13 19 50 440.81 
8 23 50 279.87 
3 13 1000 207.65 
3 20 500 323.29 
