24 74 71 
0 1 50000 1 0 18.91 
0 2 20000 2.5 0 19.57 
0 3 50000 1 0 22.21 
0 12 50000 1 0 294.56 
1 3 10000 5 0 27.33 
1 6 5000 10 0 21.97 
1 7 50000 1 0 60.08 
2 12 5000 10 0 285.93 
2 23 10000 5 0 299.97 
3 23 5000 10 0 316.77 
4 5 5000 10 0 7.57 
4 8 20000 2.5 0 2.57 
4 9 5000 10 0 250.58 
4 13 50000 1 0 244.58 
4 19 20000 2.5 0 27.44 
4 23 50000 1 0 194.35 
5 9 20000 2.5 0 245.26 
8 9 10000 5 0 246.93 
9 12 10000 5 0 180.94 
9 13 50000 1 0 0.67 
9 18 5000 10 0 281.82 
9 21 50000 1 0 178.35 
10 11 10000 5 0 3.33 
10 12 10000 5 0 3.33 
11 12 20000 2.5 0 1.67 
11 22 20000 2.5 0 29.48 
12 19 5000 10 0 203.89 
12 21 50000 1 0 58.1 
12 23 50000 1 0 18.21 
13 16 10000 5 0 799.79 
13 17 10000 5 0 663.52 
14 20 50000 1 0 58.73 
14 23 5000 10 0 49.31 
15 23 50000 1 0 75.33 
19 20 20000 2.5 0 101.43 
20 21 20000 2.5 0 66.22 
20 23 20000 2.5 0 95.28 
1 0 50000 1 0 18.91 
2 0 20000 2.5 0 19.57 
3 0 50000 1 0 22.21 
12 0 50000 1 0 294.56 
3 1 10000 5 0 27.33 
6 1 5000 10 0 21.97 
7 1 50000 1 0 60.08 
12 2 5000 10 0 285.93 
23 2 10000 5 0 299.97 
23 3 5000 10 0 316.77 
5 4 5000 10 0 7.57 
8 4 20000 2.5 0 2.57 
9 4 5000 10 0 250.58 
13 4 50000 1 0 244.58 
19 4 20000 2.5 0 27.44 
23 4 50000 1 0 194.35 
9 5 20000 2.5 0 245.26 
9 8 10000 5 0 246.93 
12 9 10000 5 0 180.94 
13 9 50000 1 0 0.67 
18 9 5000 10 0 281.82 
21 9 50000 1 0 178.35 
11 10 10000 5 0 3.33 
12 10 10000 5 0 3.33 
12 11 20000 2.5 0 1.67 
22 11 20000 2.5 0 29.48 
19 12 5000 10 0 203.89 
21 12 50000 1 0 58.1 
23 12 50000 1 0 18.21 
16 13 10000 5 0 799.79 
17 13 10000 5 0 663.52 
20 14 50000 1 0 58.73 
23 14 5000 10 0 49.31 
23 15 50000 1 0 75.33 
20 19 20000 2.5 0 101.43 
21 20 20000 2.5 0 66.22 
23 20 20000 2.5 0 95.28 
0 14 1000 281 
3 19 1000 38.17 
4 9 1000 572.77 
14 12 1000 207.05 
12 21 100 134.63 
1 19 50 32 
2 5 100 170.91 
5 0 500 173.41 
10 13 500 36.47 
14 0 500 281 
4 13 1000 572.77 
0 20 500 359.71 
20 11 500 273.39 
21 3 100 214.55 
11 19 1000 276.72 
8 10 50 234.16 
23 3 1000 239.21 
2 0 500 325.22 
11 8 100 234.16 
13 5 50 457.81 
5 10 1000 231.91 
23 4 100 210.82 
13 14 500 142.92 
5 21 100 200.39 
11 20 50 273.39 
14 2 500 267.66 
0 5 1000 173.41 
14 20 1000 179.26 
13 3 500 158.64 
2 8 500 171.99 
0 19 500 215.53 
20 3 1000 211.32 
20 14 100 179.26 
10 5 500 231.91 
20 8 50 112.8 
19 10 500 276.72 
8 12 500 283.62 
5 14 50 127.34 
3 1 100 238.46 
4 10 100 234.16 
2 21 100 277.59 
2 11 50 346.72 
3 4 1000 43.56 
19 20 50 117.05 
3 9 50 158.64 
23 21 500 60.52 
19 13 1000 245.01 
9 19 1000 245.01 
19 12 1000 348.73 
2 4 1000 171.99 
3 2 500 241.98 
9 5 1000 572.77 
10 8 50 234.16 
23 5 1000 207.62 
0 9 100 145.64 
23 9 500 147.12 
4 11 100 234.16 
1 14 50 196 
1 11 1000 233.59 
1 23 50 236.71 
8 3 1000 43.56 
0 11 50 364 
9 20 1000 215.95 
14 8 50 121.75 
11 5 50 231.91 
5 3 100 43.56 
10 3 50 378.39 
14 19 100 169.21 
19 11 1000 276.72 
4 20 50 117.05 
1 10 1000 233.59 
