24 74 71 
0 1 50000 1 1 18.91 
0 2 20000 2.5 1 19.57 
0 3 50000 1 1 22.21 
0 12 50000 1 1 294.56 
1 3 10000 5 1 27.33 
1 6 5000 10 1 21.97 
1 7 50000 1 1 60.08 
2 12 5000 10 1 285.93 
2 23 10000 5 1 299.97 
3 23 5000 10 1 316.77 
4 5 5000 10 1 7.57 
4 8 20000 2.5 1 2.57 
4 9 5000 10 1 250.58 
4 13 50000 1 1 244.58 
4 19 20000 2.5 1 27.44 
4 23 50000 1 1 194.35 
5 9 20000 2.5 1 245.26 
8 9 10000 5 1 246.93 
9 12 10000 5 1 180.94 
9 13 50000 1 1 0.67 
9 18 5000 10 1 281.82 
9 21 50000 1 1 178.35 
10 11 10000 5 1 3.33 
10 12 10000 5 1 3.33 
11 12 20000 2.5 1 1.67 
11 22 20000 2.5 1 29.48 
12 19 5000 10 1 203.89 
12 21 50000 1 1 58.1 
12 23 50000 1 1 18.21 
13 16 10000 5 1 799.79 
13 17 10000 5 1 663.52 
14 20 50000 1 1 58.73 
14 23 5000 10 1 49.31 
15 23 50000 1 1 75.33 
19 20 20000 2.5 1 101.43 
20 21 20000 2.5 1 66.22 
20 23 20000 2.5 1 95.28 
1 0 50000 1 1 18.91 
2 0 20000 2.5 1 19.57 
3 0 50000 1 1 22.21 
12 0 50000 1 1 294.56 
3 1 10000 5 1 27.33 
6 1 5000 10 1 21.97 
7 1 50000 1 1 60.08 
12 2 5000 10 1 285.93 
23 2 10000 5 1 299.97 
23 3 5000 10 1 316.77 
5 4 5000 10 1 7.57 
8 4 20000 2.5 1 2.57 
9 4 5000 10 1 250.58 
13 4 50000 1 1 244.58 
19 4 20000 2.5 1 27.44 
23 4 50000 1 1 194.35 
9 5 20000 2.5 1 245.26 
9 8 10000 5 1 246.93 
12 9 10000 5 1 180.94 
13 9 50000 1 1 0.67 
18 9 5000 10 1 281.82 
21 9 50000 1 1 178.35 
11 10 10000 5 1 3.33 
12 10 10000 5 1 3.33 
12 11 20000 2.5 1 1.67 
22 11 20000 2.5 1 29.48 
19 12 5000 10 1 203.89 
21 12 50000 1 1 58.1 
23 12 50000 1 1 18.21 
16 13 10000 5 1 799.79 
17 13 10000 5 1 663.52 
20 14 50000 1 1 58.73 
23 14 5000 10 1 49.31 
23 15 50000 1 1 75.33 
20 19 20000 2.5 1 101.43 
21 20 20000 2.5 1 66.22 
23 20 20000 2.5 1 95.28 
0 14 1000 206.17 
3 19 1000 19.86 
4 9 1000 171.59 
14 12 1000 173 
12 21 100 36.98 
1 19 50 16.42 
2 5 100 61.27 
5 0 500 40.66 
10 13 500 23.77 
14 0 500 206.17 
4 13 1000 171.59 
0 20 500 196.05 
20 11 500 213.97 
21 3 100 43.56 
11 19 1000 217.88 
8 10 50 176.4 
23 3 1000 192.27 
2 0 500 205.03 
11 8 100 173.66 
13 5 50 171.59 
5 10 1000 174.73 
23 4 100 140.7 
13 14 500 88.11 
5 21 100 167.02 
11 20 50 213.97 
14 2 500 184.74 
0 5 1000 40.66 
14 20 1000 131.62 
13 3 500 116.16 
2 8 500 61.27 
0 19 500 30.32 
20 3 1000 30.32 
20 14 100 131.62 
10 5 500 174.73 
20 8 50 57.29 
19 10 500 218.96 
8 12 500 176.19 
5 14 50 67.32 
3 1 100 132.95 
4 10 100 176.4 
2 21 100 191.83 
2 11 50 201.39 
3 4 1000 21.77 
19 20 50 61.54 
3 9 50 116.16 
23 21 500 34.05 
19 13 1000 214.03 
9 19 1000 214.15 
19 12 1000 179.37 
2 4 1000 61.27 
3 2 500 195.04 
9 5 1000 171.59 
10 8 50 176.4 
23 5 1000 139.37 
0 9 100 97.95 
23 9 500 51.86 
4 11 100 175.32 
1 14 50 45.63 
1 11 1000 207.04 
1 23 50 193.76 
8 3 1000 21.77 
0 11 50 201.39 
9 20 1000 171.27 
14 8 50 61.73 
11 5 50 171.59 
5 3 100 21.77 
10 3 50 209.61 
14 19 100 109.19 
19 11 1000 217.88 
4 20 50 60.69 
1 10 1000 207.04 
