24 74 215 
0 1 50000 1 1 18.91 
0 2 20000 2.5 1 19.57 
0 3 50000 1 1 22.21 
0 12 50000 1 1 294.56 
1 3 10000 5 1 27.33 
1 6 5000 10 1 21.97 
1 7 50000 1 1 60.08 
2 12 5000 10 1 285.93 
2 23 10000 5 1 299.97 
3 23 5000 10 1 316.77 
4 5 5000 10 1 7.57 
4 8 20000 2.5 1 2.57 
4 9 5000 10 1 250.58 
4 13 50000 1 1 244.58 
4 19 20000 2.5 1 27.44 
4 23 50000 1 1 194.35 
5 9 20000 2.5 1 245.26 
8 9 10000 5 1 246.93 
9 12 10000 5 1 180.94 
9 13 50000 1 1 0.67 
9 18 5000 10 1 281.82 
9 21 50000 1 1 178.35 
10 11 10000 5 1 3.33 
10 12 10000 5 1 3.33 
11 12 20000 2.5 1 1.67 
11 22 20000 2.5 1 29.48 
12 19 5000 10 1 203.89 
12 21 50000 1 1 58.1 
12 23 50000 1 1 18.21 
13 16 10000 5 1 799.79 
13 17 10000 5 1 663.52 
14 20 50000 1 1 58.73 
14 23 5000 10 1 49.31 
15 23 50000 1 1 75.33 
19 20 20000 2.5 1 101.43 
20 21 20000 2.5 1 66.22 
20 23 20000 2.5 1 95.28 
1 0 50000 1 1 18.91 
2 0 20000 2.5 1 19.57 
3 0 50000 1 1 22.21 
12 0 50000 1 1 294.56 
3 1 10000 5 1 27.33 
6 1 5000 10 1 21.97 
7 1 50000 1 1 60.08 
12 2 5000 10 1 285.93 
23 2 10000 5 1 299.97 
23 3 5000 10 1 316.77 
5 4 5000 10 1 7.57 
8 4 20000 2.5 1 2.57 
9 4 5000 10 1 250.58 
13 4 50000 1 1 244.58 
19 4 20000 2.5 1 27.44 
23 4 50000 1 1 194.35 
9 5 20000 2.5 1 245.26 
9 8 10000 5 1 246.93 
12 9 10000 5 1 180.94 
13 9 50000 1 1 0.67 
18 9 5000 10 1 281.82 
21 9 50000 1 1 178.35 
11 10 10000 5 1 3.33 
12 10 10000 5 1 3.33 
12 11 20000 2.5 1 1.67 
22 11 20000 2.5 1 29.48 
19 12 5000 10 1 203.89 
21 12 50000 1 1 58.1 
23 12 50000 1 1 18.21 
16 13 10000 5 1 799.79 
17 13 10000 5 1 663.52 
20 14 50000 1 1 58.73 
23 14 5000 10 1 49.31 
23 15 50000 1 1 75.33 
20 19 20000 2.5 1 101.43 
21 20 20000 2.5 1 66.22 
23 20 20000 2.5 1 95.28 
0 14 1000 281 
3 19 1000 38.17 
4 9 1000 572.77 
14 12 1000 207.05 
12 21 100 134.63 
1 19 50 32 
2 5 100 170.91 
5 0 500 173.41 
10 13 500 36.47 
14 0 500 281 
4 13 1000 572.77 
0 20 500 359.71 
20 11 500 273.39 
21 3 100 214.55 
11 19 1000 276.72 
8 10 50 234.16 
23 3 1000 239.21 
2 0 500 325.22 
11 8 100 234.16 
13 5 50 457.81 
5 10 1000 231.91 
23 4 100 210.82 
13 14 500 142.92 
5 21 100 200.39 
11 20 50 273.39 
14 2 500 267.66 
0 5 1000 173.41 
14 20 1000 179.26 
13 3 500 158.64 
2 8 500 171.99 
0 19 500 215.53 
20 3 1000 211.32 
20 14 100 179.26 
10 5 500 231.91 
20 8 50 112.8 
19 10 500 276.72 
8 12 500 283.62 
5 14 50 127.34 
3 1 100 238.46 
4 10 100 234.16 
2 21 100 277.59 
2 11 50 346.72 
3 4 1000 43.56 
19 20 50 117.05 
3 9 50 158.64 
23 21 500 60.52 
19 13 1000 245.01 
9 19 1000 245.01 
19 12 1000 348.73 
2 4 1000 171.99 
3 2 500 241.98 
9 5 1000 572.77 
10 8 50 234.16 
23 5 1000 207.62 
0 9 100 145.64 
23 9 500 147.12 
4 11 100 234.16 
1 14 50 196 
1 11 1000 233.59 
1 23 50 236.71 
8 3 1000 43.56 
0 11 50 364 
9 20 1000 215.95 
14 8 50 121.75 
11 5 50 231.91 
5 3 100 43.56 
10 3 50 378.39 
14 19 100 169.21 
19 11 1000 276.72 
4 20 50 117.05 
1 10 1000 233.59 
4 12 100 363.62 
12 19 100 348.73 
2 3 50 241.98 
12 2 500 318.33 
13 2 100 114.08 
20 21 100 209.68 
21 14 500 188.37 
5 12 50 283.83 
9 23 1000 147.12 
20 13 1000 215.95 
23 20 500 179.26 
1 9 50 146.69 
2 19 500 214.15 
12 0 1000 342.27 
20 12 50 166.09 
9 0 50 145.64 
12 9 500 185.95 
21 0 50 258.96 
21 12 100 134.63 
8 20 100 112.8 
21 23 50 60.52 
3 12 100 325.22 
23 13 50 147.12 
23 0 500 238.46 
0 4 50 177.14 
14 10 1000 255.07 
12 8 50 283.62 
4 14 100 120.86 
21 4 1000 202.44 
0 3 50 238.46 
23 14 50 179.26 
21 2 500 277.59 
2 23 100 253.47 
20 23 100 179.26 
10 2 50 346.72 
8 2 1000 171.99 
21 10 50 269.95 
13 10 500 36.47 
12 20 100 166.09 
19 21 500 363.62 
19 1 50 32 
19 8 50 70.2 
20 9 500 215.95 
21 19 50 363.62 
9 10 100 35.13 
9 2 50 114.08 
1 8 100 34.8 
10 20 500 274.47 
2 12 50 318.33 
2 13 50 114.08 
8 9 500 572.77 
8 11 50 234.16 
14 3 100 209.09 
13 11 50 35.39 
5 9 100 572.77 
8 13 1000 464.48 
3 11 100 378.39 
0 10 100 364 
1 21 100 214.38 
3 0 50 238.46 
0 21 100 258.96 
1 5 100 34.8 
10 0 1000 364 
13 20 500 215.95 
5 1 500 34.8 
20 5 50 113.88 
20 4 100 117.05 
3 5 100 43.56 
13 12 100 185.95 
21 20 500 209.68 
13 23 500 147.12 
4 2 1000 171.99 
11 1 500 233.59 
9 4 100 572.77 
4 23 100 210.82 
12 13 500 185.95 
23 2 1000 253.47 
5 2 100 170.91 
13 0 1000 144.3 
9 3 50 158.64 
10 14 50 255.07 
11 21 1000 268.87 
12 23 1000 95.48 
0 8 100 173.41 
12 1 500 231.06 
1 3 50 238.46 
9 1 500 146.69 
4 3 100 43.56 
1 13 100 146.69 
4 0 100 177.14 
23 1 50 236.71 
13 1 500 146.69 
21 1 100 214.38 
0 13 500 144.3 
14 4 50 120.86 
2 9 50 114.08 
13 8 500 464.48 
14 9 50 142.92 
5 13 500 457.81 
19 2 50 214.15 
8 5 1000 153.46 
14 21 100 188.37 
19 14 50 169.21 
2 10 50 346.72 
3 14 50 209.09 
1 12 50 231.06 
13 4 1000 572.77 
19 23 500 213.07 
19 9 500 245.01 
2 20 50 353.06 
10 4 100 234.16 
14 11 100 253.99 
5 8 500 153.46 
0 23 100 238.46 
5 23 100 207.62 
0 1 500 238.46 
10 21 500 269.95 
0 12 100 342.27 
9 8 100 572.77 
10 23 500 214.76 
1 0 500 238.46 
11 4 1000 234.16 
11 23 100 214.76 
3 23 100 239.21 
3 10 100 378.39 
23 8 50 206.57 
4 21 500 202.44 
5 20 100 113.88 
3 8 100 43.56 
3 21 50 214.55 
21 11 50 268.87 
20 10 1000 274.47 
5 11 50 231.91 
10 19 50 276.72 
11 13 100 35.39 
23 19 1000 213.07 
12 4 1000 363.62 
21 8 50 202.64 
8 21 100 202.64 
1 4 50 34.8 
13 19 50 245.01 
8 23 50 206.57 
3 13 1000 158.64 
3 20 500 211.32 
