24 74 71 
0 1 50000 1 1 18.91 
0 2 20000 2.5 1 19.57 
0 3 50000 1 1 22.21 
0 12 50000 1 1 294.56 
1 3 10000 5 1 27.33 
1 6 5000 10 1 21.97 
1 7 50000 1 1 60.08 
2 12 5000 10 1 285.93 
2 23 10000 5 1 299.97 
3 23 5000 10 1 316.77 
4 5 5000 10 1 7.57 
4 8 20000 2.5 1 2.57 
4 9 5000 10 1 250.58 
4 13 50000 1 1 244.58 
4 19 20000 2.5 1 27.44 
4 23 50000 1 1 194.35 
5 9 20000 2.5 1 245.26 
8 9 10000 5 1 246.93 
9 12 10000 5 1 180.94 
9 13 50000 1 1 0.67 
9 18 5000 10 1 281.82 
9 21 50000 1 1 178.35 
10 11 10000 5 1 3.33 
10 12 10000 5 1 3.33 
11 12 20000 2.5 1 1.67 
11 22 20000 2.5 1 29.48 
12 19 5000 10 1 203.89 
12 21 50000 1 1 58.1 
12 23 50000 1 1 18.21 
13 16 10000 5 1 799.79 
13 17 10000 5 1 663.52 
14 20 50000 1 1 58.73 
14 23 5000 10 1 49.31 
15 23 50000 1 1 75.33 
19 20 20000 2.5 1 101.43 
20 21 20000 2.5 1 66.22 
20 23 20000 2.5 1 95.28 
1 0 50000 1 1 18.91 
2 0 20000 2.5 1 19.57 
3 0 50000 1 1 22.21 
12 0 50000 1 1 294.56 
3 1 10000 5 1 27.33 
6 1 5000 10 1 21.97 
7 1 50000 1 1 60.08 
12 2 5000 10 1 285.93 
23 2 10000 5 1 299.97 
23 3 5000 10 1 316.77 
5 4 5000 10 1 7.57 
8 4 20000 2.5 1 2.57 
9 4 5000 10 1 250.58 
13 4 50000 1 1 244.58 
19 4 20000 2.5 1 27.44 
23 4 50000 1 1 194.35 
9 5 20000 2.5 1 245.26 
9 8 10000 5 1 246.93 
12 9 10000 5 1 180.94 
13 9 50000 1 1 0.67 
18 9 5000 10 1 281.82 
21 9 50000 1 1 178.35 
11 10 10000 5 1 3.33 
12 10 10000 5 1 3.33 
12 11 20000 2.5 1 1.67 
22 11 20000 2.5 1 29.48 
19 12 5000 10 1 203.89 
21 12 50000 1 1 58.1 
23 12 50000 1 1 18.21 
16 13 10000 5 1 799.79 
17 13 10000 5 1 663.52 
20 14 50000 1 1 58.73 
23 14 5000 10 1 49.31 
23 15 50000 1 1 75.33 
20 19 20000 2.5 1 101.43 
21 20 20000 2.5 1 66.22 
23 20 20000 2.5 1 95.28 
0 14 1000 385.7 
3 19 1000 226.47 
4 9 1000 613.51 
14 12 1000 258.31 
12 21 100 174.6 
1 19 50 65.05 
2 5 100 203.16 
5 0 500 220.33 
10 13 500 46.48 
14 0 500 385.7 
4 13 1000 613.51 
0 20 500 417.79 
20 11 500 361.29 
21 3 100 258.74 
11 19 1000 398.33 
8 10 50 351.85 
23 3 1000 353.54 
2 0 500 405.69 
11 8 100 348.53 
13 5 50 554.93 
5 10 1000 350.92 
23 4 100 374.81 
13 14 500 201.34 
5 21 100 353.02 
11 20 50 361.29 
14 2 500 387.05 
0 5 1000 220.33 
14 20 1000 354.84 
13 3 500 207.65 
2 8 500 204.24 
0 19 500 233.53 
20 3 1000 323.29 
20 14 100 354.84 
10 5 500 350.92 
20 8 50 241.69 
19 10 500 398.33 
8 12 500 316.61 
5 14 50 173.1 
3 1 100 267.83 
4 10 100 352.44 
2 21 100 379.27 
2 11 50 395.15 
3 4 1000 188.08 
19 20 50 391.26 
3 9 50 207.65 
23 21 500 95.82 
19 13 1000 440.81 
9 19 1000 449.73 
19 12 1000 371.05 
2 4 1000 204.24 
3 2 500 342.15 
9 5 1000 613.51 
10 8 50 351.85 
23 5 1000 273.17 
0 9 100 158.64 
23 9 500 261.76 
4 11 100 350.78 
1 14 50 247.69 
1 11 1000 396.84 
1 23 50 344.58 
8 3 1000 184.35 
0 11 50 395.15 
9 20 1000 332.96 
14 8 50 168.68 
11 5 50 348.19 
5 3 100 184.35 
10 3 50 414.02 
14 19 100 216.14 
19 11 1000 398.33 
4 20 50 296.12 
1 10 1000 400.16 
