18 48 105 
0 3 50000 1 0 51.8 
0 7 20000 2.5 0 72.57 
1 17 5000 10 0 64.81 
1 5 20000 2.5 0 19.91 
1 6 5000 10 0 8.72 
2 9 50000 1 0 37.29 
2 3 20000 2.5 0 16.23 
2 4 10000 5 0 16.5 
4 8 50000 1 0 24.95 
4 5 10000 5 0 29.28 
4 6 5000 10 0 45.08 
5 15 50000 1 0 44.36 
6 16 10000 5 0 84.02 
6 7 10000 5 0 9.82 
8 12 20000 2.5 0 140.41 
9 17 50000 1 0 21.58 
10 11 50000 1 0 44.35 
11 17 20000 2.5 0 151.19 
11 12 10000 5 0 31.29 
12 13 5000 10 0 35.44 
13 14 5000 10 0 77.94 
14 17 10000 5 0 67.89 
14 15 50000 1 0 58.73 
15 16 5000 10 0 40.12 
3 0 50000 1 0 51.8 
7 0 20000 2.5 0 72.57 
17 1 5000 10 0 64.81 
5 1 20000 2.5 0 19.91 
6 1 5000 10 0 8.72 
9 2 50000 1 0 37.29 
3 2 20000 2.5 0 16.23 
4 2 10000 5 0 16.5 
8 4 50000 1 0 24.95 
5 4 10000 5 0 29.28 
6 4 5000 10 0 45.08 
15 5 50000 1 0 44.36 
16 6 10000 5 0 84.02 
7 6 10000 5 0 9.82 
12 8 20000 2.5 0 140.41 
17 9 50000 1 0 21.58 
11 10 50000 1 0 44.35 
17 11 20000 2.5 0 151.19 
12 11 10000 5 0 31.29 
13 12 5000 10 0 35.44 
14 13 5000 10 0 77.94 
17 14 10000 5 0 67.89 
15 14 50000 1 0 58.73 
16 15 5000 10 0 40.12 
4 16 50 305.04 
13 4 100 188.2 
7 13 1000 158.35 
3 9 100 252.5 
9 11 500 125.56 
1 16 1000 245.84 
8 7 500 161.82 
16 3 1000 245.09 
16 12 50 95.63 
3 1 100 206.32 
8 5 100 199.23 
7 15 1000 248.32 
3 12 1000 105.32 
8 14 1000 251.47 
15 11 100 130.34 
2 14 500 247.24 
9 1 100 256.57 
5 9 1000 272.45 
9 14 1000 216.96 
1 8 100 171.13 
15 9 100 235.09 
8 15 500 221.36 
14 2 50 247.24 
2 15 50 275.85 
16 2 500 241.09 
11 14 500 141.76 
14 16 1000 211.71 
1 13 1000 136.42 
15 2 50 275.85 
15 14 500 202.17 
3 5 50 237.92 
5 3 1000 237.92 
16 0 50 291.19 
14 1 50 205.86 
13 9 100 138.17 
0 12 500 91.26 
14 15 100 202.17 
9 5 50 272.45 
11 9 1000 125.56 
16 7 500 238.34 
3 15 500 249.39 
15 0 100 275.19 
13 6 50 170.13 
15 7 100 248.32 
12 9 1000 132.51 
13 7 500 158.35 
16 5 100 244.63 
16 14 50 211.71 
13 1 50 136.42 
12 7 100 129.91 
9 0 500 222.38 
8 3 500 155.94 
13 5 50 167.82 
11 3 50 108.11 
11 4 50 159.41 
9 7 500 225.51 
12 5 50 142.27 
6 13 50 170.13 
16 8 500 212.83 
5 7 500 239.3 
9 16 100 241.44 
7 8 50 161.82 
1 14 50 205.86 
4 13 50 188.2 
13 8 500 188.2 
11 6 500 144.09 
2 12 500 152.54 
16 17 100 227.97 
15 12 500 117.35 
13 11 500 145.27 
6 11 100 144.09 
12 16 50 95.63 
11 5 500 174.04 
0 14 500 223.36 
14 0 100 223.36 
12 15 1000 117.35 
15 3 1000 249.39 
9 13 50 138.17 
7 12 50 129.91 
7 5 1000 239.3 
7 9 1000 225.51 
9 3 500 252.5 
9 8 50 189.4 
3 16 50 245.09 
1 11 50 159.39 
14 8 500 251.47 
14 3 50 192.23 
5 11 50 174.04 
3 11 100 108.11 
2 11 50 108.41 
15 13 50 128.34 
3 14 50 192.23 
12 2 50 152.54 
8 9 100 189.4 
4 11 500 159.41 
11 8 50 159.41 
6 8 50 199.54 
8 1 50 171.13 
12 1 50 177.79 
0 13 100 116.19 
8 13 50 188.2 
9 12 1000 132.51 
0 1 100 222.1 
8 11 100 159.41 
11 2 50 108.41 
