18 48 35 
0 3 50000 1 0 51.8 
0 7 20000 2.5 0 72.57 
1 17 5000 10 0 64.81 
1 5 20000 2.5 0 19.91 
1 6 5000 10 0 8.72 
2 9 50000 1 0 37.29 
2 3 20000 2.5 0 16.23 
2 4 10000 5 0 16.5 
4 8 50000 1 0 24.95 
4 5 10000 5 0 29.28 
4 6 5000 10 0 45.08 
5 15 50000 1 0 44.36 
6 16 10000 5 0 84.02 
6 7 10000 5 0 9.82 
8 12 20000 2.5 0 140.41 
9 17 50000 1 0 21.58 
10 11 50000 1 0 44.35 
11 17 20000 2.5 0 151.19 
11 12 10000 5 0 31.29 
12 13 5000 10 0 35.44 
13 14 5000 10 0 77.94 
14 17 10000 5 0 67.89 
14 15 50000 1 0 58.73 
15 16 5000 10 0 40.12 
3 0 50000 1 0 51.8 
7 0 20000 2.5 0 72.57 
17 1 5000 10 0 64.81 
5 1 20000 2.5 0 19.91 
6 1 5000 10 0 8.72 
9 2 50000 1 0 37.29 
3 2 20000 2.5 0 16.23 
4 2 10000 5 0 16.5 
8 4 50000 1 0 24.95 
5 4 10000 5 0 29.28 
6 4 5000 10 0 45.08 
15 5 50000 1 0 44.36 
16 6 10000 5 0 84.02 
7 6 10000 5 0 9.82 
12 8 20000 2.5 0 140.41 
17 9 50000 1 0 21.58 
11 10 50000 1 0 44.35 
17 11 20000 2.5 0 151.19 
12 11 10000 5 0 31.29 
13 12 5000 10 0 35.44 
14 13 5000 10 0 77.94 
17 14 10000 5 0 67.89 
15 14 50000 1 0 58.73 
16 15 5000 10 0 40.12 
4 16 50 440.8 
13 4 100 350.26 
7 13 1000 204.15 
3 9 100 341.78 
9 11 500 163.25 
1 16 1000 371.92 
8 7 500 223.82 
16 3 1000 271.84 
16 12 50 161.37 
3 1 100 320.6 
8 5 100 250.26 
7 15 1000 356.39 
3 12 1000 167.67 
8 14 1000 372.12 
15 11 100 215.17 
2 14 500 335.1 
9 1 100 347.25 
5 9 1000 347.05 
9 14 1000 326.39 
1 8 100 262.12 
15 9 100 305.09 
8 15 500 322 
14 2 50 335.1 
2 15 50 388.31 
16 2 500 279.23 
11 14 500 294.96 
14 16 1000 272.47 
1 13 1000 206.49 
15 2 50 388.31 
15 14 500 311.08 
3 5 50 309.02 
5 3 1000 309.02 
16 0 50 306.53 
14 1 50 341.21 
13 9 100 222.32 
