18 48 35 
0 3 50000 1 1 51.8 
0 7 20000 2.5 1 72.57 
1 17 5000 10 1 64.81 
1 5 20000 2.5 1 19.91 
1 6 5000 10 1 8.72 
2 9 50000 1 1 37.29 
2 3 20000 2.5 1 16.23 
2 4 10000 5 1 16.5 
4 8 50000 1 1 24.95 
4 5 10000 5 1 29.28 
4 6 5000 10 1 45.08 
5 15 50000 1 1 44.36 
6 16 10000 5 1 84.02 
6 7 10000 5 1 9.82 
8 12 20000 2.5 1 140.41 
9 17 50000 1 1 21.58 
10 11 50000 1 1 44.35 
11 17 20000 2.5 1 151.19 
11 12 10000 5 1 31.29 
12 13 5000 10 1 35.44 
13 14 5000 10 1 77.94 
14 17 10000 5 1 67.89 
14 15 50000 1 1 58.73 
15 16 5000 10 1 40.12 
3 0 50000 1 1 51.8 
7 0 20000 2.5 1 72.57 
17 1 5000 10 1 64.81 
5 1 20000 2.5 1 19.91 
6 1 5000 10 1 8.72 
9 2 50000 1 1 37.29 
3 2 20000 2.5 1 16.23 
4 2 10000 5 1 16.5 
8 4 50000 1 1 24.95 
5 4 10000 5 1 29.28 
6 4 5000 10 1 45.08 
15 5 50000 1 1 44.36 
16 6 10000 5 1 84.02 
7 6 10000 5 1 9.82 
12 8 20000 2.5 1 140.41 
17 9 50000 1 1 21.58 
11 10 50000 1 1 44.35 
17 11 20000 2.5 1 151.19 
12 11 10000 5 1 31.29 
13 12 5000 10 1 35.44 
14 13 5000 10 1 77.94 
17 14 10000 5 1 67.89 
15 14 50000 1 1 58.73 
16 15 5000 10 1 40.12 
4 16 50 189.34 
13 4 100 95.81 
7 13 1000 93.67 
3 9 100 83.37 
9 11 500 63.98 
1 16 1000 174.39 
8 7 500 92.26 
16 3 1000 117.29 
16 12 50 57 
3 1 100 126.08 
8 5 100 104.92 
7 15 1000 127.16 
3 12 1000 70.84 
8 14 1000 111.22 
15 11 100 61.37 
2 14 500 108.98 
9 1 100 153.16 
5 9 1000 144.31 
9 14 1000 119.75 
1 8 100 87.65 
15 9 100 147.44 
8 15 500 156.92 
14 2 50 108.98 
2 15 50 223.23 
16 2 500 162.34 
11 14 500 93.12 
14 16 1000 120.65 
1 13 1000 86.72 
15 2 50 223.23 
15 14 500 121.84 
3 5 50 138.64 
5 3 1000 138.64 
16 0 50 112.11 
14 1 50 112.41 
13 9 100 92.6 
