37 131 184 
0 6 50000 1 0 0.67 
0 30 50000 1 0 0.06 
1 6 20000 2.5 0 0.76 
1 30 20000 2.5 0 0.15 
2 6 50000 1 0 48.53 
2 30 20000 2.5 0 48.02 
3 6 10000 5 0 1.71 
3 30 50000 1 0 1.72 
4 6 10000 5 0 0.79 
5 6 50000 1 0 1.26 
5 30 5000 10 0 1.57 
6 7 50000 1 0 0.46 
6 8 20000 2.5 0 1.35 
6 9 5000 10 0 13.58 
6 34 10000 5 0 20.17 
6 21 20000 2.5 0 20.06 
6 24 10000 5 0 548.65 
6 28 10000 5 0 42.02 
6 29 5000 10 0 2.52 
6 30 10000 5 0 0.91 
6 30 50000 1 0 0.67 
7 34 50000 1 0 20.07 
7 30 10000 5 0 1.17 
7 13 50000 1 0 136.19 
8 30 5000 10 0 1.57 
9 33 5000 10 0 5.23 
9 34 20000 2.5 0 7.11 
9 30 5000 10 0 12.99 
10 30 50000 1 0 182.7 
11 34 5000 10 0 281.05 
12 34 50000 1 0 223.67 
14 19 10000 5 0 261.31 
15 19 50000 1 0 151.63 
16 24 50000 1 0 273.25 
17 30 20000 2.5 0 14.91 
18 24 20000 2.5 0 75.02 
18 25 10000 5 0 72.41 
18 23 20000 2.5 0 132.77 
19 24 10000 5 0 96.35 
19 25 50000 1 0 205.68 
19 23 5000 10 0 18.14 
20 34 5000 10 0 24.8 
20 27 10000 5 0 42.52 
20 21 5000 10 0 24.77 
21 32 20000 2.5 0 11.95 
21 34 5000 10 0 0.7 
21 35 20000 2.5 0 7.32 
21 36 10000 5 0 14.34 
21 22 20000 2.5 0 2.39 
21 30 50000 1 0 19.37 
22 34 20000 2.5 0 2.3 
23 24 5000 10 0 79.11 
23 25 10000 5 0 193.1 
24 34 10000 5 0 565.26 
24 25 10000 5 0 146.8 
24 26 10000 5 0 147.95 
25 26 10000 5 0 1.54 
25 30 5000 10 0 418.99 
28 30 50000 1 0 42.1 
29 30 10000 5 0 2.76 
30 34 5000 10 0 19.87 
30 33 50000 1 0 9.89 
30 31 20000 2.5 0 12.38 
31 32 10000 5 0 2.98 
34 35 10000 5 0 7.48 
34 36 10000 5 0 14.36 
6 0 50000 1 0 0.67 
30 0 50000 1 0 0.06 
6 1 20000 2.5 0 0.76 
30 1 20000 2.5 0 0.15 
6 2 50000 1 0 48.53 
30 2 20000 2.5 0 48.02 
6 3 10000 5 0 1.71 
30 3 50000 1 0 1.72 
6 4 10000 5 0 0.79 
6 5 50000 1 0 1.26 
30 5 5000 10 0 1.57 
7 6 50000 1 0 0.46 
8 6 20000 2.5 0 1.35 
9 6 5000 10 0 13.58 
34 6 10000 5 0 20.17 
21 6 20000 2.5 0 20.06 
24 6 10000 5 0 548.65 
28 6 10000 5 0 42.02 
29 6 5000 10 0 2.52 
30 6 50000 1 0 0.67 
34 7 50000 1 0 20.07 
30 7 10000 5 0 1.17 
13 7 50000 1 0 136.19 
30 8 5000 10 0 1.57 
33 9 5000 10 0 5.23 
34 9 20000 2.5 0 7.11 
30 9 5000 10 0 12.99 
30 10 50000 1 0 182.7 
34 11 5000 10 0 281.05 
34 12 50000 1 0 223.67 
19 14 10000 5 0 261.31 
19 15 50000 1 0 151.63 
24 16 50000 1 0 273.25 
30 17 20000 2.5 0 14.91 
24 18 20000 2.5 0 75.02 
25 18 10000 5 0 72.41 
23 18 20000 2.5 0 132.77 
24 19 10000 5 0 96.35 
25 19 50000 1 0 205.68 
23 19 5000 10 0 18.14 
34 20 5000 10 0 24.8 
27 20 10000 5 0 42.52 
21 20 5000 10 0 24.77 
32 21 20000 2.5 0 11.95 
34 21 5000 10 0 0.7 
35 21 20000 2.5 0 7.32 
36 21 10000 5 0 14.34 
22 21 20000 2.5 0 2.39 
30 21 50000 1 0 19.37 
34 22 20000 2.5 0 2.3 
24 23 5000 10 0 79.11 
25 23 10000 5 0 193.1 
34 24 10000 5 0 565.26 
25 24 10000 5 0 146.8 
26 24 10000 5 0 147.95 
26 25 10000 5 0 1.54 
30 25 5000 10 0 418.99 
30 28 50000 1 0 42.1 
30 29 10000 5 0 2.76 
34 30 5000 10 0 19.87 
33 30 50000 1 0 9.89 
31 30 20000 2.5 0 12.38 
32 31 10000 5 0 2.98 
35 34 10000 5 0 7.48 
36 34 10000 5 0 14.36 
31 8 100 1.78 
22 19 500 1.15 
26 6 1000 15.92 
25 7 1000 12.58 
21 8 500 1.27 
8 34 100 0.97 
22 8 50 0.75 
1 32 50 1.51 
2 6 500 18.02 
1 19 100 15.12 
30 20 1000 1.03 
2 7 1000 37.59 
3 36 1000 0.48 
6 3 50 15.92 
35 3 100 0.59 
1 21 50 1.39 
25 9 100 11.85 
28 7 100 37.3 
7 29 500 37.21 
25 8 500 15.92 
30 23 100 32.69 
36 20 50 1.39 
26 21 100 2.53 
1 28 50 37.71 
0 33 1000 14.06 
2 3 100 38.48 
7 5 1000 36.74 
35 33 50 1.11 
23 31 500 4.53 
18 33 100 11.85 
3 26 50 15.92 
19 23 100 823.64 
21 28 100 1.32 
9 18 100 11.85 
29 9 1000 12.35 
9 1 1000 11.85 
22 24 1000 1.1 
26 36 50 1.04 
3 23 100 18.88 
35 5 50 0.59 
21 2 50 1.25 
6 18 500 15.92 
3 2 100 38.48 
36 19 100 1.04 
5 22 500 0.79 
0 19 500 15.3 
32 18 100 2.61 
31 19 50 2.65 
8 26 50 15.92 
26 32 1000 2.61 
6 26 50 15.92 
7 1 1000 36.48 
18 2 500 18.02 
21 25 50 2.53 
25 28 500 18.02 
29 3 100 38.77 
23 7 50 18.84 
28 1 100 37.71 
5 36 1000 0.68 
33 5 50 14.13 
2 30 50 18.02 
2 1 500 37.58 
36 2 50 0.63 
26 24 100 604.62 
7 31 100 2.23 
35 19 100 0.96 
1 23 500 19.45 
29 22 50 0.77 
18 30 100 21.27 
25 3 100 15.92 
30 26 100 25.84 
0 7 500 36.54 
6 28 50 18.02 
29 8 500 38.93 
25 33 50 11.85 
5 26 500 15.92 
5 25 500 15.92 
0 21 50 1.39 
18 23 500 740.92 
7 6 100 12.16 
9 2 100 12.66 
2 25 500 18.02 
5 30 1000 15.92 
25 21 50 2.53 
25 20 500 1.03 
19 31 50 2.65 
28 29 1000 38.77 
1 2 50 37.58 
18 20 1000 1.03 
25 29 50 15.92 
3 6 1000 15.92 
6 2 500 18.02 
30 29 100 15.92 
3 22 500 0.56 
35 0 100 0.8 
36 33 500 1.05 
24 23 500 816.06 
23 8 50 18.88 
30 34 1000 2.6 
7 30 1000 12.58 
19 22 50 1.15 
3 20 100 0.48 
3 21 500 1.28 
1 7 50 36.48 
29 1 1000 37.94 
28 33 50 14.21 
24 9 1000 12.99 
9 24 1000 12.99 
8 9 500 12.37 
35 6 50 1.02 
2 35 50 0.68 
23 34 50 2.6 
25 6 100 15.92 
7 33 500 14.19 
3 7 50 37.37 
7 18 100 12.58 
31 3 100 1.66 
24 3 50 4.97 
29 34 50 0.97 
0 36 500 0.81 
21 29 50 1.26 
30 25 50 26.5 
0 23 100 19.45 
9 19 50 10 
19 34 500 2.6 
22 0 500 0.78 
9 26 100 11.85 
24 30 1000 20.64 
31 0 50 1.57 
22 36 100 1.16 
3 31 100 1.66 
36 32 1000 1.05 
5 0 50 37.43 
18 31 50 2.61 
6 5 1000 15.92 
34 31 100 2.4 
25 35 50 0.96 
26 23 100 721.25 
3 25 1000 15.92 
23 9 1000 9.92 
33 35 1000 1.11 
28 20 100 0.49 
30 3 500 15.92 
3 33 100 14.13 
29 24 1000 4.85 
7 0 500 36.54 
9 28 1000 12.08 
6 9 500 13.05 
30 21 1000 2.53 
24 32 500 2.39 
20 1 1000 0.69 
0 2 500 37.58 
26 19 100 697.96 
34 21 50 1.34 
21 23 500 2.53 
20 23 1000 1.03 
29 18 500 15.92 
2 34 100 0.69 
20 35 1000 1.36 
26 1 100 15.92 
23 24 50 816.06 
23 26 1000 721.25 
28 21 1000 1.32 
32 28 50 2.23 
23 3 50 18.88 
5 9 500 12.28 
35 9 500 0.85 
30 0 1000 15.92 
5 6 500 15.92 
34 5 1000 1.04 
34 23 100 2.6 
28 9 1000 12.08 
0 29 1000 37.94 
30 1 100 15.92 
25 18 50 702.4 
31 23 50 4.53 
31 35 50 1.11 
9 36 1000 0.8 
28 30 100 18.02 
28 0 100 37.71 
0 8 500 37.43 
32 24 100 2.39 
8 0 1000 37.43 
36 1 100 0.69 
