37 131 368 
0 6 50000 1 0 0.67 
0 30 50000 1 0 0.06 
1 6 20000 2.5 0 0.76 
1 30 20000 2.5 0 0.15 
2 6 50000 1 0 48.53 
2 30 20000 2.5 0 48.02 
3 6 10000 5 0 1.71 
3 30 50000 1 0 1.72 
4 6 10000 5 0 0.79 
5 6 50000 1 0 1.26 
5 30 5000 10 0 1.57 
6 7 50000 1 0 0.46 
6 8 20000 2.5 0 1.35 
6 9 5000 10 0 13.58 
6 34 10000 5 0 20.17 
6 21 20000 2.5 0 20.06 
6 24 10000 5 0 548.65 
6 28 10000 5 0 42.02 
6 29 5000 10 0 2.52 
6 30 10000 5 0 0.91 
6 30 50000 1 0 0.67 
7 34 50000 1 0 20.07 
7 30 10000 5 0 1.17 
7 13 50000 1 0 136.19 
8 30 5000 10 0 1.57 
9 33 5000 10 0 5.23 
9 34 20000 2.5 0 7.11 
9 30 5000 10 0 12.99 
10 30 50000 1 0 182.7 
11 34 5000 10 0 281.05 
12 34 50000 1 0 223.67 
14 19 10000 5 0 261.31 
15 19 50000 1 0 151.63 
16 24 50000 1 0 273.25 
17 30 20000 2.5 0 14.91 
18 24 20000 2.5 0 75.02 
18 25 10000 5 0 72.41 
18 23 20000 2.5 0 132.77 
19 24 10000 5 0 96.35 
19 25 50000 1 0 205.68 
19 23 5000 10 0 18.14 
20 34 5000 10 0 24.8 
20 27 10000 5 0 42.52 
20 21 5000 10 0 24.77 
21 32 20000 2.5 0 11.95 
21 34 5000 10 0 0.7 
21 35 20000 2.5 0 7.32 
21 36 10000 5 0 14.34 
21 22 20000 2.5 0 2.39 
21 30 50000 1 0 19.37 
22 34 20000 2.5 0 2.3 
23 24 5000 10 0 79.11 
23 25 10000 5 0 193.1 
24 34 10000 5 0 565.26 
24 25 10000 5 0 146.8 
24 26 10000 5 0 147.95 
25 26 10000 5 0 1.54 
25 30 5000 10 0 418.99 
28 30 50000 1 0 42.1 
29 30 10000 5 0 2.76 
30 34 5000 10 0 19.87 
30 33 50000 1 0 9.89 
30 31 20000 2.5 0 12.38 
31 32 10000 5 0 2.98 
34 35 10000 5 0 7.48 
34 36 10000 5 0 14.36 
6 0 50000 1 0 0.67 
30 0 50000 1 0 0.06 
6 1 20000 2.5 0 0.76 
30 1 20000 2.5 0 0.15 
6 2 50000 1 0 48.53 
30 2 20000 2.5 0 48.02 
6 3 10000 5 0 1.71 
30 3 50000 1 0 1.72 
6 4 10000 5 0 0.79 
6 5 50000 1 0 1.26 
30 5 5000 10 0 1.57 
7 6 50000 1 0 0.46 
8 6 20000 2.5 0 1.35 
9 6 5000 10 0 13.58 
34 6 10000 5 0 20.17 
21 6 20000 2.5 0 20.06 
24 6 10000 5 0 548.65 
28 6 10000 5 0 42.02 
29 6 5000 10 0 2.52 
30 6 50000 1 0 0.67 
34 7 50000 1 0 20.07 
30 7 10000 5 0 1.17 
13 7 50000 1 0 136.19 
30 8 5000 10 0 1.57 
33 9 5000 10 0 5.23 
34 9 20000 2.5 0 7.11 
30 9 5000 10 0 12.99 
30 10 50000 1 0 182.7 
34 11 5000 10 0 281.05 
34 12 50000 1 0 223.67 
19 14 10000 5 0 261.31 
19 15 50000 1 0 151.63 
24 16 50000 1 0 273.25 
30 17 20000 2.5 0 14.91 
24 18 20000 2.5 0 75.02 
25 18 10000 5 0 72.41 
23 18 20000 2.5 0 132.77 
24 19 10000 5 0 96.35 
25 19 50000 1 0 205.68 
23 19 5000 10 0 18.14 
34 20 5000 10 0 24.8 
27 20 10000 5 0 42.52 
21 20 5000 10 0 24.77 
32 21 20000 2.5 0 11.95 
34 21 5000 10 0 0.7 
35 21 20000 2.5 0 7.32 
36 21 10000 5 0 14.34 
22 21 20000 2.5 0 2.39 
30 21 50000 1 0 19.37 
34 22 20000 2.5 0 2.3 
24 23 5000 10 0 79.11 
25 23 10000 5 0 193.1 
34 24 10000 5 0 565.26 
25 24 10000 5 0 146.8 
26 24 10000 5 0 147.95 
26 25 10000 5 0 1.54 
30 25 5000 10 0 418.99 
30 28 50000 1 0 42.1 
30 29 10000 5 0 2.76 
34 30 5000 10 0 19.87 
33 30 50000 1 0 9.89 
31 30 20000 2.5 0 12.38 
32 31 10000 5 0 2.98 
35 34 10000 5 0 7.48 
36 34 10000 5 0 14.36 
31 8 100 2.32 
22 19 500 2.1 
26 6 1000 23.83 
25 7 1000 14.59 
21 8 500 2.1 
8 34 100 1.94 
22 8 50 1.03 
1 32 50 2.45 
2 6 500 25.6 
1 19 100 19.67 
30 20 1000 2 
2 7 1000 37.94 
3 36 1000 0.9 
6 3 50 23.83 
35 3 100 0.9 
1 21 50 2.47 
25 9 100 14.29 
28 7 100 37.59 
7 29 500 37.59 
25 8 500 23.83 
30 23 100 33.53 
36 20 50 1.57 
26 21 100 4.15 
1 28 50 38.4 
0 33 1000 14.59 
2 3 100 39 
7 5 1000 37.13 
35 33 50 1.76 
23 31 500 5.91 
18 33 100 14.29 
3 26 50 23.83 
19 23 100 842.12 
21 28 100 1.97 
9 18 100 14.29 
29 9 1000 13.23 
9 1 1000 12.2 
22 24 1000 2.1 
26 36 50 2.01 
3 23 100 21.42 
35 5 50 0.98 
21 2 50 2.05 
6 18 500 23.83 
3 2 100 39 
36 19 100 2.01 
5 22 500 1.04 
0 19 500 19.67 
32 18 100 4.2 
31 19 50 3.65 
8 26 50 23.83 
26 32 1000 4.2 
6 26 50 23.83 
7 1 1000 36.84 
18 2 500 25.6 
21 25 50 4.15 
25 28 500 25.6 
29 3 100 39.23 
23 7 50 21.38 
28 1 100 38.4 
5 36 1000 0.98 
33 5 50 15.04 
2 30 50 25.6 
2 1 500 37.94 
36 2 50 0.81 
26 24 100 605.68 
7 31 100 3.54 
35 19 100 1.93 
1 23 500 21.69 
29 22 50 1.03 
18 30 100 22.99 
25 3 100 23.83 
30 26 100 35.7 
0 7 500 36.85 
6 28 50 25.6 
29 8 500 39.23 
25 33 50 14.29 
5 26 500 23.83 
5 25 500 23.83 
0 21 50 2.47 
18 23 500 742.27 
7 6 100 13.5 
9 2 100 13.24 
2 25 500 25.6 
5 30 1000 23.83 
25 21 50 4.15 
25 20 500 2 
19 31 50 3.65 
28 29 1000 39.07 
1 2 50 37.94 
18 20 1000 2 
25 29 50 23.83 
3 6 1000 23.83 
6 2 500 25.6 
30 29 100 23.83 
3 22 500 0.91 
35 0 100 1.07 
36 33 500 1.68 
24 23 500 825.97 
23 8 50 21.42 
30 34 1000 4.68 
7 30 1000 14.59 
19 22 50 2.1 
3 20 100 0.9 
3 21 500 2.03 
1 7 50 36.84 
29 1 1000 38.69 
28 33 50 15.02 
24 9 1000 14.73 
9 24 1000 14.73 
8 9 500 13.23 
35 6 50 1.93 
2 35 50 0.86 
23 34 50 4.68 
25 6 100 23.83 
7 33 500 15.65 
3 7 50 37.66 
7 18 100 14.59 
31 3 100 2.16 
24 3 50 19.37 
29 34 50 1.94 
0 36 500 1.14 
21 29 50 1.82 
30 25 50 34.86 
0 23 100 21.69 
9 19 50 12.15 
19 34 500 4.3 
22 0 500 1.19 
9 26 100 14.29 
24 30 1000 22.36 
31 0 50 2.45 
22 36 100 1.32 
3 31 100 2.16 
36 32 1000 1.61 
5 0 50 38.25 
18 31 50 4.2 
6 5 1000 23.83 
34 31 100 4.46 
25 35 50 1.93 
26 23 100 730.24 
3 25 1000 23.83 
23 9 1000 11.43 
33 35 1000 1.76 
28 20 100 0.91 
30 3 500 23.83 
3 33 100 14.78 
29 24 1000 19.34 
7 0 500 36.85 
9 28 1000 12.89 
6 9 500 15.75 
30 21 1000 4.15 
24 32 500 3.62 
20 1 1000 1.12 
0 2 500 37.94 
26 19 100 722.9 
34 21 50 2.44 
21 23 500 4.15 
20 23 1000 2 
29 18 500 23.83 
2 34 100 1.89 
20 35 1000 1.51 
26 1 100 23.83 
23 24 50 825.97 
23 26 1000 730.24 
28 21 1000 1.97 
32 28 50 2.75 
23 3 50 21.42 
5 9 500 13.19 
35 9 500 1.13 
30 0 1000 23.83 
5 6 500 23.83 
34 5 1000 2.03 
34 23 100 4.68 
28 9 1000 12.89 
0 29 1000 38.69 
30 1 100 23.83 
25 18 50 702.99 
31 23 50 5.91 
31 35 50 1.71 
9 36 1000 1.04 
28 30 100 25.6 
28 0 100 38.4 
0 8 500 38.16 
32 24 100 3.62 
8 0 1000 38.16 
36 1 100 1.12 
8 30 500 23.83 
7 36 500 1.55 
32 20 500 1.62 
31 2 1000 2.93 
0 9 500 12.38 
3 1 500 38.49 
35 28 1000 0.85 
30 5 1000 23.83 
19 25 50 732.94 
1 29 500 38.69 
30 7 500 14.59 
22 30 500 2.1 
7 3 1000 37.66 
21 3 100 2.03 
23 25 50 730.21 
34 6 50 4.26 
34 1 500 2.31 
34 7 500 3.02 
2 32 100 2.93 
32 19 50 3.28 
20 30 50 2 
5 8 50 39.23 
20 36 100 1.57 
18 24 50 605.66 
32 35 500 1.71 
20 28 500 0.91 
32 7 100 3.54 
3 30 50 23.83 
22 33 100 1.75 
29 31 100 2.32 
2 31 100 2.93 
6 36 1000 1.96 
3 29 50 39.23 
22 31 50 1.55 
35 7 50 1.49 
28 22 500 0.97 
9 35 500 1.13 
8 7 500 37.19 
7 21 100 2.9 
7 20 50 1.55 
30 36 1000 2.01 
0 6 50 23.83 
36 3 1000 0.9 
23 19 1000 842.12 
36 25 50 2.01 
24 25 500 605.68 
36 7 50 1.55 
25 24 50 605.68 
6 35 500 1.93 
26 25 1000 605.68 
0 31 100 2.45 
32 34 50 4.28 
0 35 500 1.07 
35 31 50 1.71 
33 28 100 15.02 
20 0 1000 1.13 
22 1 100 1.18 
7 2 50 37.94 
6 30 50 23.83 
2 20 100 0.82 
33 3 100 14.78 
34 29 50 1.94 
8 31 50 2.32 
24 18 50 605.66 
19 26 1000 722.9 
33 7 500 15.65 
9 6 50 15.75 
7 35 500 1.49 
30 35 500 1.93 
22 35 100 1.28 
9 5 50 13.19 
18 25 100 702.99 
30 2 500 25.6 
32 8 50 2.32 
35 2 1000 0.86 
1 20 1000 1.12 
7 8 500 37.19 
0 30 50 23.83 
6 0 1000 23.83 
25 23 100 730.21 
22 7 50 1.55 
32 1 500 2.45 
30 6 50 23.83 
20 6 50 1.96 
7 32 50 3.54 
26 18 50 703.46 
18 19 100 845.95 
28 8 500 39.09 
0 1 500 37.94 
30 8 1000 23.83 
6 32 50 4.5 
34 28 100 1.94 
2 22 500 0.78 
6 34 1000 4.26 
32 2 50 2.93 
6 31 100 4.17 
21 30 500 4.15 
30 22 500 2.1 
34 2 500 1.89 
6 8 500 23.83 
31 1 1000 2.45 
22 3 500 0.91 
9 22 100 1.04 
28 32 100 2.75 
29 30 50 23.83 
2 21 100 2.05 
23 18 50 742.27 
29 33 50 15.01 
35 20 500 1.51 
35 30 500 1.93 
1 35 1000 1.15 
0 22 100 1.19 
5 34 100 2.03 
22 32 1000 1.55 
30 28 50 25.6 
34 8 100 1.94 
3 5 500 39.23 
18 26 1000 703.46 
36 0 1000 1.14 
3 35 100 0.9 
29 32 50 2.32 
33 2 50 15.38 
25 19 1000 732.94 
2 28 100 38.97 
28 34 50 1.94 
1 0 500 37.94 
35 1 1000 1.15 
36 28 500 0.92 
1 36 100 1.12 
28 5 50 39 
20 29 50 0.97 
28 3 1000 39.13 
20 22 50 1.51 
3 28 1000 39.13 
25 26 100 605.68 
0 3 500 38.49 
7 28 100 37.59 
1 22 500 1.18 
22 6 50 2.02 
34 0 50 2.28 
31 5 50 2.39 
6 1 500 23.83 
2 0 100 37.94 
24 19 500 831.9 
36 30 50 2.01 
3 0 50 38.49 
1 6 500 23.83 
1 3 500 38.49 
8 36 100 0.95 
0 5 100 38.25 
6 22 500 2.02 
24 26 1000 605.68 
36 6 1000 1.96 
21 0 500 2.47 
19 24 500 831.9 
5 1 100 38.25 
5 3 100 39.23 
2 5 50 39 
22 29 50 1.03 
3 8 100 39.23 
8 21 50 2.1 
0 28 500 38.4 
36 35 500 1.32 
6 29 100 23.83 
34 30 500 4.68 
8 3 50 39.23 
22 2 50 0.78 
28 35 100 0.85 
8 6 50 23.83 
28 2 500 38.97 
8 28 100 39.09 
36 22 500 1.32 
22 28 50 0.97 
6 21 100 3.98 
8 29 100 39.23 
21 6 100 3.98 
20 2 100 0.82 
8 35 50 0.93 
0 34 100 2.28 
19 18 500 845.95 
28 6 50 25.6 
34 32 50 4.28 
21 1 500 2.47 
1 30 100 23.83 
