37 131 368 
0 6 50000 1 1 0.67 
0 30 50000 1 1 0.06 
1 6 20000 2.5 1 0.76 
1 30 20000 2.5 1 0.15 
2 6 50000 1 1 48.53 
2 30 20000 2.5 1 48.02 
3 6 10000 5 1 1.71 
3 30 50000 1 1 1.72 
4 6 10000 5 1 0.79 
5 6 50000 1 1 1.26 
5 30 5000 10 1 1.57 
6 7 50000 1 1 0.46 
6 8 20000 2.5 1 1.35 
6 9 5000 10 1 13.58 
6 34 10000 5 1 20.17 
6 21 20000 2.5 1 20.06 
6 24 10000 5 1 548.65 
6 28 10000 5 1 42.02 
6 29 5000 10 1 2.52 
6 30 10000 5 1 0.91 
6 30 50000 1 1 0.67 
7 34 50000 1 1 20.07 
7 30 10000 5 1 1.17 
7 13 50000 1 1 136.19 
8 30 5000 10 1 1.57 
9 33 5000 10 1 5.23 
9 34 20000 2.5 1 7.11 
9 30 5000 10 1 12.99 
10 30 50000 1 1 182.7 
11 34 5000 10 1 281.05 
12 34 50000 1 1 223.67 
14 19 10000 5 1 261.31 
15 19 50000 1 1 151.63 
16 24 50000 1 1 273.25 
17 30 20000 2.5 1 14.91 
18 24 20000 2.5 1 75.02 
18 25 10000 5 1 72.41 
18 23 20000 2.5 1 132.77 
19 24 10000 5 1 96.35 
19 25 50000 1 1 205.68 
19 23 5000 10 1 18.14 
20 34 5000 10 1 24.8 
20 27 10000 5 1 42.52 
20 21 5000 10 1 24.77 
21 32 20000 2.5 1 11.95 
21 34 5000 10 1 0.7 
21 35 20000 2.5 1 7.32 
21 36 10000 5 1 14.34 
21 22 20000 2.5 1 2.39 
21 30 50000 1 1 19.37 
22 34 20000 2.5 1 2.3 
23 24 5000 10 1 79.11 
23 25 10000 5 1 193.1 
24 34 10000 5 1 565.26 
24 25 10000 5 1 146.8 
24 26 10000 5 1 147.95 
25 26 10000 5 1 1.54 
25 30 5000 10 1 418.99 
28 30 50000 1 1 42.1 
29 30 10000 5 1 2.76 
30 34 5000 10 1 19.87 
30 33 50000 1 1 9.89 
30 31 20000 2.5 1 12.38 
31 32 10000 5 1 2.98 
34 35 10000 5 1 7.48 
34 36 10000 5 1 14.36 
6 0 50000 1 1 0.67 
30 0 50000 1 1 0.06 
6 1 20000 2.5 1 0.76 
30 1 20000 2.5 1 0.15 
6 2 50000 1 1 48.53 
30 2 20000 2.5 1 48.02 
6 3 10000 5 1 1.71 
30 3 50000 1 1 1.72 
6 4 10000 5 1 0.79 
6 5 50000 1 1 1.26 
30 5 5000 10 1 1.57 
7 6 50000 1 1 0.46 
8 6 20000 2.5 1 1.35 
9 6 5000 10 1 13.58 
34 6 10000 5 1 20.17 
21 6 20000 2.5 1 20.06 
24 6 10000 5 1 548.65 
28 6 10000 5 1 42.02 
29 6 5000 10 1 2.52 
30 6 50000 1 1 0.67 
34 7 50000 1 1 20.07 
30 7 10000 5 1 1.17 
13 7 50000 1 1 136.19 
30 8 5000 10 1 1.57 
33 9 5000 10 1 5.23 
34 9 20000 2.5 1 7.11 
30 9 5000 10 1 12.99 
30 10 50000 1 1 182.7 
34 11 5000 10 1 281.05 
34 12 50000 1 1 223.67 
19 14 10000 5 1 261.31 
19 15 50000 1 1 151.63 
24 16 50000 1 1 273.25 
30 17 20000 2.5 1 14.91 
24 18 20000 2.5 1 75.02 
25 18 10000 5 1 72.41 
23 18 20000 2.5 1 132.77 
24 19 10000 5 1 96.35 
25 19 50000 1 1 205.68 
23 19 5000 10 1 18.14 
34 20 5000 10 1 24.8 
27 20 10000 5 1 42.52 
21 20 5000 10 1 24.77 
32 21 20000 2.5 1 11.95 
34 21 5000 10 1 0.7 
35 21 20000 2.5 1 7.32 
36 21 10000 5 1 14.34 
22 21 20000 2.5 1 2.39 
30 21 50000 1 1 19.37 
34 22 20000 2.5 1 2.3 
24 23 5000 10 1 79.11 
25 23 10000 5 1 193.1 
34 24 10000 5 1 565.26 
25 24 10000 5 1 146.8 
26 24 10000 5 1 147.95 
26 25 10000 5 1 1.54 
30 25 5000 10 1 418.99 
30 28 50000 1 1 42.1 
30 29 10000 5 1 2.76 
34 30 5000 10 1 19.87 
33 30 50000 1 1 9.89 
31 30 20000 2.5 1 12.38 
32 31 10000 5 1 2.98 
35 34 10000 5 1 7.48 
36 34 10000 5 1 14.36 
31 8 100 1.15 
22 19 500 0.59 
26 6 1000 12.06 
25 7 1000 11.86 
21 8 500 0.7 
8 34 100 0.66 
22 8 50 0.35 
1 32 50 1.04 
2 6 500 14.06 
1 19 100 13.04 
30 20 1000 0.59 
2 7 1000 27 
3 36 1000 0.25 
6 3 50 12.06 
35 3 100 0.34 
1 21 50 0.46 
25 9 100 9.69 
28 7 100 26.41 
7 29 500 36.56 
25 8 500 12.06 
30 23 100 31.2 
36 20 50 1.21 
26 21 100 1.15 
1 28 50 26.47 
0 33 1000 2.33 
2 3 100 27.07 
7 5 1000 36.15 
35 33 50 0.75 
23 31 500 3.38 
18 33 100 9.69 
3 26 50 12.06 
19 23 100 818.38 
21 28 100 0.74 
9 18 100 9.69 
29 9 1000 1.39 
9 1 1000 2.25 
22 24 1000 0.41 
26 36 50 0.59 
3 23 100 4.56 
35 5 50 0.27 
21 2 50 0.93 
6 18 500 12.06 
3 2 100 27.07 
36 19 100 0.59 
5 22 500 0.43 
0 19 500 13.04 
32 18 100 1.2 
31 19 50 1.8 
8 26 50 12.06 
26 32 1000 1.2 
6 26 50 12.06 
7 1 1000 35.33 
18 2 500 14.06 
21 25 50 1.15 
25 28 500 14.06 
29 3 100 37.8 
23 7 50 4.57 
28 1 100 26.47 
5 36 1000 0.32 
33 5 50 2.84 
2 30 50 14.06 
2 1 500 25.88 
36 2 50 0.4 
26 24 100 593.32 
7 31 100 1.38 
35 19 100 0.6 
1 23 500 4.61 
29 22 50 0.37 
18 30 100 20.67 
25 3 100 12.06 
30 26 100 2.1 
0 7 500 35.33 
6 28 50 14.06 
29 8 500 37.8 
25 33 50 9.69 
5 26 500 12.06 
5 25 500 12.06 
0 21 50 0.54 
18 23 500 707.07 
7 6 100 11 
9 2 100 1.88 
2 25 500 14.06 
5 30 1000 12.06 
25 21 50 1.15 
25 20 500 0.59 
19 31 50 1.8 
28 29 1000 27.07 
1 2 50 25.88 
18 20 1000 0.59 
25 29 50 12.06 
3 6 1000 12.06 
6 2 500 14.06 
30 29 100 12.06 
3 22 500 0.3 
35 0 100 0.59 
36 33 500 0.65 
24 23 500 792.92 
23 8 50 4.61 
30 34 1000 1.03 
7 30 1000 11.86 
19 22 50 0.59 
3 20 100 0.25 
3 21 500 0.68 
1 7 50 35.33 
29 1 1000 37.12 
28 33 50 2.75 
24 9 1000 11.61 
9 24 1000 11.61 
8 9 500 2.61 
35 6 50 0.36 
2 35 50 0.48 
23 34 50 1.03 
25 6 100 12.06 
7 33 500 3.46 
3 7 50 36.56 
7 18 100 11.86 
31 3 100 0.96 
24 3 50 2.19 
29 34 50 0.68 
0 36 500 0.57 
21 29 50 0.68 
30 25 50 2.45 
0 23 100 4.61 
9 19 50 5.87 
19 34 500 1.03 
22 0 500 0.51 
9 26 100 9.69 
24 30 1000 20.04 
31 0 50 1.12 
22 36 100 1.01 
3 31 100 0.96 
36 32 1000 0.65 
5 0 50 36.61 
18 31 50 1.2 
6 5 1000 12.06 
34 31 100 0.6 
25 35 50 0.6 
26 23 100 299.42 
3 25 1000 12.06 
23 9 1000 9.15 
33 35 1000 0.75 
28 20 100 0.27 
30 3 500 12.06 
3 33 100 2.33 
29 24 1000 2.25 
7 0 500 35.33 
9 28 1000 1.55 
6 9 500 11.62 
30 21 1000 1.15 
24 32 500 1.26 
20 1 1000 0.5 
0 2 500 25.88 
26 19 100 255.74 
34 21 50 0.36 
21 23 500 1.15 
20 23 1000 0.59 
29 18 500 12.06 
2 34 100 0.23 
20 35 1000 1.2 
26 1 100 12.06 
23 24 50 792.92 
23 26 1000 299.42 
28 21 1000 0.74 
32 28 50 1.55 
23 3 50 4.56 
5 9 500 2.61 
35 9 500 0.6 
30 0 1000 12.06 
5 6 500 12.06 
34 5 1000 0.74 
34 23 100 1.03 
28 9 1000 1.55 
0 29 1000 37.12 
30 1 100 12.06 
25 18 50 667.63 
31 23 50 3.38 
31 35 50 0.75 
9 36 1000 0.49 
28 30 100 14.06 
28 0 100 26.47 
0 8 500 36.61 
32 24 100 1.26 
8 0 1000 36.61 
36 1 100 0.49 
8 30 500 12.06 
7 36 500 0.25 
32 20 500 0.66 
31 2 1000 2.01 
0 9 500 2.25 
3 1 500 37.12 
35 28 1000 0.27 
30 5 1000 12.06 
19 25 50 697.06 
1 29 500 37.12 
30 7 500 11.86 
22 30 500 0.59 
7 3 1000 36.56 
21 3 100 0.68 
23 25 50 695.59 
34 6 50 1.9 
34 1 500 0.22 
34 7 500 1.29 
2 32 100 2.01 
32 19 50 0.76 
20 30 50 0.59 
5 8 50 37.8 
20 36 100 1.21 
18 24 50 570.3 
32 35 500 0.75 
20 28 500 0.27 
32 7 100 1.38 
3 30 50 12.06 
22 33 100 0.58 
29 31 100 1.17 
2 31 100 2.01 
6 36 1000 0.47 
3 29 50 37.8 
22 31 50 0.58 
35 7 50 0.23 
28 22 500 0.3 
9 35 500 0.6 
8 7 500 36.16 
7 21 100 0.9 
7 20 50 0.25 
30 36 1000 0.59 
0 6 50 12.06 
36 3 1000 0.25 
23 19 1000 818.38 
36 25 50 0.59 
24 25 500 593.32 
36 7 50 0.25 
25 24 50 593.32 
6 35 500 0.36 
26 25 1000 593.32 
0 31 100 1.12 
32 34 50 0.6 
0 35 500 0.59 
35 31 50 0.75 
33 28 100 2.75 
20 0 1000 0.57 
22 1 100 0.44 
7 2 50 27 
6 30 50 12.06 
2 20 100 0.41 
33 3 100 2.33 
34 29 50 0.68 
8 31 50 1.15 
24 18 50 570.3 
19 26 1000 255.74 
33 7 500 3.46 
9 6 50 11.62 
7 35 500 0.23 
30 35 500 0.6 
22 35 100 0.88 
9 5 50 2.61 
18 25 100 667.63 
30 2 500 14.06 
32 8 50 1.15 
35 2 1000 0.48 
1 20 1000 0.5 
7 8 500 36.16 
0 30 50 12.06 
6 0 1000 12.06 
25 23 100 695.59 
22 7 50 0.25 
32 1 500 1.04 
30 6 50 12.06 
20 6 50 0.46 
7 32 50 1.38 
26 18 50 242.03 
18 19 100 249.87 
28 8 500 27.07 
0 1 500 36.51 
30 8 1000 12.06 
6 32 50 1.42 
34 28 100 0.52 
2 22 500 0.29 
6 34 1000 1.9 
32 2 50 2.01 
6 31 100 1.42 
21 30 500 1.15 
30 22 500 0.59 
34 2 500 0.23 
6 8 500 12.06 
31 1 1000 1.04 
22 3 500 0.3 
9 22 100 0.37 
28 32 100 1.55 
29 30 50 12.06 
2 21 100 0.93 
23 18 50 707.07 
29 33 50 2.33 
35 20 500 1.2 
35 30 500 0.6 
1 35 1000 0.63 
0 22 100 0.51 
5 34 100 0.74 
22 32 1000 0.58 
30 28 50 14.06 
34 8 100 0.66 
3 5 500 37.8 
18 26 1000 242.03 
36 0 1000 0.57 
3 35 100 0.34 
29 32 50 1.17 
33 2 50 3.34 
25 19 1000 697.06 
2 28 100 24.94 
28 34 50 0.52 
1 0 500 36.51 
35 1 1000 0.63 
36 28 500 0.27 
1 36 100 0.49 
28 5 50 27.07 
20 29 50 0.3 
28 3 1000 27.07 
20 22 50 1.21 
3 28 1000 27.07 
25 26 100 593.32 
0 3 500 37.12 
7 28 100 26.41 
1 22 500 0.44 
22 6 50 0.58 
34 0 50 0.36 
31 5 50 1.19 
6 1 500 12.06 
2 0 100 25.88 
24 19 500 806.12 
36 30 50 0.59 
3 0 50 37.12 
1 6 500 12.06 
1 3 500 37.12 
8 36 100 0.3 
0 5 100 36.61 
6 22 500 0.58 
24 26 1000 593.32 
36 6 1000 0.47 
21 0 500 0.54 
19 24 500 806.12 
5 1 100 36.61 
5 3 100 37.8 
2 5 50 27.07 
22 29 50 0.37 
3 8 100 37.8 
8 21 50 0.7 
0 28 500 26.47 
36 35 500 0.98 
6 29 100 12.06 
34 30 500 1.03 
8 3 50 37.8 
22 2 50 0.29 
28 35 100 0.27 
8 6 50 12.06 
28 2 500 24.94 
8 28 100 27.07 
36 22 500 1.01 
22 28 50 0.3 
6 21 100 1.28 
8 29 100 37.8 
21 6 100 1.28 
20 2 100 0.41 
8 35 50 0.26 
0 34 100 0.36 
19 18 500 249.87 
28 6 50 14.06 
34 32 50 0.6 
21 1 500 0.46 
1 30 100 12.06 
