35 160 1176 
0 24 600 170 0 55.91 
0 30 600 160 0 55.89 
0 32 600 210 0 56.14 
1 3 600 160 0 55.86 
1 6 600 190 0 56.03 
1 9 600 180 0 55.97 
1 14 600 210 0 56.11 
1 21 600 220 0 56.2 
1 28 600 250 0 56.34 
2 12 600 140 0 55.76 
2 15 600 130 0 55.71 
2 17 600 180 0 56 
2 33 600 150 0 55.85 
3 14 600 210 0 56.11 
3 17 600 160 0 55.87 
3 25 600 230 0 56.23 
3 27 600 210 0 56.11 
4 6 600 270 0 56.43 
4 18 600 160 0 55.89 
4 24 600 150 0 55.81 
4 28 600 200 0 56.06 
5 25 600 130 0 55.74 
5 27 600 180 0 56 
6 9 600 230 0 56.21 
6 21 600 170 0 55.91 
6 24 600 280 0 56.49 
6 28 600 210 0 56.11 
6 32 600 200 0 56.06 
7 9 600 180 0 56 
7 14 600 160 0 55.89 
7 23 600 130 0 55.71 
7 31 600 130 0 55.74 
8 11 600 200 0 56.1 
8 13 600 140 0 55.78 
8 19 600 180 0 55.96 
8 22 600 200 0 56.09 
8 28 600 240 0 56.27 
9 11 600 150 0 55.81 
9 14 600 170 0 55.92 
9 23 600 190 0 56.01 
9 28 600 220 0 56.16 
10 15 600 210 0 56.14 
10 33 600 140 0 55.78 
11 22 600 240 0 56.26 
11 23 600 160 0 55.88 
11 28 600 200 0 56.07 
12 16 600 150 0 55.82 
12 33 600 140 0 55.76 
13 22 600 190 0 56.05 
14 25 600 230 0 56.25 
15 17 600 170 0 55.91 
15 27 600 160 0 55.89 
16 21 600 320 0 56.66 
16 26 600 260 0 56.36 
16 33 600 170 0 55.92 
16 34 600 320 0 56.68 
17 21 600 260 0 56.37 
17 25 600 250 0 56.34 
17 26 600 340 0 56.77 
17 27 600 180 0 55.96 
18 22 600 120 0 55.7 
18 28 600 180 0 55.99 
19 23 600 130 0 55.74 
20 26 600 250 0 56.35 
20 29 600 170 0 55.92 
20 30 600 200 0 56.08 
21 32 600 190 0 56.01 
21 34 600 170 0 55.92 
22 28 600 180 0 55.99 
23 31 600 150 0 55.82 
24 32 600 240 0 56.3 
25 31 600 290 0 56.55 
26 29 600 220 0 56.19 
26 34 600 210 0 56.11 
28 32 600 260 0 56.37 
29 30 600 200 0 56.1 
29 32 600 180 0 55.96 
29 34 600 140 0 55.76 
30 32 600 180 0 55.97 
32 34 600 180 0 55.99 
24 0 600 170 0 55.91 
30 0 600 160 0 55.89 
32 0 600 210 0 56.14 
3 1 600 160 0 55.86 
6 1 600 190 0 56.03 
9 1 600 180 0 55.97 
14 1 600 210 0 56.11 
21 1 600 220 0 56.2 
28 1 600 250 0 56.34 
12 2 600 140 0 55.76 
15 2 600 130 0 55.71 
17 2 600 180 0 56 
33 2 600 150 0 55.85 
14 3 600 210 0 56.11 
17 3 600 160 0 55.87 
25 3 600 230 0 56.23 
27 3 600 210 0 56.11 
6 4 600 270 0 56.43 
18 4 600 160 0 55.89 
24 4 600 150 0 55.81 
28 4 600 200 0 56.06 
25 5 600 130 0 55.74 
27 5 600 180 0 56 
9 6 600 230 0 56.21 
21 6 600 170 0 55.91 
24 6 600 280 0 56.49 
28 6 600 210 0 56.11 
32 6 600 200 0 56.06 
9 7 600 180 0 56 
14 7 600 160 0 55.89 
23 7 600 130 0 55.71 
31 7 600 130 0 55.74 
11 8 600 200 0 56.1 
13 8 600 140 0 55.78 
19 8 600 180 0 55.96 
22 8 600 200 0 56.09 
28 8 600 240 0 56.27 
11 9 600 150 0 55.81 
14 9 600 170 0 55.92 
23 9 600 190 0 56.01 
28 9 600 220 0 56.16 
15 10 600 210 0 56.14 
33 10 600 140 0 55.78 
22 11 600 240 0 56.26 
23 11 600 160 0 55.88 
28 11 600 200 0 56.07 
16 12 600 150 0 55.82 
33 12 600 140 0 55.76 
22 13 600 190 0 56.05 
25 14 600 230 0 56.25 
17 15 600 170 0 55.91 
27 15 600 160 0 55.89 
21 16 600 320 0 56.66 
26 16 600 260 0 56.36 
33 16 600 170 0 55.92 
34 16 600 320 0 56.68 
21 17 600 260 0 56.37 
25 17 600 250 0 56.34 
26 17 600 340 0 56.77 
27 17 600 180 0 55.96 
22 18 600 120 0 55.7 
28 18 600 180 0 55.99 
23 19 600 130 0 55.74 
26 20 600 250 0 56.35 
29 20 600 170 0 55.92 
30 20 600 200 0 56.08 
32 21 600 190 0 56.01 
34 21 600 170 0 55.92 
28 22 600 180 0 55.99 
31 23 600 150 0 55.82 
32 24 600 240 0 56.3 
31 25 600 290 0 56.55 
29 26 600 220 0 56.19 
34 26 600 210 0 56.11 
32 28 600 260 0 56.37 
30 29 600 200 0 56.1 
32 29 600 180 0 55.96 
34 29 600 140 0 55.76 
32 30 600 180 0 55.97 
34 32 600 180 0 55.99 
13 3 6 55.14 
28 13 3 56.08 
19 34 4 55.23 
17 15 10 55.85 
0 34 3 1.56 
11 26 9 0.38 
16 28 7 55.53 
23 7 8 0.8 
8 6 5 0.54 
12 25 9 1.47 
0 13 2 55.16 
26 28 7 1.08 
15 11 8 55.19 
27 26 6 0.88 
17 32 7 1.1 
7 22 9 0.65 
3 5 4 56.35 
18 14 2 55.39 
0 17 9 55.4 
14 8 9 0.51 
34 26 2 55.94 
19 5 9 0.84 
21 19 7 0.5 
21 23 5 55.43 
8 16 10 0.17 
31 0 1 0.29 
25 18 6 0.25 
7 34 5 0.26 
17 8 10 0.46 
11 29 6 0.46 
2 23 5 55.03 
24 20 5 55.69 
28 10 7 0.54 
17 12 2 54.86 
20 0 1 56.03 
24 5 1 0.32 
20 32 10 1.57 
8 12 8 0.31 
8 29 9 0.34 
12 11 9 0.37 
25 14 8 55.79 
14 27 5 55.84 
23 5 2 55.67 
15 13 6 54.95 
2 0 1 55.45 
13 14 1 0.43 
24 21 3 0.8 
2 17 2 1.79 
18 33 9 0.2 
0 7 6 0.19 
24 10 10 0.13 
2 32 7 55.18 
14 26 3 0.32 
15 31 6 55.22 
1 24 1 0.54 
16 29 3 55.94 
34 33 6 55.73 
20 10 10 55.2 
11 14 7 0.82 
14 31 2 55.96 
9 12 9 0.67 
25 26 3 0.88 
4 2 6 55.22 
13 4 7 55.75 
13 32 1 0.46 
27 25 9 111.64 
21 22 5 0.47 
29 0 2 56.15 
20 29 1 1.72 
10 30 6 0.2 
22 23 5 0.5 
6 4 5 0.67 
29 20 2 1.72 
30 13 10 55.46 
15 22 7 0.33 
19 30 1 0.38 
0 5 2 0.2 
14 15 7 55.6 
16 34 7 55.23 
19 20 1 0.81 
22 14 9 0.71 
5 33 6 55.45 
4 11 1 0.54 
2 30 5 0.43 
15 19 7 0.54 
13 7 3 0.43 
27 1 2 55.62 
32 26 2 55.46 
31 23 1 55.73 
34 25 5 54.28 
11 28 5 55.74 
2 24 6 55.29 
29 19 8 0.37 
3 2 2 55.87 
2 22 10 0.52 
25 10 2 55.24 
27 34 2 54.5 
32 12 5 55.71 
11 0 4 55.37 
12 22 4 0.26 
30 12 9 0.17 
11 2 1 54.78 
25 28 10 0.67 
13 12 7 0.58 
6 27 5 55.72 
29 25 7 0.42 
24 33 1 0.5 
10 1 7 54.78 
24 18 4 55.52 
10 13 3 54.86 
3 29 2 55.03 
24 27 7 0.37 
29 6 3 0.72 
18 19 7 55.65 
4 0 1 55.7 
28 4 4 0.96 
4 34 4 0.75 
3 1 5 55.81 
14 28 9 0.65 
30 7 4 0.47 
31 8 8 55.63 
30 22 5 0.55 
19 22 10 55.83 
2 26 3 55.84 
29 15 9 0.51 
29 2 3 55.07 
29 31 10 54.15 
23 24 4 55.38 
17 23 3 55.36 
17 33 9 56.83 
2 12 5 55.84 
32 29 1 55.9 
0 6 4 0.99 
20 7 10 0.28 
19 10 8 0.36 
22 25 2 0.2 
24 12 8 0.41 
5 12 6 55.71 
1 21 8 0.59 
22 26 4 0.63 
31 12 5 0.47 
30 18 7 0.53 
5 14 2 55.72 
14 24 3 55.27 
27 13 8 0.54 
2 34 2 55.66 
1 6 3 55.8 
9 4 2 0.72 
9 5 2 0.37 
11 9 9 1.25 
5 21 6 0.52 
4 9 6 0.72 
8 11 6 55.94 
34 18 6 55.62 
27 18 1 55.26 
18 32 9 0.68 
12 6 10 0.52 
7 20 1 0.28 
15 28 2 0.59 
16 14 5 54.97 
10 34 4 0.83 
18 26 8 0.36 
12 17 9 54.86 
8 14 10 0.51 
1 16 10 55.48 
17 22 4 0.53 
27 29 9 0.53 
3 15 6 55.94 
26 12 7 55.86 
0 29 10 56.15 
10 19 8 0.36 
5 32 10 0.59 
34 27 9 54.5 
4 21 3 0.5 
8 9 1 55.74 
33 7 8 0.59 
11 34 4 55.43 
30 19 4 0.38 
32 16 10 0.75 
19 7 3 0.62 
33 31 1 0.45 
27 32 6 55.33 
15 20 7 55.29 
13 28 7 56.08 
0 11 9 55.37 
4 30 9 55.6 
3 19 3 0.51 
20 28 10 55.35 
8 31 2 55.63 
25 0 4 0.59 
0 32 2 56.15 
27 22 6 55.17 
20 13 1 0.42 
12 27 3 54.93 
30 16 6 0.29 
11 10 7 54.74 
5 1 6 55.58 
23 32 3 55.53 
19 0 4 55.24 
19 16 4 0.41 
2 9 6 0.51 
19 26 9 0.34 
18 12 7 0.22 
7 13 3 0.43 
22 5 10 0.16 
29 34 8 56.06 
5 18 8 0.18 
6 15 4 0.4 
22 12 9 0.26 
7 29 10 0.3 
27 9 3 55.38 
16 6 9 0.87 
7 15 5 0.52 
11 16 10 0.26 
28 16 4 55.53 
18 7 10 55.25 
5 23 2 55.67 
6 5 8 0.27 
31 16 9 54.79 
16 8 4 0.17 
25 1 2 55.2 
33 13 10 0.59 
12 21 3 55.73 
19 18 5 55.65 
20 16 8 55.73 
25 2 1 55.79 
24 26 1 1.11 
15 5 10 56.19 
20 12 7 0.57 
31 25 3 55.55 
23 14 1 55.95 
21 15 4 55.37 
14 30 2 0.18 
2 28 7 0.59 
32 5 8 0.59 
4 28 1 0.96 
23 27 4 0.47 
26 9 4 55.02 
34 0 4 1.56 
0 3 6 0.39 
27 21 5 55.44 
22 7 9 0.65 
21 17 1 55.24 
29 32 1 55.9 
29 13 9 55.44 
10 24 6 0.13 
33 24 3 0.5 
3 16 4 54.38 
20 18 10 55.32 
14 5 1 55.72 
19 12 2 0.65 
16 18 8 0.22 
7 5 7 0.76 
30 4 5 55.6 
33 15 5 2.02 
26 32 4 55.46 
21 16 6 55.84 
7 16 10 0.38 
29 23 10 0.28 
8 10 9 0.63 
5 2 6 56.04 
12 33 10 1.71 
31 32 10 0.19 
28 29 9 55.55 
20 3 9 0.91 
10 31 7 0.91 
9 32 7 55.33 
14 20 5 1.31 
20 17 3 0.46 
25 12 6 1.47 
19 15 9 0.54 
6 30 2 0.63 
32 31 2 0.19 
17 20 5 0.46 
30 34 5 1.57 
29 24 9 0.63 
6 24 2 55.53 
25 24 9 0.19 
18 2 4 0.46 
1 5 5 55.58 
3 28 10 0.29 
29 21 6 55.33 
14 3 5 55.84 
10 23 7 0.4 
32 21 2 1.02 
0 25 7 0.59 
16 11 5 0.26 
33 14 2 0.64 
15 34 10 55.35 
8 1 7 0.34 
3 20 5 0.91 
22 16 5 0.17 
20 34 6 55.96 
3 18 7 0.4 
20 15 4 55.29 
13 19 4 55.8 
5 19 5 0.84 
12 8 2 0.31 
7 33 2 0.59 
29 12 8 55.59 
28 23 3 55.7 
8 21 4 55.25 
16 3 2 54.38 
22 19 10 55.83 
27 20 9 55.23 
29 1 5 0.65 
21 20 10 1.16 
4 27 1 0.42 
17 11 2 54.95 
6 8 3 0.54 
19 25 7 55.6 
8 34 4 0.29 
1 27 5 55.62 
13 25 5 55.21 
15 2 7 55.9 
26 27 5 0.88 
32 3 10 0.53 
14 17 10 55.77 
17 14 2 55.77 
2 11 10 54.78 
11 18 3 0.68 
24 2 8 55.29 
33 17 6 56.83 
13 23 10 55.78 
2 4 6 55.22 
31 11 6 55.89 
33 0 4 55.53 
13 15 5 54.95 
27 11 5 0.36 
30 9 7 55.5 
28 21 5 56.05 
5 15 2 56.19 
14 1 9 55.71 
33 3 7 54.94 
4 26 3 0.36 
12 1 4 0.77 
23 3 4 0.84 
23 2 7 55.03 
22 34 5 0.46 
26 1 1 1.29 
10 29 6 55.32 
12 20 6 0.57 
29 22 9 0.42 
34 31 5 2.57 
3 31 8 55.63 
18 0 4 55.68 
15 0 5 55.17 
1 34 3 0.6 
14 4 10 0.35 
34 22 8 0.46 
3 24 4 55.39 
22 9 8 55.58 
16 7 6 0.38 
8 3 4 0.6 
30 0 5 0.92 
8 18 6 55.9 
16 31 1 54.79 
3 25 10 56.03 
24 23 9 55.38 
3 32 4 0.53 
22 13 2 56.3 
18 27 9 55.26 
7 28 5 0.5 
34 13 6 55.52 
13 30 1 55.46 
18 31 10 0.13 
28 34 7 0.38 
17 13 5 0.51 
17 19 7 55.06 
34 7 9 0.26 
6 17 2 0.84 
6 1 5 55.8 
3 6 9 0.51 
21 5 7 0.52 
21 3 3 55.78 
21 8 9 55.25 
24 22 3 0.62 
16 20 5 55.73 
8 15 3 0.27 
30 31 10 0.18 
13 26 8 0.19 
4 25 10 0.26 
15 12 4 55.96 
34 17 6 55.72 
2 7 2 55.22 
32 7 4 55.57 
16 33 4 55.79 
16 17 1 55.89 
9 30 9 55.5 
24 1 9 0.54 
2 21 4 55.68 
23 26 1 0.68 
9 3 4 0.66 
16 5 1 1.28 
18 22 6 56.05 
3 21 5 55.78 
2 6 1 0.34 
10 25 6 55.24 
1 10 7 54.78 
32 23 7 55.53 
15 23 8 55.07 
9 13 9 0.63 
11 13 5 55.82 
5 11 9 55.63 
32 25 6 55.56 
13 18 9 56.27 
19 31 6 55.46 
30 28 10 55.57 
30 25 1 0.64 
29 14 6 0.33 
25 29 8 0.42 
32 13 1 0.46 
31 2 10 55.24 
9 23 7 55.81 
12 15 9 55.96 
28 18 6 55.79 
34 4 8 0.75 
31 3 3 55.63 
32 30 10 55.94 
19 21 8 0.5 
2 8 2 0.38 
7 31 8 55.86 
20 11 1 55.15 
32 24 8 55.72 
16 4 3 55.52 
0 14 4 0.24 
18 6 6 0.3 
16 9 6 55.63 
31 24 6 0.34 
7 19 2 0.62 
18 25 1 0.25 
31 28 7 1.27 
24 30 7 55.79 
5 31 3 54.96 
25 27 6 111.64 
5 10 2 55.58 
0 15 6 55.17 
14 7 1 55.78 
9 15 10 0.4 
20 14 9 1.31 
10 14 7 55.06 
34 14 1 55.49 
1 23 6 0.56 
26 18 9 0.36 
16 30 4 0.29 
18 16 9 0.22 
4 20 2 0.46 
9 2 3 0.51 
1 7 1 0.77 
22 2 4 0.52 
27 12 5 54.93 
31 33 1 0.45 
15 1 9 55.72 
10 18 3 55.16 
20 8 1 55.48 
5 9 3 0.37 
32 20 1 1.57 
29 11 6 0.46 
27 16 8 54.46 
34 29 2 56.06 
0 9 3 55.27 
11 8 1 55.94 
3 7 7 55.51 
7 1 8 0.77 
0 20 4 56.03 
23 15 10 55.07 
25 21 7 55.74 
13 16 2 0.35 
14 32 6 0.5 
18 11 9 0.68 
3 11 8 55.42 
16 0 4 55.65 
24 8 9 54.55 
13 20 7 0.42 
17 16 3 55.89 
12 29 1 55.59 
25 23 8 55.77 
6 14 6 0.55 
9 1 1 55.96 
13 29 7 55.44 
33 30 8 0.27 
17 0 6 55.4 
18 29 3 0.38 
23 22 6 0.5 
13 22 3 56.3 
5 7 4 0.76 
20 31 10 1.26 
15 17 1 55.85 
10 0 10 0.23 
28 7 10 0.5 
9 20 4 0.32 
19 2 9 54.9 
5 20 5 0.61 
12 4 5 55.4 
1 0 9 0.4 
16 27 1 54.46 
5 4 4 55.37 
13 27 8 0.54 
24 29 1 0.63 
9 28 9 55.65 
1 4 1 0.55 
4 14 3 0.35 
34 23 2 0.3 
15 3 4 55.94 
6 31 10 55.63 
23 12 1 0.17 
2 19 9 54.9 
33 2 6 55.9 
9 25 9 0.55 
17 6 4 0.84 
19 13 3 55.8 
7 24 9 55.38 
29 26 1 55.72 
30 26 2 55.94 
27 17 5 56.74 
1 14 10 55.71 
7 3 10 55.51 
21 32 10 1.02 
10 17 6 55.98 
21 33 5 55.83 
27 2 4 1.53 
24 14 2 55.27 
19 14 1 55.51 
27 31 9 0.87 
23 25 2 55.77 
11 5 10 55.63 
27 4 9 0.42 
12 2 10 55.84 
8 23 9 55.35 
10 32 4 55.45 
30 3 4 0.29 
31 27 8 0.87 
10 28 8 0.54 
23 8 1 55.35 
2 31 2 55.24 
1 9 9 55.96 
7 26 3 0.72 
1 29 1 0.65 
18 20 4 55.32 
19 1 6 55.23 
1 13 4 55.7 
3 22 1 55.4 
12 18 2 0.22 
28 24 10 55.75 
10 7 1 0.42 
0 33 4 55.53 
8 20 5 55.48 
24 32 2 55.72 
31 10 8 0.91 
26 11 1 0.38 
12 9 10 0.67 
2 25 1 55.79 
13 17 2 0.51 
23 11 4 55.8 
4 7 3 55.24 
10 12 9 55.86 
17 1 8 1.7 
0 21 6 1.22 
6 20 4 55.3 
29 3 8 55.03 
34 11 6 55.43 
26 0 5 1.21 
6 16 3 0.87 
9 21 8 0.44 
26 5 4 55.28 
6 18 3 0.3 
10 5 9 55.58 
21 6 6 0.78 
13 24 10 0.68 
23 21 7 55.43 
23 18 5 55.37 
7 32 1 55.57 
2 1 3 55.61 
17 28 5 0.49 
24 16 8 55.58 
5 8 7 0.46 
17 21 5 55.24 
22 21 6 0.47 
5 3 2 56.35 
10 9 8 0.69 
7 12 2 0.76 
12 28 8 0.17 
29 7 6 0.3 
28 1 10 55.82 
11 1 4 55.58 
25 33 3 0.56 
11 19 2 55.96 
25 11 7 55.71 
17 29 7 55.5 
20 1 4 54.51 
17 34 9 55.72 
8 26 1 1.03 
8 32 9 55.45 
27 0 3 55.49 
27 3 6 111.35 
26 13 3 0.19 
13 2 10 0.36 
30 15 6 55.35 
7 25 4 55.79 
17 31 6 0.8 
13 31 8 55.34 
1 15 10 55.72 
11 21 10 0.34 
25 19 10 55.6 
10 27 1 55.8 
30 21 2 0.52 
20 23 3 0.26 
25 34 9 54.28 
26 31 4 0.35 
32 18 10 0.68 
23 16 5 0.48 
9 10 4 0.69 
4 32 8 55.45 
1 20 9 54.51 
16 23 5 0.48 
32 9 10 55.33 
16 24 6 55.58 
19 11 6 55.96 
19 17 6 55.06 
7 21 3 55.46 
3 17 1 56.38 
6 22 2 55.73 
33 12 6 1.71 
31 9 8 56.24 
3 10 6 1.36 
14 6 8 0.55 
26 22 10 0.63 
25 20 8 55.14 
1 22 3 0.55 
21 13 6 0.44 
10 2 8 0.84 
22 30 4 0.55 
7 18 6 55.25 
25 17 1 56.23 
17 9 8 0.57 
1 11 5 55.58 
18 17 4 0.55 
12 14 2 0.72 
32 2 1 55.18 
22 3 7 55.4 
27 19 4 0.38 
2 14 6 55.36 
22 10 7 0.35 
6 29 1 0.72 
8 30 10 0.35 
24 11 2 0.66 
18 21 7 0.22 
32 34 2 1.1 
30 14 1 0.18 
30 2 6 0.43 
18 30 6 0.53 
5 22 4 0.16 
32 33 1 55.6 
31 1 3 1.16 
14 25 2 55.79 
0 19 5 55.24 
7 23 1 0.8 
32 14 4 0.5 
22 4 5 0.62 
5 29 5 55.2 
8 5 6 0.46 
18 15 8 0.38 
1 2 6 55.61 
23 29 5 0.28 
9 27 5 55.38 
0 23 4 0.22 
3 4 9 55.48 
25 13 7 55.21 
14 9 3 55.5 
5 13 10 55.22 
20 26 7 1.03 
8 24 4 54.55 
29 27 1 0.53 
21 11 2 0.34 
16 15 9 55.75 
23 6 1 0.58 
11 32 1 0.4 
23 34 3 0.3 
9 29 1 55.6 
22 24 6 0.62 
18 24 3 55.52 
4 23 5 0.66 
2 29 1 55.07 
34 30 8 1.57 
6 28 4 55.87 
25 4 6 0.26 
5 0 7 0.2 
1 25 10 55.2 
8 33 1 0.35 
28 26 5 1.08 
22 0 3 55.29 
10 22 9 0.35 
27 6 8 55.72 
12 24 2 0.41 
31 19 3 55.46 
12 5 5 55.71 
12 32 4 55.71 
25 15 1 55.97 
18 5 1 0.18 
19 4 6 0.53 
19 29 10 0.37 
24 17 6 55.16 
28 6 3 55.87 
11 27 4 0.36 
14 22 4 0.71 
11 20 10 55.15 
34 3 2 55.24 
31 22 4 0.38 
20 6 4 55.3 
20 9 4 0.32 
8 4 7 0.83 
17 30 2 55.5 
18 3 7 0.4 
8 2 2 0.38 
11 7 2 55.94 
32 6 8 55.92 
12 10 7 55.86 
5 30 6 0.22 
17 27 5 56.74 
33 25 3 0.56 
26 23 9 0.68 
33 28 4 0.24 
17 24 7 55.16 
28 22 5 56.01 
16 25 7 54.93 
13 33 9 0.59 
0 4 3 55.7 
25 8 1 0.45 
5 34 1 1.52 
1 28 1 55.82 
10 21 5 1.33 
32 19 6 0.34 
24 15 3 55.5 
20 4 10 0.46 
33 19 8 0.64 
3 9 3 0.66 
16 19 8 0.41 
11 6 4 55.78 
10 20 4 55.2 
27 14 9 55.84 
29 10 1 55.32 
7 17 4 55.42 
18 10 2 55.16 
18 4 3 55.6 
30 17 2 55.5 
27 15 8 56.49 
31 6 10 55.63 
18 34 2 55.62 
28 19 9 55.68 
2 33 10 55.9 
20 22 6 55.23 
19 33 4 0.64 
33 32 2 55.6 
15 29 3 0.51 
13 1 5 55.7 
28 27 8 0.37 
17 3 8 56.38 
29 18 5 0.38 
11 4 10 0.54 
31 21 3 0.15 
12 19 1 0.65 
14 34 1 55.49 
3 34 1 55.24 
7 27 3 55.32 
20 24 1 55.69 
25 3 3 56.03 
20 19 2 0.81 
34 19 8 55.23 
21 4 5 0.5 
34 9 2 0.53 
26 4 1 0.36 
6 21 4 0.78 
33 11 7 0.35 
18 1 10 0.59 
1 19 7 55.23 
5 28 8 0.22 
33 1 10 0.82 
6 23 9 0.58 
21 2 5 55.68 
30 29 9 56.82 
11 31 9 55.89 
16 10 8 55.85 
10 3 2 1.36 
23 28 10 55.7 
14 11 7 0.82 
6 33 8 0.65 
5 24 1 0.32 
19 28 2 55.68 
6 19 7 55.46 
15 27 2 56.49 
27 30 2 0.71 
2 16 10 56.21 
28 17 5 0.49 
15 7 8 0.52 
15 33 5 2.02 
32 11 6 0.4 
29 4 9 55.42 
33 4 5 55.3 
34 2 6 55.66 
9 24 7 0.37 
32 8 10 55.45 
24 34 9 0.66 
33 5 1 55.45 
7 30 7 0.47 
8 25 1 0.45 
26 29 2 55.72 
7 8 6 0.66 
7 4 7 55.24 
4 33 8 55.3 
29 9 7 55.6 
8 22 7 56.3 
9 34 3 0.53 
33 8 8 0.35 
34 12 5 55.78 
31 7 9 55.86 
13 6 2 55.28 
10 4 1 0.32 
28 25 8 0.67 
21 31 1 0.15 
33 22 2 0.22 
23 13 5 55.78 
32 28 6 0.49 
24 13 3 0.68 
9 18 4 0.52 
15 25 4 55.97 
19 6 1 55.46 
26 24 9 1.11 
4 29 6 55.42 
0 8 6 0.58 
30 11 9 0.45 
1 8 3 0.34 
1 31 7 1.16 
3 13 6 55.14 
33 6 3 0.65 
24 3 10 55.39 
31 30 1 0.18 
33 16 2 55.79 
17 5 3 56.07 
6 7 3 0.64 
0 26 4 1.21 
15 30 10 55.35 
29 8 10 0.34 
28 0 8 0.57 
18 23 7 55.37 
29 16 8 55.94 
22 8 8 56.3 
15 9 10 0.4 
4 5 2 55.37 
22 20 2 55.23 
21 25 5 55.74 
32 0 10 56.15 
4 3 1 55.48 
0 31 10 0.29 
26 17 6 54.55 
21 9 1 0.44 
2 13 2 0.36 
22 6 3 55.73 
32 22 9 0.52 
27 24 6 0.37 
28 20 5 55.35 
4 13 8 55.75 
28 9 9 55.65 
3 27 4 111.35 
1 30 4 55.51 
26 20 8 1.03 
24 19 6 0.58 
11 30 2 0.45 
9 11 2 1.25 
26 8 6 1.03 
9 31 1 56.24 
14 16 8 54.97 
16 2 3 56.21 
20 21 1 1.16 
31 4 4 0.43 
31 15 1 55.22 
27 8 6 55.2 
33 29 1 55.4 
31 17 2 0.8 
26 3 5 54.88 
34 6 8 0.93 
8 0 5 0.58 
6 26 1 0.82 
0 16 8 55.65 
8 17 8 0.46 
16 12 1 55.79 
6 34 5 0.93 
22 33 3 0.22 
33 23 3 0.23 
10 16 6 55.85 
2 27 7 1.53 
21 0 8 1.22 
14 18 6 55.39 
22 1 6 0.55 
34 10 9 0.83 
19 9 3 55.79 
6 0 1 0.99 
20 2 9 0.77 
2 15 5 55.9 
4 24 8 55.73 
19 32 3 0.34 
14 10 7 55.06 
1 26 6 1.29 
21 28 1 56.05 
18 13 8 56.27 
7 10 8 0.42 
31 26 4 0.35 
4 22 2 0.62 
20 25 9 55.14 
31 20 8 1.26 
31 18 7 0.13 
28 5 2 0.22 
21 27 3 55.44 
28 12 9 0.17 
4 15 5 55.41 
15 8 6 0.27 
6 2 3 0.34 
31 13 4 55.34 
21 26 6 1.34 
0 10 7 0.23 
11 23 6 55.8 
0 28 5 0.57 
21 14 1 0.53 
32 4 10 55.45 
16 26 7 55.84 
12 7 10 0.76 
26 7 6 0.72 
0 18 6 55.68 
30 27 4 0.71 
10 26 9 55.66 
21 18 2 0.22 
7 14 9 55.78 
13 10 5 54.86 
21 29 7 55.33 
22 11 8 55.95 
25 22 5 0.2 
34 32 1 1.1 
8 7 9 0.66 
28 11 9 55.74 
14 33 5 0.64 
12 34 6 55.78 
3 23 6 0.84 
5 26 8 55.28 
31 34 10 2.57 
3 26 4 54.88 
9 6 9 55.72 
8 27 1 55.2 
26 34 9 55.94 
28 33 1 0.24 
29 30 2 56.82 
33 21 5 55.83 
24 31 4 0.34 
6 32 8 55.92 
28 32 7 0.49 
25 9 3 0.55 
2 3 9 55.87 
23 9 8 55.81 
21 1 10 0.59 
15 6 4 0.4 
11 17 10 54.95 
32 10 8 55.45 
31 29 3 54.15 
27 10 3 55.8 
23 10 8 0.4 
15 26 5 0.89 
27 23 1 0.47 
5 16 6 1.28 
6 11 10 55.78 
7 2 3 55.22 
15 16 7 55.75 
3 8 6 0.6 
30 8 7 0.35 
15 4 8 55.41 
4 1 1 0.55 
28 30 7 55.57 
26 2 9 55.84 
22 18 7 56.05 
20 27 8 55.23 
23 1 3 0.56 
34 8 3 0.29 
26 33 5 55.8 
14 0 6 0.24 
20 33 5 0.58 
21 12 9 55.73 
9 17 10 0.57 
17 10 6 55.98 
14 2 2 55.36 
0 24 1 55.39 
24 9 2 0.37 
14 21 9 0.53 
17 25 2 56.23 
30 23 9 0.32 
6 9 2 55.72 
9 14 8 55.5 
19 24 6 0.58 
34 16 1 55.23 
3 30 10 0.29 
12 0 5 55.43 
31 5 3 54.96 
26 21 10 1.34 
4 18 5 55.6 
26 16 10 55.84 
8 28 8 55.9 
15 24 6 55.5 
24 0 9 55.39 
23 4 2 0.66 
24 4 3 55.73 
21 10 8 1.33 
11 22 8 55.95 
23 31 3 55.73 
3 0 7 0.39 
29 5 8 55.2 
34 28 5 0.38 
5 6 3 0.27 
14 12 7 0.72 
20 30 3 1.67 
24 28 9 55.75 
2 18 9 0.46 
11 12 9 0.37 
27 28 9 0.37 
19 27 6 0.38 
18 28 6 55.79 
15 14 3 55.6 
29 17 8 55.5 
11 3 9 55.42 
32 27 2 55.33 
23 0 10 0.22 
26 30 5 55.94 
22 28 8 56.01 
26 19 10 0.34 
12 16 2 55.79 
22 32 1 0.52 
26 10 3 55.66 
26 15 2 0.89 
25 32 2 55.56 
33 26 4 55.8 
4 31 2 0.43 
30 24 7 55.79 
17 18 2 0.55 
28 31 5 1.27 
33 34 10 55.73 
6 25 9 0.43 
22 31 6 0.38 
34 21 9 55.63 
13 0 5 55.16 
17 26 4 54.55 
9 7 8 55.88 
6 10 10 55.35 
26 14 7 0.32 
16 22 4 0.17 
34 5 2 1.52 
13 9 3 0.63 
4 17 10 55.31 
22 27 2 55.17 
13 21 9 0.44 
6 3 1 0.51 
9 22 1 55.58 
31 14 7 55.96 
26 25 5 0.88 
28 2 8 0.59 
13 11 6 55.82 
22 29 2 0.42 
12 26 9 55.86 
0 30 9 0.92 
21 24 1 0.8 
11 33 7 0.35 
25 30 5 0.64 
30 1 4 55.51 
10 6 4 55.35 
23 17 5 55.36 
29 28 8 55.55 
4 10 5 0.32 
32 1 8 56 
33 27 10 55.02 
1 32 1 56 
9 19 6 55.79 
21 34 8 55.63 
7 9 1 55.88 
3 12 10 1.08 
0 12 1 55.43 
7 0 7 0.19 
2 5 9 56.04 
33 18 4 0.2 
12 3 9 1.08 
4 19 9 0.53 
12 30 3 0.17 
14 19 10 55.51 
4 6 6 0.67 
11 25 4 55.71 
26 6 2 0.82 
0 27 1 55.49 
4 12 9 55.4 
32 15 2 0.27 
28 15 7 0.59 
30 10 9 0.2 
27 7 3 55.32 
18 9 5 0.52 
28 8 1 55.9 
15 32 3 0.27 
1 18 9 0.59 
21 30 6 0.52 
16 1 5 55.48 
1 3 3 55.81 
25 31 3 55.55 
17 2 5 1.79 
15 18 6 0.38 
34 1 8 0.6 
9 16 9 55.63 
20 5 1 0.61 
17 7 3 55.42 
4 8 3 0.83 
30 5 6 0.22 
12 23 1 0.17 
21 7 3 55.46 
27 33 1 55.02 
22 17 8 0.53 
9 8 3 55.74 
15 21 7 55.37 
34 24 1 0.66 
1 33 4 0.82 
23 20 7 0.26 
23 30 4 0.32 
24 25 1 0.19 
25 6 3 0.43 
17 4 3 55.31 
32 17 7 1.1 
19 3 10 0.51 
1 17 8 1.7 
2 10 9 0.84 
7 6 3 0.64 
10 8 5 0.63 
30 6 7 0.63 
25 7 8 55.79 
34 20 4 55.96 
18 8 1 55.9 
12 13 1 0.58 
34 15 10 55.35 
23 33 4 0.23 
22 15 3 0.33 
14 23 10 55.95 
0 22 3 55.29 
33 20 1 0.58 
16 13 3 0.35 
3 33 2 54.94 
3 14 6 55.84 
1 12 8 0.77 
6 13 8 55.28 
11 24 1 0.66 
30 20 2 1.67 
28 3 9 0.29 
9 0 7 55.27 
11 15 3 55.19 
33 9 3 0.79 
24 6 2 55.53 
24 7 6 55.38 
16 32 2 0.75 
2 20 9 0.77 
30 32 2 55.94 
29 33 2 55.4 
7 11 10 55.94 
14 29 8 0.33 
28 14 9 0.65 
14 13 7 0.43 
12 31 1 0.47 
30 33 9 0.27 
9 33 10 0.79 
5 17 5 56.07 
0 2 3 55.45 
10 11 10 54.74 
0 1 10 0.4 
16 21 6 55.84 
4 16 10 55.52 
9 26 6 55.02 
13 34 2 55.52 
25 16 7 54.93 
6 12 10 0.52 
13 5 5 55.22 
