35 160 1176 
0 24 600 170 0 55.91 
0 30 600 160 0 55.89 
0 32 600 210 0 56.14 
1 3 600 160 0 55.86 
1 6 600 190 0 56.03 
1 9 600 180 0 55.97 
1 14 600 210 0 56.11 
1 21 600 220 0 56.2 
1 28 600 250 0 56.34 
2 12 600 140 0 55.76 
2 15 600 130 0 55.71 
2 17 600 180 0 56 
2 33 600 150 0 55.85 
3 14 600 210 0 56.11 
3 17 600 160 0 55.87 
3 25 600 230 0 56.23 
3 27 600 210 0 56.11 
4 6 600 270 0 56.43 
4 18 600 160 0 55.89 
4 24 600 150 0 55.81 
4 28 600 200 0 56.06 
5 25 600 130 0 55.74 
5 27 600 180 0 56 
6 9 600 230 0 56.21 
6 21 600 170 0 55.91 
6 24 600 280 0 56.49 
6 28 600 210 0 56.11 
6 32 600 200 0 56.06 
7 9 600 180 0 56 
7 14 600 160 0 55.89 
7 23 600 130 0 55.71 
7 31 600 130 0 55.74 
8 11 600 200 0 56.1 
8 13 600 140 0 55.78 
8 19 600 180 0 55.96 
8 22 600 200 0 56.09 
8 28 600 240 0 56.27 
9 11 600 150 0 55.81 
9 14 600 170 0 55.92 
9 23 600 190 0 56.01 
9 28 600 220 0 56.16 
10 15 600 210 0 56.14 
10 33 600 140 0 55.78 
11 22 600 240 0 56.26 
11 23 600 160 0 55.88 
11 28 600 200 0 56.07 
12 16 600 150 0 55.82 
12 33 600 140 0 55.76 
13 22 600 190 0 56.05 
14 25 600 230 0 56.25 
15 17 600 170 0 55.91 
15 27 600 160 0 55.89 
16 21 600 320 0 56.66 
16 26 600 260 0 56.36 
16 33 600 170 0 55.92 
16 34 600 320 0 56.68 
17 21 600 260 0 56.37 
17 25 600 250 0 56.34 
17 26 600 340 0 56.77 
17 27 600 180 0 55.96 
18 22 600 120 0 55.7 
18 28 600 180 0 55.99 
19 23 600 130 0 55.74 
20 26 600 250 0 56.35 
20 29 600 170 0 55.92 
20 30 600 200 0 56.08 
21 32 600 190 0 56.01 
21 34 600 170 0 55.92 
22 28 600 180 0 55.99 
23 31 600 150 0 55.82 
24 32 600 240 0 56.3 
25 31 600 290 0 56.55 
26 29 600 220 0 56.19 
26 34 600 210 0 56.11 
28 32 600 260 0 56.37 
29 30 600 200 0 56.1 
29 32 600 180 0 55.96 
29 34 600 140 0 55.76 
30 32 600 180 0 55.97 
32 34 600 180 0 55.99 
24 0 600 170 0 55.91 
30 0 600 160 0 55.89 
32 0 600 210 0 56.14 
3 1 600 160 0 55.86 
6 1 600 190 0 56.03 
9 1 600 180 0 55.97 
14 1 600 210 0 56.11 
21 1 600 220 0 56.2 
28 1 600 250 0 56.34 
12 2 600 140 0 55.76 
15 2 600 130 0 55.71 
17 2 600 180 0 56 
33 2 600 150 0 55.85 
14 3 600 210 0 56.11 
17 3 600 160 0 55.87 
25 3 600 230 0 56.23 
27 3 600 210 0 56.11 
6 4 600 270 0 56.43 
18 4 600 160 0 55.89 
24 4 600 150 0 55.81 
28 4 600 200 0 56.06 
25 5 600 130 0 55.74 
27 5 600 180 0 56 
9 6 600 230 0 56.21 
21 6 600 170 0 55.91 
24 6 600 280 0 56.49 
28 6 600 210 0 56.11 
32 6 600 200 0 56.06 
9 7 600 180 0 56 
14 7 600 160 0 55.89 
23 7 600 130 0 55.71 
31 7 600 130 0 55.74 
11 8 600 200 0 56.1 
13 8 600 140 0 55.78 
19 8 600 180 0 55.96 
22 8 600 200 0 56.09 
28 8 600 240 0 56.27 
11 9 600 150 0 55.81 
14 9 600 170 0 55.92 
23 9 600 190 0 56.01 
28 9 600 220 0 56.16 
15 10 600 210 0 56.14 
33 10 600 140 0 55.78 
22 11 600 240 0 56.26 
23 11 600 160 0 55.88 
28 11 600 200 0 56.07 
16 12 600 150 0 55.82 
33 12 600 140 0 55.76 
22 13 600 190 0 56.05 
25 14 600 230 0 56.25 
17 15 600 170 0 55.91 
27 15 600 160 0 55.89 
21 16 600 320 0 56.66 
26 16 600 260 0 56.36 
33 16 600 170 0 55.92 
34 16 600 320 0 56.68 
21 17 600 260 0 56.37 
25 17 600 250 0 56.34 
26 17 600 340 0 56.77 
27 17 600 180 0 55.96 
22 18 600 120 0 55.7 
28 18 600 180 0 55.99 
23 19 600 130 0 55.74 
26 20 600 250 0 56.35 
29 20 600 170 0 55.92 
30 20 600 200 0 56.08 
32 21 600 190 0 56.01 
34 21 600 170 0 55.92 
28 22 600 180 0 55.99 
31 23 600 150 0 55.82 
32 24 600 240 0 56.3 
31 25 600 290 0 56.55 
29 26 600 220 0 56.19 
34 26 600 210 0 56.11 
32 28 600 260 0 56.37 
30 29 600 200 0 56.1 
32 29 600 180 0 55.96 
34 29 600 140 0 55.76 
32 30 600 180 0 55.97 
34 32 600 180 0 55.99 
13 3 6 55.85 
28 13 3 112.16 
19 34 4 55.67 
17 15 10 111.8 
0 34 3 56.55 
11 26 9 55.46 
16 28 7 56.05 
23 7 8 56.5 
8 6 5 55.94 
12 25 9 56.12 
0 13 2 55.89 
26 28 7 55.83 
15 11 8 55.62 
27 26 6 56.24 
17 32 7 55.84 
7 22 9 55.94 
3 5 4 112.16 
18 14 2 55.87 
0 17 9 56.22 
14 8 9 55.98 
34 26 2 112 
19 5 9 55.9 
21 19 7 55.73 
21 23 5 55.91 
8 16 10 55.71 
31 0 1 0.51 
25 18 6 55.65 
7 34 5 1.13 
17 8 10 55.32 
11 29 6 0.92 
2 23 5 55.6 
24 20 5 56.35 
28 10 7 0.94 
17 12 2 111.64 
20 0 1 111.75 
24 5 1 0.57 
20 32 10 57.53 
8 12 8 55.09 
8 29 9 55.75 
12 11 9 0.77 
25 14 8 111.88 
14 27 5 111.47 
23 5 2 56.03 
15 13 6 55.24 
2 0 1 55.67 
13 14 1 0.91 
24 21 3 56.32 
2 17 2 57.65 
18 33 9 0.52 
0 7 6 55.69 
24 10 10 55.58 
2 32 7 55.89 
14 26 3 1.24 
15 31 6 56 
1 24 1 56.09 
16 29 3 56.9 
34 33 6 111.34 
20 10 10 56.68 
11 14 7 56.67 
14 31 2 112.1 
9 12 9 55.61 
25 26 3 56 
4 2 6 55.64 
13 4 7 56.46 
13 32 1 1.3 
27 25 9 112.54 
21 22 5 55.83 
29 0 2 111.94 
20 29 1 57.68 
10 30 6 0.85 
22 23 5 56.19 
6 4 5 56.41 
29 20 2 57.68 
30 13 10 55.88 
15 22 7 0.79 
19 30 1 0.76 
0 5 2 55.53 
14 15 7 111.24 
16 34 7 110.89 
19 20 1 55.64 
22 14 9 55.87 
5 33 6 56.92 
4 11 1 56.22 
2 30 5 55.77 
15 19 7 55.43 
13 7 3 1.13 
27 1 2 56.48 
32 26 2 111.63 
31 23 1 56.83 
34 25 5 55.48 
11 28 5 111.64 
2 24 6 55.76 
29 19 8 0.8 
3 2 2 111.61 
2 22 10 0.85 
25 10 2 57 
27 34 2 55.94 
32 12 5 56.96 
11 0 4 55.84 
12 22 4 0.79 
30 12 9 55.82 
11 2 1 55.24 
25 28 10 55.86 
13 12 7 0.86 
6 27 5 56.28 
29 25 7 55.76 
24 33 1 55.76 
10 1 7 56.04 
24 18 4 56.25 
10 13 3 55.31 
3 29 2 55.61 
24 27 7 55.75 
29 6 3 56.43 
18 19 7 111.2 
4 0 1 56.44 
28 4 4 56.75 
4 34 4 56.11 
3 1 5 110.84 
14 28 9 56.27 
30 7 4 55.77 
31 8 8 56.99 
30 22 5 55.69 
19 22 10 111.53 
2 26 3 111.56 
29 15 9 55.86 
29 2 3 56.53 
29 31 10 54.43 
23 24 4 55.83 
17 23 3 55.79 
17 33 9 112.89 
2 12 5 111.78 
32 29 1 57.45 
0 6 4 56.71 
20 7 10 0.7 
19 10 8 55.28 
22 25 2 0.66 
24 12 8 55.77 
5 12 6 57.09 
1 21 8 56.32 
22 26 4 55.72 
31 12 5 55.39 
30 18 7 1.2 
5 14 2 111.54 
14 24 3 55.9 
27 13 8 55.65 
2 34 2 111.35 
1 6 3 111.54 
9 4 2 56.28 
9 5 2 55.85 
11 9 9 56.98 
5 21 6 56.2 
4 9 6 56.28 
8 11 6 111.86 
34 18 6 56.02 
27 18 1 55.74 
18 32 9 56.12 
12 6 10 55.83 
7 20 1 0.7 
15 28 2 55.74 
16 14 5 55.56 
10 34 4 56.19 
18 26 8 55.68 
12 17 9 111.64 
8 14 10 55.98 
1 16 10 56.2 
17 22 4 1.22 
27 29 9 55.79 
3 15 6 111.95 
26 12 7 111.73 
0 29 10 111.94 
10 19 8 55.28 
5 32 10 55.86 
34 27 9 55.94 
4 21 3 56.23 
8 9 1 111.31 
33 7 8 1.08 
11 34 4 55.8 
30 19 4 0.76 
32 16 10 56.69 
19 7 3 56.34 
33 31 1 55.22 
27 32 6 55.97 
15 20 7 55.83 
13 28 7 112.16 
0 11 9 55.84 
4 30 9 56.14 
3 19 3 56.15 
20 28 10 55.8 
8 31 2 56.99 
25 0 4 55.67 
0 32 2 112.04 
27 22 6 55.54 
20 13 1 55.7 
12 27 3 110.69 
30 16 6 56.2 
11 10 7 55.55 
5 1 6 111.32 
23 32 3 55.9 
19 0 4 55.63 
19 16 4 0.89 
2 9 6 55.7 
19 26 9 1.42 
18 12 7 0.51 
7 13 3 1.13 
22 5 10 0.41 
29 34 8 112.02 
5 18 8 0.61 
6 15 4 1.86 
22 12 9 0.79 
7 29 10 55.75 
27 9 3 56.02 
16 6 9 56.35 
7 15 5 55.86 
11 16 10 0.76 
28 16 4 56.05 
18 7 10 55.72 
5 23 2 56.03 
6 5 8 55.94 
31 16 9 55.08 
16 8 4 55.71 
25 1 2 56.27 
33 13 10 0.84 
12 21 3 111.41 
19 18 5 111.2 
20 16 8 56.4 
25 2 1 111.86 
24 26 1 55.97 
15 5 10 112.33 
20 12 7 56.12 
31 25 3 56.19 
23 14 1 56.76 
21 15 4 57.42 
14 30 2 0.83 
2 28 7 55.62 
32 5 8 55.86 
4 28 1 56.75 
23 27 4 55.74 
26 9 4 55.48 
34 0 4 56.55 
0 3 6 0.92 
27 21 5 56.83 
22 7 9 55.94 
21 17 1 56.09 
29 32 1 57.45 
29 13 9 55.81 
10 24 6 55.58 
33 24 3 55.76 
3 16 4 55.92 
20 18 10 55.91 
14 5 1 111.54 
19 12 2 1.14 
16 18 8 55.75 
7 5 7 56.1 
30 4 5 56.14 
33 15 5 57.68 
26 32 4 111.63 
21 16 6 111.04 
7 16 10 55.68 
29 23 10 55.68 
8 10 9 0.94 
5 2 6 57.38 
12 33 10 57.33 
31 32 10 1.05 
28 29 9 56.02 
20 3 9 55.92 
10 31 7 55.72 
9 32 7 110.98 
14 20 5 55.73 
20 17 3 55.94 
25 12 6 56.12 
19 15 9 55.43 
6 30 2 56.35 
32 31 2 1.05 
17 20 5 55.94 
30 34 5 57.48 
29 24 9 56.43 
6 24 2 56.86 
25 24 9 0.73 
18 2 4 0.8 
1 5 5 111.32 
3 28 10 56.06 
29 21 6 111.05 
14 3 5 111.62 
10 23 7 55.43 
32 21 2 56.75 
0 25 7 55.67 
16 11 5 0.76 
33 14 2 55.7 
15 34 10 56.93 
8 1 7 55.8 
3 20 5 55.92 
22 16 5 55.7 
20 34 6 112.09 
3 18 7 0.87 
20 15 4 55.83 
13 19 4 56.36 
5 19 5 55.9 
12 8 2 55.09 
7 33 2 1.08 
29 12 8 111.04 
28 23 3 111.46 
8 21 4 55.79 
16 3 2 55.92 
22 19 10 111.53 
27 20 9 55.73 
29 1 5 56.05 
21 20 10 56.42 
4 27 1 55.82 
17 11 2 55.46 
6 8 3 55.94 
19 25 7 56.12 
8 34 4 0.81 
1 27 5 56.48 
13 25 5 55.54 
15 2 7 111.75 
26 27 5 56.24 
32 3 10 56.14 
14 17 10 56.55 
17 14 2 56.55 
2 11 10 55.24 
11 18 3 56.54 
24 2 8 55.76 
33 17 6 112.89 
13 23 10 111.12 
2 4 6 55.64 
31 11 6 111.34 
33 0 4 55.83 
13 15 5 55.24 
27 11 5 55.64 
30 9 7 55.81 
28 21 5 111.75 
5 15 2 112.33 
14 1 9 56.46 
33 3 7 110.17 
4 26 3 0.79 
12 1 4 55.85 
23 3 4 56.35 
23 2 7 55.6 
22 34 5 0.86 
26 1 1 56.08 
10 29 6 55.93 
12 20 6 56.12 
29 22 9 55.49 
34 31 5 55.66 
3 31 8 57.46 
18 0 4 56.24 
15 0 5 55.54 
1 34 3 56.22 
14 4 10 55.86 
34 22 8 0.86 
3 24 4 55.89 
22 9 8 111.13 
16 7 6 55.68 
8 3 4 1.12 
30 0 5 56.67 
8 18 6 111.48 
16 31 1 55.08 
3 25 10 111.98 
24 23 9 55.83 
3 32 4 56.14 
22 13 2 112.28 
18 27 9 55.74 
7 28 5 56.16 
34 13 6 55.92 
13 30 1 55.88 
18 31 10 55.64 
28 34 7 55.99 
17 13 5 1.02 
17 19 7 55.69 
34 7 9 1.13 
6 17 2 56.26 
6 1 5 111.54 
3 6 9 56.35 
21 5 7 56.2 
21 3 3 56.35 
21 8 9 55.79 
24 22 3 56.21 
16 20 5 56.4 
8 15 3 0.79 
30 31 10 0.56 
13 26 8 0.95 
4 25 10 0.62 
15 12 4 112.02 
34 17 6 56.69 
2 7 2 55.89 
32 7 4 55.87 
16 33 4 111.53 
16 17 1 111.55 
9 30 9 55.81 
24 1 9 56.09 
2 21 4 111.14 
23 26 1 55.57 
9 3 4 56.52 
16 5 1 55.88 
18 22 6 111.92 
3 21 5 56.35 
2 6 1 1.86 
10 25 6 57 
1 10 7 56.04 
32 23 7 55.9 
15 23 8 55.54 
9 13 9 56.24 
11 13 5 111.86 
5 11 9 56.08 
32 25 6 55.9 
13 18 9 112.22 
19 31 6 56.17 
30 28 10 56.09 
30 25 1 55.78 
29 14 6 0.84 
25 29 8 55.76 
32 13 1 1.3 
31 2 10 56.08 
9 23 7 56.52 
12 15 9 112.02 
28 18 6 111.64 
34 4 8 56.11 
31 3 3 57.46 
32 30 10 111.9 
19 21 8 55.73 
2 8 2 0.84 
7 31 8 56.99 
20 11 1 55.76 
32 24 8 57.69 
16 4 3 55.87 
0 14 4 0.63 
18 6 6 56.08 
16 9 6 55.9 
31 24 6 55.59 
7 19 2 56.34 
18 25 1 55.65 
31 28 7 56.14 
24 30 7 56.94 
5 31 3 110.44 
25 27 6 112.54 
5 10 2 111.21 
0 15 6 55.54 
14 7 1 111.56 
9 15 10 0.95 
20 14 9 55.73 
10 14 7 56.18 
34 14 1 55.9 
1 23 6 56.27 
26 18 9 55.68 
16 30 4 56.2 
18 16 9 55.75 
4 20 2 1.18 
9 2 3 55.7 
1 7 1 56.5 
22 2 4 0.85 
27 12 5 110.69 
31 33 1 55.22 
15 1 9 56.63 
10 18 3 55.48 
20 8 1 55.9 
5 9 3 55.85 
32 20 1 57.53 
29 11 6 0.92 
27 16 8 56.43 
34 29 2 112.02 
0 9 3 55.99 
11 8 1 111.86 
3 7 7 56.55 
7 1 8 56.5 
0 20 4 111.75 
23 15 10 55.54 
25 21 7 56.16 
13 16 2 0.52 
14 32 6 55.96 
18 11 9 56.54 
3 11 8 56.22 
16 0 4 56.05 
24 8 9 55.81 
13 20 7 55.7 
17 16 3 111.55 
12 29 1 111.04 
25 23 8 56.72 
6 14 6 56.3 
9 1 1 111.72 
13 29 7 55.81 
33 30 8 55.83 
17 0 6 56.22 
18 29 3 1.07 
23 22 6 56.19 
13 22 3 112.28 
5 7 4 56.1 
20 31 10 55.56 
15 17 1 111.8 
10 0 10 55.68 
28 7 10 56.16 
9 20 4 1.43 
19 2 9 55.52 
5 20 5 55.79 
12 4 5 55.71 
1 0 9 56.07 
16 27 1 56.43 
5 4 4 55.63 
13 27 8 55.65 
24 29 1 56.43 
9 28 9 111.26 
1 4 1 56.16 
4 14 3 55.86 
34 23 2 1.17 
15 3 4 111.95 
6 31 10 56.26 
23 12 1 54.86 
2 19 9 55.52 
33 2 6 111.84 
9 25 9 56.36 
17 6 4 56.26 
19 13 3 56.36 
7 24 9 55.68 
29 26 1 111.6 
30 26 2 57.15 
27 17 5 112.4 
1 14 10 56.46 
7 3 10 56.55 
21 32 10 56.75 
10 17 6 112.39 
21 33 5 111.51 
27 2 4 57.34 
24 14 2 55.9 
19 14 1 111.02 
27 31 9 56.09 
23 25 2 56.72 
11 5 10 56.08 
27 4 9 55.82 
12 2 10 111.78 
8 23 9 56.22 
10 32 4 55.87 
30 3 4 1.15 
31 27 8 56.09 
10 28 8 0.94 
23 8 1 56.22 
2 31 2 56.08 
1 9 9 111.72 
7 26 3 55.66 
1 29 1 56.05 
18 20 4 55.91 
19 1 6 55.93 
1 13 4 56.16 
3 22 1 55.78 
12 18 2 0.51 
28 24 10 111.56 
10 7 1 55.45 
0 33 4 55.83 
8 20 5 55.9 
24 32 2 57.69 
31 10 8 55.72 
26 11 1 55.46 
12 9 10 55.61 
2 25 1 111.86 
13 17 2 1.02 
23 11 4 56.74 
4 7 3 55.81 
10 12 9 111.73 
17 1 8 56.34 
0 21 6 56.55 
6 20 4 56.02 
29 3 8 55.61 
34 11 6 55.8 
26 0 5 56.53 
6 16 3 56.35 
9 21 8 56.18 
26 5 4 56.42 
6 18 3 56.08 
10 5 9 111.21 
21 6 6 56.36 
13 24 10 1.3 
23 21 7 55.91 
23 18 5 56.14 
7 32 1 55.87 
2 1 3 110.97 
17 28 5 55.76 
24 16 8 56.05 
5 8 7 0.91 
17 21 5 56.09 
22 21 6 55.83 
5 3 2 112.16 
10 9 8 1.12 
7 12 2 1.23 
12 28 8 55.64 
29 7 6 55.75 
28 1 10 111.5 
11 1 4 110.91 
25 33 3 55.98 
11 19 2 111.78 
25 11 7 56.34 
17 29 7 56.93 
20 1 4 54.99 
17 34 9 56.69 
8 26 1 55.74 
8 32 9 56 
27 0 3 55.84 
27 3 6 166.81 
26 13 3 0.95 
13 2 10 0.82 
30 15 6 55.78 
7 25 4 111.4 
17 31 6 56.03 
13 31 8 55.87 
1 15 10 56.63 
11 21 10 56.01 
25 19 10 56.12 
10 27 1 111.47 
30 21 2 56.38 
20 23 3 0.59 
25 34 9 55.48 
26 31 4 1.08 
32 18 10 56.12 
23 16 5 55.78 
9 10 4 1.12 
4 32 8 111.18 
1 20 9 54.99 
16 23 5 55.78 
32 9 10 110.98 
16 24 6 56.05 
19 11 6 111.78 
19 17 6 55.69 
7 21 3 56.04 
3 17 1 112.3 
6 22 2 111.28 
33 12 6 57.33 
31 9 8 111.35 
3 10 6 56.94 
14 6 8 56.3 
26 22 10 55.72 
25 20 8 55.58 
1 22 3 56.06 
21 13 6 0.91 
10 2 8 56.68 
22 30 4 55.69 
7 18 6 55.72 
25 17 1 112.1 
17 9 8 56.2 
1 11 5 110.91 
18 17 4 55.52 
12 14 2 55.69 
32 2 1 55.89 
22 3 7 55.78 
27 19 4 0.97 
2 14 6 110.98 
22 10 7 0.76 
6 29 1 56.43 
8 30 10 55.78 
24 11 2 55.95 
18 21 7 55.9 
32 34 2 56.88 
30 14 1 0.83 
30 2 6 55.77 
18 30 6 1.2 
5 22 4 0.41 
32 33 1 56.9 
31 1 3 56.43 
14 25 2 111.88 
0 19 5 55.63 
7 23 1 56.5 
32 14 4 55.96 
22 4 5 56.32 
5 29 5 55.7 
8 5 6 0.91 
18 15 8 0.82 
1 2 6 110.97 
23 29 5 55.68 
9 27 5 56.02 
0 23 4 55.57 
3 4 9 55.92 
25 13 7 55.54 
14 9 3 56.52 
5 13 10 55.65 
20 26 7 56.93 
8 24 4 55.81 
29 27 1 55.79 
21 11 2 56.01 
16 15 9 112.76 
23 6 1 56.08 
11 32 1 55.95 
23 34 3 1.17 
9 29 1 56.01 
22 24 6 56.21 
18 24 3 56.25 
4 23 5 56.04 
2 29 1 56.53 
34 30 8 57.48 
6 28 4 111.73 
25 4 6 0.62 
5 0 7 55.53 
1 25 10 56.27 
8 33 1 55.13 
28 26 5 55.83 
22 0 3 55.87 
10 22 9 0.76 
27 6 8 56.28 
12 24 2 55.77 
31 19 3 56.17 
12 5 5 57.09 
12 32 4 56.96 
25 15 1 112.44 
18 5 1 0.61 
19 4 6 1.33 
19 29 10 0.8 
24 17 6 55.84 
28 6 3 111.73 
11 27 4 55.64 
14 22 4 55.87 
11 20 10 55.76 
34 3 2 55.86 
31 22 4 1.02 
20 6 4 56.02 
20 9 4 1.43 
8 4 7 56.46 
17 30 2 56.41 
18 3 7 0.87 
8 2 2 0.84 
11 7 2 56.61 
32 6 8 111.8 
12 10 7 111.73 
5 30 6 0.89 
17 27 5 112.4 
33 25 3 55.98 
26 23 9 55.57 
33 28 4 55.58 
17 24 7 55.84 
28 22 5 111.7 
16 25 7 109.21 
13 33 9 0.84 
0 4 3 56.44 
25 8 1 0.99 
5 34 1 55.91 
1 28 1 111.5 
10 21 5 56.35 
32 19 6 55.72 
24 15 3 55.82 
20 4 10 1.18 
33 19 8 1.14 
3 9 3 56.52 
16 19 8 0.89 
11 6 4 111.09 
10 20 4 56.68 
27 14 9 111.47 
29 10 1 55.93 
7 17 4 56.01 
18 10 2 55.48 
18 4 3 111.18 
30 17 2 56.41 
27 15 8 112.45 
31 6 10 56.26 
18 34 2 56.02 
28 19 9 56.5 
2 33 10 111.84 
20 22 6 55.72 
19 33 4 1.14 
33 32 2 56.9 
15 29 3 55.86 
13 1 5 56.16 
28 27 8 0.84 
17 3 8 112.3 
29 18 5 1.07 
11 4 10 56.22 
31 21 3 1.01 
12 19 1 1.14 
14 34 1 55.9 
3 34 1 55.86 
7 27 3 56.17 
20 24 1 56.35 
25 3 3 111.98 
20 19 2 55.64 
34 19 8 55.67 
21 4 5 56.23 
34 9 2 56.03 
26 4 1 0.79 
6 21 4 56.36 
33 11 7 0.78 
18 1 10 56.25 
1 19 7 55.93 
5 28 8 55.81 
33 1 10 55.84 
6 23 9 56.08 
21 2 5 111.14 
30 29 9 112.17 
11 31 9 111.34 
16 10 8 57.88 
10 3 2 56.94 
23 28 10 111.46 
14 11 7 56.67 
6 33 8 55.89 
5 24 1 0.57 
19 28 2 56.5 
6 19 7 56.09 
15 27 2 112.45 
27 30 2 55.88 
2 16 10 111.92 
28 17 5 55.76 
15 7 8 55.86 
15 33 5 57.68 
32 11 6 55.95 
29 4 9 56.11 
33 4 5 55.64 
34 2 6 111.35 
9 24 7 55.93 
32 8 10 56 
24 34 9 56.22 
33 5 1 56.92 
7 30 7 55.77 
8 25 1 0.99 
26 29 2 111.6 
7 8 6 56.05 
7 4 7 55.81 
4 33 8 55.64 
29 9 7 56.01 
8 22 7 112.28 
9 34 3 56.03 
33 8 8 55.13 
34 12 5 111.59 
31 7 9 56.99 
13 6 2 55.85 
10 4 1 55.63 
28 25 8 55.86 
21 31 1 1.01 
33 22 2 0.79 
23 13 5 111.12 
32 28 6 56.27 
24 13 3 1.3 
9 18 4 56.26 
15 25 4 112.44 
19 6 1 56.09 
26 24 9 55.97 
4 29 6 56.11 
0 8 6 1.24 
30 11 9 0.84 
1 8 3 55.8 
1 31 7 56.43 
3 13 6 55.85 
33 6 3 55.89 
24 3 10 55.89 
31 30 1 0.56 
33 16 2 111.53 
17 5 3 112.04 
6 7 3 56.25 
0 26 4 56.53 
15 30 10 55.78 
29 8 10 55.75 
28 0 8 56.22 
18 23 7 56.14 
29 16 8 56.9 
22 8 8 112.28 
15 9 10 0.95 
4 5 2 55.63 
22 20 2 55.72 
21 25 5 56.16 
32 0 10 112.04 
4 3 1 55.92 
0 31 10 0.51 
26 17 6 110.15 
21 9 1 56.18 
2 13 2 0.82 
22 6 3 111.28 
32 22 9 56.16 
27 24 6 55.75 
28 20 5 55.8 
4 13 8 56.46 
28 9 9 111.26 
3 27 4 166.81 
1 30 4 56.06 
26 20 8 56.93 
24 19 6 55.62 
11 30 2 0.84 
9 11 2 56.98 
26 8 6 55.74 
9 31 1 111.35 
14 16 8 55.56 
16 2 3 111.92 
20 21 1 56.42 
31 4 4 1.63 
31 15 1 56 
27 8 6 55.65 
33 29 1 110.85 
31 17 2 56.03 
26 3 5 56.49 
34 6 8 56.64 
8 0 5 1.24 
6 26 1 56.25 
0 16 8 56.05 
8 17 8 55.32 
16 12 1 111.63 
6 34 5 56.64 
22 33 3 0.79 
33 23 3 54.82 
10 16 6 57.88 
2 27 7 57.34 
21 0 8 56.55 
14 18 6 55.87 
22 1 6 56.06 
34 10 9 56.19 
19 9 3 56.76 
6 0 1 56.71 
20 2 9 56.08 
2 15 5 111.75 
4 24 8 56.92 
19 32 3 55.72 
14 10 7 56.18 
1 26 6 56.08 
21 28 1 111.75 
18 13 8 112.22 
7 10 8 55.45 
31 26 4 1.08 
4 22 2 56.32 
20 25 9 55.58 
31 20 8 55.56 
31 18 7 55.64 
28 5 2 55.81 
21 27 3 56.83 
28 12 9 55.64 
4 15 5 55.74 
15 8 6 0.79 
6 2 3 1.86 
31 13 4 55.87 
21 26 6 56.54 
0 10 7 55.68 
11 23 6 56.74 
0 28 5 56.22 
21 14 1 56.25 
32 4 10 111.18 
16 26 7 111.4 
12 7 10 1.23 
26 7 6 55.66 
0 18 6 56.24 
30 27 4 55.88 
10 26 9 56.54 
21 18 2 55.9 
7 14 9 111.56 
13 10 5 55.31 
21 29 7 111.05 
22 11 8 111.64 
25 22 5 0.66 
34 32 1 56.88 
8 7 9 56.05 
28 11 9 111.64 
14 33 5 55.7 
12 34 6 111.59 
3 23 6 56.35 
5 26 8 56.42 
31 34 10 55.66 
3 26 4 56.49 
9 6 9 111.52 
8 27 1 55.65 
26 34 9 112 
28 33 1 55.58 
29 30 2 112.17 
33 21 5 111.51 
24 31 4 55.59 
6 32 8 111.8 
28 32 7 56.27 
25 9 3 56.36 
2 3 9 111.61 
23 9 8 56.52 
21 1 10 56.32 
15 6 4 1.86 
11 17 10 55.46 
32 10 8 55.87 
31 29 3 54.43 
27 10 3 111.47 
23 10 8 55.43 
15 26 5 56.48 
27 23 1 55.74 
5 16 6 55.88 
6 11 10 111.09 
7 2 3 55.89 
15 16 7 112.76 
3 8 6 1.12 
30 8 7 55.78 
15 4 8 55.74 
4 1 1 56.16 
28 30 7 56.09 
26 2 9 111.56 
22 18 7 111.92 
20 27 8 55.73 
23 1 3 56.27 
34 8 3 0.81 
26 33 5 111.63 
14 0 6 0.63 
20 33 5 56.16 
21 12 9 111.41 
9 17 10 56.2 
17 10 6 112.39 
14 2 2 110.98 
0 24 1 111.14 
24 9 2 55.93 
14 21 9 56.25 
17 25 2 112.1 
30 23 9 55.72 
6 9 2 111.52 
9 14 8 56.52 
19 24 6 55.62 
34 16 1 110.89 
3 30 10 1.15 
12 0 5 55.79 
31 5 3 110.44 
26 21 10 56.54 
4 18 5 111.18 
26 16 10 111.4 
8 28 8 111.64 
15 24 6 55.82 
24 0 9 111.14 
23 4 2 56.04 
24 4 3 56.92 
21 10 8 56.35 
11 22 8 111.64 
23 31 3 56.83 
3 0 7 0.92 
29 5 8 55.7 
34 28 5 55.99 
5 6 3 55.94 
14 12 7 55.69 
20 30 3 57.53 
24 28 9 111.56 
2 18 9 0.8 
11 12 9 0.77 
27 28 9 0.84 
19 27 6 0.97 
18 28 6 111.64 
15 14 3 111.24 
29 17 8 56.93 
11 3 9 56.22 
32 27 2 55.97 
23 0 10 55.57 
26 30 5 57.15 
22 28 8 111.7 
26 19 10 1.42 
12 16 2 111.63 
22 32 1 56.16 
26 10 3 56.54 
26 15 2 56.48 
25 32 2 55.9 
33 26 4 111.63 
4 31 2 1.63 
30 24 7 56.94 
17 18 2 55.52 
28 31 5 56.14 
33 34 10 111.34 
6 25 9 55.98 
22 31 6 1.02 
34 21 9 56.55 
13 0 5 55.89 
17 26 4 110.15 
9 7 8 111.58 
6 10 10 55.84 
26 14 7 1.24 
16 22 4 55.7 
34 5 2 55.91 
13 9 3 56.24 
4 17 10 55.8 
22 27 2 55.54 
13 21 9 0.91 
6 3 1 56.35 
9 22 1 111.13 
31 14 7 112.1 
26 25 5 56 
28 2 8 55.62 
13 11 6 111.86 
22 29 2 55.49 
12 26 9 111.73 
0 30 9 56.67 
21 24 1 56.32 
11 33 7 0.78 
25 30 5 55.78 
30 1 4 56.06 
10 6 4 55.84 
23 17 5 55.79 
29 28 8 56.02 
4 10 5 55.63 
32 1 8 111.65 
33 27 10 111.24 
1 32 1 111.65 
9 19 6 56.76 
21 34 8 56.55 
7 9 1 111.58 
3 12 10 56.21 
0 12 1 55.79 
7 0 7 55.69 
2 5 9 57.38 
33 18 4 0.52 
12 3 9 56.21 
4 19 9 1.33 
12 30 3 55.82 
14 19 10 111.02 
4 6 6 56.41 
11 25 4 56.34 
26 6 2 56.25 
0 27 1 55.84 
4 12 9 55.71 
32 15 2 1.69 
28 15 7 55.74 
30 10 9 0.85 
27 7 3 56.17 
18 9 5 56.26 
28 8 1 111.64 
15 32 3 1.69 
1 18 9 56.25 
21 30 6 56.38 
16 1 5 56.2 
1 3 3 110.84 
25 31 3 56.19 
17 2 5 57.65 
15 18 6 0.82 
34 1 8 56.22 
9 16 9 55.9 
20 5 1 55.79 
17 7 3 56.01 
4 8 3 56.46 
30 5 6 0.89 
12 23 1 54.86 
21 7 3 56.04 
27 33 1 111.24 
22 17 8 1.22 
9 8 3 111.31 
15 21 7 57.42 
34 24 1 56.22 
1 33 4 55.84 
23 20 7 0.59 
23 30 4 55.72 
24 25 1 0.73 
25 6 3 55.98 
17 4 3 55.8 
32 17 7 55.84 
19 3 10 56.15 
1 17 8 56.34 
2 10 9 56.68 
7 6 3 56.25 
10 8 5 0.94 
30 6 7 56.35 
25 7 8 111.4 
34 20 4 112.09 
18 8 1 111.48 
12 13 1 0.86 
34 15 10 56.93 
23 33 4 54.82 
22 15 3 0.79 
14 23 10 56.76 
0 22 3 55.87 
33 20 1 56.16 
16 13 3 0.52 
3 33 2 110.17 
3 14 6 111.62 
1 12 8 55.85 
6 13 8 55.85 
11 24 1 55.95 
30 20 2 57.53 
28 3 9 56.06 
9 0 7 55.99 
11 15 3 55.62 
33 9 3 55.52 
24 6 2 56.86 
24 7 6 55.68 
16 32 2 56.69 
2 20 9 56.08 
30 32 2 111.9 
29 33 2 110.85 
7 11 10 56.61 
14 29 8 0.84 
28 14 9 56.27 
14 13 7 0.91 
12 31 1 55.39 
30 33 9 55.83 
9 33 10 55.52 
5 17 5 112.04 
0 2 3 55.67 
10 11 10 55.55 
0 1 10 56.07 
16 21 6 111.04 
4 16 10 55.87 
9 26 6 55.48 
13 34 2 55.92 
25 16 7 109.21 
6 12 10 55.83 
13 5 5 55.65 
