35 160 588 
0 24 600 170 0 55.91 
0 30 600 160 0 55.89 
0 32 600 210 0 56.14 
1 3 600 160 0 55.86 
1 6 600 190 0 56.03 
1 9 600 180 0 55.97 
1 14 600 210 0 56.11 
1 21 600 220 0 56.2 
1 28 600 250 0 56.34 
2 12 600 140 0 55.76 
2 15 600 130 0 55.71 
2 17 600 180 0 56 
2 33 600 150 0 55.85 
3 14 600 210 0 56.11 
3 17 600 160 0 55.87 
3 25 600 230 0 56.23 
3 27 600 210 0 56.11 
4 6 600 270 0 56.43 
4 18 600 160 0 55.89 
4 24 600 150 0 55.81 
4 28 600 200 0 56.06 
5 25 600 130 0 55.74 
5 27 600 180 0 56 
6 9 600 230 0 56.21 
6 21 600 170 0 55.91 
6 24 600 280 0 56.49 
6 28 600 210 0 56.11 
6 32 600 200 0 56.06 
7 9 600 180 0 56 
7 14 600 160 0 55.89 
7 23 600 130 0 55.71 
7 31 600 130 0 55.74 
8 11 600 200 0 56.1 
8 13 600 140 0 55.78 
8 19 600 180 0 55.96 
8 22 600 200 0 56.09 
8 28 600 240 0 56.27 
9 11 600 150 0 55.81 
9 14 600 170 0 55.92 
9 23 600 190 0 56.01 
9 28 600 220 0 56.16 
10 15 600 210 0 56.14 
10 33 600 140 0 55.78 
11 22 600 240 0 56.26 
11 23 600 160 0 55.88 
11 28 600 200 0 56.07 
12 16 600 150 0 55.82 
12 33 600 140 0 55.76 
13 22 600 190 0 56.05 
14 25 600 230 0 56.25 
15 17 600 170 0 55.91 
15 27 600 160 0 55.89 
16 21 600 320 0 56.66 
16 26 600 260 0 56.36 
16 33 600 170 0 55.92 
16 34 600 320 0 56.68 
17 21 600 260 0 56.37 
17 25 600 250 0 56.34 
17 26 600 340 0 56.77 
17 27 600 180 0 55.96 
18 22 600 120 0 55.7 
18 28 600 180 0 55.99 
19 23 600 130 0 55.74 
20 26 600 250 0 56.35 
20 29 600 170 0 55.92 
20 30 600 200 0 56.08 
21 32 600 190 0 56.01 
21 34 600 170 0 55.92 
22 28 600 180 0 55.99 
23 31 600 150 0 55.82 
24 32 600 240 0 56.3 
25 31 600 290 0 56.55 
26 29 600 220 0 56.19 
26 34 600 210 0 56.11 
28 32 600 260 0 56.37 
29 30 600 200 0 56.1 
29 32 600 180 0 55.96 
29 34 600 140 0 55.76 
30 32 600 180 0 55.97 
32 34 600 180 0 55.99 
24 0 600 170 0 55.91 
30 0 600 160 0 55.89 
32 0 600 210 0 56.14 
3 1 600 160 0 55.86 
6 1 600 190 0 56.03 
9 1 600 180 0 55.97 
14 1 600 210 0 56.11 
21 1 600 220 0 56.2 
28 1 600 250 0 56.34 
12 2 600 140 0 55.76 
15 2 600 130 0 55.71 
17 2 600 180 0 56 
33 2 600 150 0 55.85 
14 3 600 210 0 56.11 
17 3 600 160 0 55.87 
25 3 600 230 0 56.23 
27 3 600 210 0 56.11 
6 4 600 270 0 56.43 
18 4 600 160 0 55.89 
24 4 600 150 0 55.81 
28 4 600 200 0 56.06 
25 5 600 130 0 55.74 
27 5 600 180 0 56 
9 6 600 230 0 56.21 
21 6 600 170 0 55.91 
24 6 600 280 0 56.49 
28 6 600 210 0 56.11 
32 6 600 200 0 56.06 
9 7 600 180 0 56 
14 7 600 160 0 55.89 
23 7 600 130 0 55.71 
31 7 600 130 0 55.74 
11 8 600 200 0 56.1 
13 8 600 140 0 55.78 
19 8 600 180 0 55.96 
22 8 600 200 0 56.09 
28 8 600 240 0 56.27 
11 9 600 150 0 55.81 
14 9 600 170 0 55.92 
23 9 600 190 0 56.01 
28 9 600 220 0 56.16 
15 10 600 210 0 56.14 
33 10 600 140 0 55.78 
22 11 600 240 0 56.26 
23 11 600 160 0 55.88 
28 11 600 200 0 56.07 
16 12 600 150 0 55.82 
33 12 600 140 0 55.76 
22 13 600 190 0 56.05 
25 14 600 230 0 56.25 
17 15 600 170 0 55.91 
27 15 600 160 0 55.89 
21 16 600 320 0 56.66 
26 16 600 260 0 56.36 
33 16 600 170 0 55.92 
34 16 600 320 0 56.68 
21 17 600 260 0 56.37 
25 17 600 250 0 56.34 
26 17 600 340 0 56.77 
27 17 600 180 0 55.96 
22 18 600 120 0 55.7 
28 18 600 180 0 55.99 
23 19 600 130 0 55.74 
26 20 600 250 0 56.35 
29 20 600 170 0 55.92 
30 20 600 200 0 56.08 
32 21 600 190 0 56.01 
34 21 600 170 0 55.92 
28 22 600 180 0 55.99 
31 23 600 150 0 55.82 
32 24 600 240 0 56.3 
31 25 600 290 0 56.55 
29 26 600 220 0 56.19 
34 26 600 210 0 56.11 
32 28 600 260 0 56.37 
30 29 600 200 0 56.1 
32 29 600 180 0 55.96 
34 29 600 140 0 55.76 
32 30 600 180 0 55.97 
34 32 600 180 0 55.99 
13 3 6 55.71 
28 13 3 111.5 
19 34 4 55.51 
17 15 10 56.47 
0 34 3 56.25 
11 26 9 0.77 
16 28 7 55.85 
23 7 8 56.33 
8 6 5 0.72 
12 25 9 55.74 
0 13 2 55.72 
26 28 7 55.71 
15 11 8 55.44 
27 26 6 55.79 
17 32 7 55.57 
7 22 9 55.76 
3 5 4 56.78 
18 14 2 55.7 
0 17 9 55.76 
14 8 9 55.75 
34 26 2 56.78 
19 5 9 55.72 
21 19 7 0.86 
21 23 5 55.72 
8 16 10 55.42 
31 0 1 0.44 
25 18 6 0.56 
7 34 5 0.47 
17 8 10 0.74 
11 29 6 0.75 
2 23 5 55.43 
24 20 5 56.03 
28 10 7 0.83 
17 12 2 110.44 
20 0 1 56.43 
24 5 1 0.45 
20 32 10 56.74 
8 12 8 0.45 
8 29 9 0.63 
12 11 9 0.66 
25 14 8 56.57 
14 27 5 56.4 
23 5 2 55.85 
15 13 6 55.14 
2 0 1 55.57 
13 14 1 0.7 
24 21 3 55.85 
2 17 2 57.05 
18 33 9 0.36 
0 7 6 0.91 
24 10 10 0.36 
2 32 7 55.42 
14 26 3 0.92 
15 31 6 55.56 
1 24 1 1.26 
16 29 3 56.3 
34 33 6 57.08 
20 10 10 55.4 
11 14 7 56.16 
14 31 2 57.01 
9 12 9 55.22 
25 26 3 55.74 
4 2 6 55.51 
13 4 7 56.02 
13 32 1 0.82 
27 25 9 112.17 
21 22 5 55.73 
29 0 2 56.57 
20 29 1 57.39 
10 30 6 0.42 
22 23 5 55.82 
6 4 5 56.09 
29 20 2 57.39 
30 13 10 55.72 
15 22 7 0.68 
19 30 1 0.56 
0 5 2 0.59 
14 15 7 56.13 
16 34 7 110.07 
19 20 1 55.46 
22 14 9 55.66 
5 33 6 55.93 
4 11 1 1.15 
2 30 5 55.66 
15 19 7 55.23 
13 7 3 0.61 
27 1 2 56.15 
32 26 2 110.93 
31 23 1 56.45 
34 25 5 54.52 
11 28 5 111.28 
2 24 6 55.66 
29 19 8 0.58 
3 2 2 111.01 
2 22 10 0.71 
25 10 2 56.13 
27 34 2 55 
32 12 5 55.98 
11 0 4 55.62 
12 22 4 0.38 
30 12 9 0.79 
11 2 1 55 
25 28 10 55.75 
13 12 7 0.82 
6 27 5 55.96 
29 25 7 1.4 
24 33 1 55.66 
10 1 7 55.74 
24 18 4 56.06 
10 13 3 55.18 
3 29 2 55.29 
24 27 7 55.5 
29 6 3 1.46 
18 19 7 56.14 
4 0 1 56.05 
28 4 4 56.39 
4 34 4 55.8 
3 1 5 56.07 
14 28 9 1.13 
30 7 4 55.66 
31 8 8 55.81 
30 22 5 0.84 
19 22 10 56.54 
2 26 3 111.01 
29 15 9 1.54 
29 2 3 55.36 
29 31 10 54.29 
23 24 4 55.63 
17 23 3 55.65 
17 33 9 111.47 
2 12 5 110.94 
32 29 1 56.82 
0 6 4 56.21 
20 7 10 0.42 
19 10 8 54.87 
22 25 2 0.35 
24 12 8 55.64 
5 12 6 55.99 
1 21 8 56.06 
22 26 4 55.48 
31 12 5 1.67 
30 18 7 0.73 
5 14 2 111.1 
14 24 3 55.74 
27 13 8 55.28 
2 34 2 56.1 
1 6 3 111.24 
9 4 2 1.3 
9 5 2 0.85 
11 9 9 56.62 
5 21 6 55.93 
4 9 6 1.3 
8 11 6 56.62 
34 18 6 55.82 
27 18 1 55.5 
18 32 9 55.99 
12 6 10 1.34 
7 20 1 0.42 
15 28 2 0.71 
16 14 5 55.15 
10 34 4 55.96 
18 26 8 1.29 
12 17 9 110.44 
8 14 10 55.75 
1 16 10 55.84 
17 22 4 0.67 
27 29 9 1.51 
3 15 6 111.56 
26 12 7 111.43 
0 29 10 56.57 
10 19 8 54.87 
5 32 10 55.72 
34 27 9 55 
4 21 3 55.7 
8 9 1 56.32 
33 7 8 0.86 
11 34 4 55.66 
30 19 4 0.56 
32 16 10 56.11 
19 7 3 56.08 
33 31 1 1.39 
27 32 6 55.66 
15 20 7 55.66 
13 28 7 111.5 
0 11 9 55.62 
4 30 9 55.96 
3 19 3 1.33 
20 28 10 55.61 
8 31 2 55.81 
25 0 4 55.54 
0 32 2 111.49 
27 22 6 55.37 
20 13 1 0.81 
12 27 3 56.43 
30 16 6 56.05 
11 10 7 55.33 
5 1 6 56.13 
23 32 3 55.71 
19 0 4 55.47 
19 16 4 0.67 
2 9 6 0.84 
19 26 9 0.68 
18 12 7 0.39 
7 13 3 0.61 
22 5 10 0.28 
29 34 8 57.21 
5 18 8 0.32 
6 15 4 0.7 
22 12 9 0.38 
7 29 10 55.53 
27 9 3 55.74 
16 6 9 55.87 
7 15 5 55.52 
11 16 10 0.4 
28 16 4 55.85 
18 7 10 55.42 
5 23 2 55.85 
6 5 8 0.48 
31 16 9 54.88 
16 8 4 55.42 
25 1 2 55.97 
33 13 10 0.73 
12 21 3 110.93 
19 18 5 56.14 
20 16 8 55.94 
25 2 1 111.1 
24 26 1 55.75 
15 5 10 57.17 
20 12 7 55.85 
31 25 3 56.01 
23 14 1 56.61 
21 15 4 55.83 
14 30 2 0.44 
2 28 7 0.75 
32 5 8 55.72 
4 28 1 56.39 
23 27 4 0.83 
26 9 4 55.21 
34 0 4 56.25 
0 3 6 0.55 
27 21 5 55.83 
22 7 9 55.76 
21 17 1 55.74 
29 32 1 56.82 
29 13 9 55.61 
10 24 6 0.36 
33 24 3 55.66 
3 16 4 55.52 
20 18 10 55.7 
14 5 1 111.1 
19 12 2 0.93 
16 18 8 0.38 
7 5 7 55.89 
30 4 5 55.96 
33 15 5 57.09 
26 32 4 110.93 
21 16 6 56.48 
7 16 10 55.34 
29 23 10 55.44 
8 10 9 0.8 
5 2 6 56.94 
12 33 10 56.9 
31 32 10 0.52 
28 29 9 55.8 
20 3 9 55.73 
10 31 7 55.46 
9 32 7 55.75 
14 20 5 55.56 
20 17 3 1.44 
25 12 6 55.74 
19 15 9 55.23 
6 30 2 55.9 
32 31 2 0.52 
17 20 5 1.44 
30 34 5 56.53 
29 24 9 56.06 
6 24 2 56.19 
25 24 9 0.39 
18 2 4 0.71 
1 5 5 56.13 
3 28 10 55.74 
29 21 6 110.61 
14 3 5 56.61 
10 23 7 55.23 
32 21 2 56.44 
0 25 7 55.54 
16 11 5 0.4 
33 14 2 55.33 
15 34 10 55.73 
8 1 7 55.26 
3 20 5 55.73 
22 16 5 0.61 
20 34 6 56.79 
3 18 7 0.63 
20 15 4 55.66 
13 19 4 56.02 
5 19 5 55.72 
12 8 2 0.45 
7 33 2 0.86 
29 12 8 55.85 
28 23 3 56.38 
8 21 4 55.61 
16 3 2 55.52 
22 19 10 56.54 
27 20 9 55.52 
29 1 5 55.79 
21 20 10 56.16 
4 27 1 55.55 
17 11 2 55.34 
6 8 3 0.72 
19 25 7 55.89 
8 34 4 0.52 
1 27 5 56.15 
13 25 5 55.44 
15 2 7 56.67 
26 27 5 55.79 
32 3 10 55.95 
14 17 10 56.26 
17 14 2 56.26 
2 11 10 55 
11 18 3 56.25 
24 2 8 55.66 
33 17 6 111.47 
13 23 10 56.05 
2 4 6 55.51 
31 11 6 56.31 
33 0 4 55.72 
13 15 5 55.14 
27 11 5 0.86 
30 9 7 55.69 
28 21 5 56.57 
5 15 2 57.17 
14 1 9 56.15 
33 3 7 55.76 
4 26 3 0.55 
12 1 4 1.51 
23 3 4 56.07 
23 2 7 55.43 
22 34 5 0.62 
26 1 1 55.79 
10 29 6 55.66 
12 20 6 55.85 
29 22 9 0.68 
34 31 5 55.51 
3 31 8 56.11 
18 0 4 55.94 
15 0 5 55.37 
1 34 3 56.03 
14 4 10 55.64 
34 22 8 0.62 
3 24 4 55.75 
22 9 8 56.13 
16 7 6 55.34 
8 3 4 0.86 
30 0 5 56.28 
8 18 6 56.45 
16 31 1 54.88 
3 25 10 111.62 
24 23 9 55.63 
3 32 4 55.95 
22 13 2 111.66 
18 27 9 55.5 
7 28 5 1.08 
34 13 6 55.73 
13 30 1 55.72 
18 31 10 0.55 
28 34 7 55.76 
17 13 5 0.75 
17 19 7 55.49 
34 7 9 0.47 
6 17 2 55.9 
6 1 5 111.24 
3 6 9 55.93 
21 5 7 55.93 
21 3 3 56.14 
21 8 9 55.61 
24 22 3 55.79 
16 20 5 55.94 
8 15 3 0.47 
30 31 10 0.31 
13 26 8 0.56 
4 25 10 0.4 
15 12 4 111.73 
34 17 6 56.02 
2 7 2 55.53 
32 7 4 55.74 
16 33 4 56.38 
16 17 1 57.45 
9 30 9 55.69 
24 1 9 1.26 
2 21 4 56.51 
23 26 1 55.42 
9 3 4 56.29 
16 5 1 55.65 
18 22 6 111.42 
3 21 5 56.14 
2 6 1 0.82 
10 25 6 56.13 
1 10 7 55.74 
32 23 7 55.71 
15 23 8 55.31 
9 13 9 56.06 
11 13 5 110.99 
5 11 9 55.86 
32 25 6 55.72 
13 18 9 111.64 
19 31 6 55.9 
30 28 10 55.92 
30 25 1 55.66 
29 14 6 0.54 
25 29 8 1.4 
32 13 1 0.82 
31 2 10 55.78 
9 23 7 56.19 
12 15 9 111.73 
28 18 6 56.54 
34 4 8 55.8 
31 3 3 56.11 
32 30 10 57.07 
19 21 8 0.86 
2 8 2 0.74 
7 31 8 56.53 
20 11 1 55.56 
32 24 8 56.59 
16 4 3 55.76 
0 14 4 0.36 
18 6 6 55.83 
16 9 6 55.74 
31 24 6 55.23 
7 19 2 56.08 
18 25 1 0.56 
31 28 7 55.94 
24 30 7 56.18 
5 31 3 55.22 
25 27 6 112.17 
5 10 2 56.76 
0 15 6 55.37 
14 7 1 56.28 
9 15 10 0.73 
20 14 9 55.56 
10 14 7 55.76 
34 14 1 55.68 
1 23 6 1.14 
26 18 9 1.29 
16 30 4 56.05 
18 16 9 0.38 
4 20 2 0.79 
9 2 3 0.84 
1 7 1 56.25 
22 2 4 0.71 
27 12 5 56.43 
31 33 1 1.39 
15 1 9 56.1 
10 18 3 55.36 
20 8 1 55.67 
5 9 3 0.85 
32 20 1 56.74 
29 11 6 0.75 
27 16 8 55.79 
34 29 2 57.21 
0 9 3 55.78 
11 8 1 56.62 
3 7 7 56.19 
7 1 8 56.25 
0 20 4 56.43 
23 15 10 55.31 
25 21 7 56.07 
13 16 2 0.45 
14 32 6 55.78 
18 11 9 56.25 
3 11 8 55.99 
16 0 4 55.86 
24 8 9 55.68 
13 20 7 0.81 
17 16 3 57.45 
12 29 1 55.85 
25 23 8 56.09 
6 14 6 55.68 
9 1 1 111.44 
13 29 7 55.61 
33 30 8 0.91 
17 0 6 55.76 
18 29 3 0.67 
23 22 6 55.82 
13 22 3 111.66 
5 7 4 55.89 
20 31 10 55.36 
15 17 1 56.47 
10 0 10 0.87 
28 7 10 1.08 
9 20 4 0.66 
19 2 9 55.26 
5 20 5 55.55 
12 4 5 55.54 
1 0 9 55.73 
16 27 1 55.79 
5 4 4 55.5 
13 27 8 55.28 
24 29 1 56.06 
9 28 9 56.08 
1 4 1 1.29 
4 14 3 55.64 
34 23 2 0.5 
15 3 4 111.56 
6 31 10 55.92 
23 12 1 0.58 
2 19 9 55.26 
33 2 6 111.52 
9 25 9 55.85 
17 6 4 55.9 
19 13 3 56.02 
7 24 9 55.5 
29 26 1 56.52 
30 26 2 56.35 
27 17 5 57.08 
1 14 10 56.15 
7 3 10 56.19 
21 32 10 56.44 
10 17 6 57.65 
21 33 5 57.54 
27 2 4 57.09 
24 14 2 55.74 
19 14 1 56 
27 31 9 55.85 
23 25 2 56.09 
11 5 10 55.86 
27 4 9 55.55 
12 2 10 110.94 
8 23 9 55.85 
10 32 4 55.74 
30 3 4 0.62 
31 27 8 55.85 
10 28 8 0.83 
23 8 1 55.85 
2 31 2 55.78 
1 9 9 111.44 
7 26 3 55.47 
1 29 1 55.79 
18 20 4 55.7 
19 1 6 55.7 
1 13 4 55.9 
3 22 1 55.69 
12 18 2 0.39 
28 24 10 110.84 
10 7 1 0.65 
0 33 4 55.72 
8 20 5 55.67 
24 32 2 56.59 
31 10 8 55.46 
26 11 1 0.77 
12 9 10 55.22 
2 25 1 111.1 
13 17 2 0.75 
23 11 4 56.3 
4 7 3 55.52 
10 12 9 111.2 
17 1 8 56.08 
0 21 6 56.09 
6 20 4 55.77 
29 3 8 55.29 
34 11 6 55.66 
26 0 5 56.06 
6 16 3 55.87 
9 21 8 0.98 
26 5 4 55.68 
6 18 3 55.83 
10 5 9 56.76 
21 6 6 56.16 
13 24 10 1.09 
23 21 7 55.72 
23 18 5 55.85 
7 32 1 55.74 
2 1 3 56.02 
17 28 5 55.52 
24 16 8 55.79 
5 8 7 0.74 
17 21 5 55.74 
22 21 6 55.73 
5 3 2 56.78 
10 9 8 0.91 
7 12 2 0.94 
12 28 8 55.04 
29 7 6 55.53 
28 1 10 56.67 
11 1 4 55.81 
25 33 3 2.27 
11 19 2 111.35 
25 11 7 56.01 
