35 160 392 
0 24 600 170 0 55.91 
0 30 600 160 0 55.89 
0 32 600 210 0 56.14 
1 3 600 160 0 55.86 
1 6 600 190 0 56.03 
1 9 600 180 0 55.97 
1 14 600 210 0 56.11 
1 21 600 220 0 56.2 
1 28 600 250 0 56.34 
2 12 600 140 0 55.76 
2 15 600 130 0 55.71 
2 17 600 180 0 56 
2 33 600 150 0 55.85 
3 14 600 210 0 56.11 
3 17 600 160 0 55.87 
3 25 600 230 0 56.23 
3 27 600 210 0 56.11 
4 6 600 270 0 56.43 
4 18 600 160 0 55.89 
4 24 600 150 0 55.81 
4 28 600 200 0 56.06 
5 25 600 130 0 55.74 
5 27 600 180 0 56 
6 9 600 230 0 56.21 
6 21 600 170 0 55.91 
6 24 600 280 0 56.49 
6 28 600 210 0 56.11 
6 32 600 200 0 56.06 
7 9 600 180 0 56 
7 14 600 160 0 55.89 
7 23 600 130 0 55.71 
7 31 600 130 0 55.74 
8 11 600 200 0 56.1 
8 13 600 140 0 55.78 
8 19 600 180 0 55.96 
8 22 600 200 0 56.09 
8 28 600 240 0 56.27 
9 11 600 150 0 55.81 
9 14 600 170 0 55.92 
9 23 600 190 0 56.01 
9 28 600 220 0 56.16 
10 15 600 210 0 56.14 
10 33 600 140 0 55.78 
11 22 600 240 0 56.26 
11 23 600 160 0 55.88 
11 28 600 200 0 56.07 
12 16 600 150 0 55.82 
12 33 600 140 0 55.76 
13 22 600 190 0 56.05 
14 25 600 230 0 56.25 
15 17 600 170 0 55.91 
15 27 600 160 0 55.89 
16 21 600 320 0 56.66 
16 26 600 260 0 56.36 
16 33 600 170 0 55.92 
16 34 600 320 0 56.68 
17 21 600 260 0 56.37 
17 25 600 250 0 56.34 
17 26 600 340 0 56.77 
17 27 600 180 0 55.96 
18 22 600 120 0 55.7 
18 28 600 180 0 55.99 
19 23 600 130 0 55.74 
20 26 600 250 0 56.35 
20 29 600 170 0 55.92 
20 30 600 200 0 56.08 
21 32 600 190 0 56.01 
21 34 600 170 0 55.92 
22 28 600 180 0 55.99 
23 31 600 150 0 55.82 
24 32 600 240 0 56.3 
25 31 600 290 0 56.55 
26 29 600 220 0 56.19 
26 34 600 210 0 56.11 
28 32 600 260 0 56.37 
29 30 600 200 0 56.1 
29 32 600 180 0 55.96 
29 34 600 140 0 55.76 
30 32 600 180 0 55.97 
32 34 600 180 0 55.99 
24 0 600 170 0 55.91 
30 0 600 160 0 55.89 
32 0 600 210 0 56.14 
3 1 600 160 0 55.86 
6 1 600 190 0 56.03 
9 1 600 180 0 55.97 
14 1 600 210 0 56.11 
21 1 600 220 0 56.2 
28 1 600 250 0 56.34 
12 2 600 140 0 55.76 
15 2 600 130 0 55.71 
17 2 600 180 0 56 
33 2 600 150 0 55.85 
14 3 600 210 0 56.11 
17 3 600 160 0 55.87 
25 3 600 230 0 56.23 
27 3 600 210 0 56.11 
6 4 600 270 0 56.43 
18 4 600 160 0 55.89 
24 4 600 150 0 55.81 
28 4 600 200 0 56.06 
25 5 600 130 0 55.74 
27 5 600 180 0 56 
9 6 600 230 0 56.21 
21 6 600 170 0 55.91 
24 6 600 280 0 56.49 
28 6 600 210 0 56.11 
32 6 600 200 0 56.06 
9 7 600 180 0 56 
14 7 600 160 0 55.89 
23 7 600 130 0 55.71 
31 7 600 130 0 55.74 
11 8 600 200 0 56.1 
13 8 600 140 0 55.78 
19 8 600 180 0 55.96 
22 8 600 200 0 56.09 
28 8 600 240 0 56.27 
11 9 600 150 0 55.81 
14 9 600 170 0 55.92 
23 9 600 190 0 56.01 
28 9 600 220 0 56.16 
15 10 600 210 0 56.14 
33 10 600 140 0 55.78 
22 11 600 240 0 56.26 
23 11 600 160 0 55.88 
28 11 600 200 0 56.07 
16 12 600 150 0 55.82 
33 12 600 140 0 55.76 
22 13 600 190 0 56.05 
25 14 600 230 0 56.25 
17 15 600 170 0 55.91 
27 15 600 160 0 55.89 
21 16 600 320 0 56.66 
26 16 600 260 0 56.36 
33 16 600 170 0 55.92 
34 16 600 320 0 56.68 
21 17 600 260 0 56.37 
25 17 600 250 0 56.34 
26 17 600 340 0 56.77 
27 17 600 180 0 55.96 
22 18 600 120 0 55.7 
28 18 600 180 0 55.99 
23 19 600 130 0 55.74 
26 20 600 250 0 56.35 
29 20 600 170 0 55.92 
30 20 600 200 0 56.08 
32 21 600 190 0 56.01 
34 21 600 170 0 55.92 
28 22 600 180 0 55.99 
31 23 600 150 0 55.82 
32 24 600 240 0 56.3 
31 25 600 290 0 56.55 
29 26 600 220 0 56.19 
34 26 600 210 0 56.11 
32 28 600 260 0 56.37 
30 29 600 200 0 56.1 
32 29 600 180 0 55.96 
34 29 600 140 0 55.76 
32 30 600 180 0 55.97 
34 32 600 180 0 55.99 
13 3 6 55.85 
28 13 3 112.16 
19 34 4 55.67 
17 15 10 111.8 
0 34 3 56.55 
11 26 9 55.46 
16 28 7 56.05 
23 7 8 56.5 
8 6 5 55.94 
12 25 9 56.12 
0 13 2 55.89 
26 28 7 55.83 
15 11 8 55.62 
27 26 6 56.24 
17 32 7 55.84 
7 22 9 55.94 
3 5 4 112.16 
18 14 2 55.87 
0 17 9 56.22 
14 8 9 55.98 
34 26 2 112 
19 5 9 55.9 
21 19 7 55.73 
21 23 5 55.91 
8 16 10 55.71 
31 0 1 0.51 
25 18 6 55.65 
7 34 5 1.13 
17 8 10 55.32 
11 29 6 0.92 
2 23 5 55.6 
24 20 5 56.35 
28 10 7 0.94 
17 12 2 111.64 
20 0 1 111.75 
24 5 1 0.57 
20 32 10 57.53 
8 12 8 55.09 
8 29 9 55.75 
12 11 9 0.77 
25 14 8 111.88 
14 27 5 111.47 
23 5 2 56.03 
15 13 6 55.24 
2 0 1 55.67 
13 14 1 0.91 
24 21 3 56.32 
2 17 2 57.65 
18 33 9 0.52 
0 7 6 55.69 
24 10 10 55.58 
2 32 7 55.89 
14 26 3 1.24 
15 31 6 56 
1 24 1 56.09 
16 29 3 56.9 
34 33 6 111.34 
20 10 10 56.68 
11 14 7 56.67 
14 31 2 112.1 
9 12 9 55.61 
25 26 3 56 
4 2 6 55.64 
13 4 7 56.46 
13 32 1 1.3 
27 25 9 112.54 
21 22 5 55.83 
29 0 2 111.94 
20 29 1 57.68 
10 30 6 0.85 
22 23 5 56.19 
6 4 5 56.41 
29 20 2 57.68 
30 13 10 55.88 
15 22 7 0.79 
19 30 1 0.76 
0 5 2 55.53 
14 15 7 111.24 
16 34 7 110.89 
19 20 1 55.64 
22 14 9 55.87 
5 33 6 56.92 
4 11 1 56.22 
2 30 5 55.77 
15 19 7 55.43 
13 7 3 1.13 
27 1 2 56.48 
32 26 2 111.63 
31 23 1 56.83 
34 25 5 55.48 
11 28 5 111.64 
2 24 6 55.76 
29 19 8 0.8 
3 2 2 111.61 
2 22 10 0.85 
25 10 2 57 
27 34 2 55.94 
32 12 5 56.96 
11 0 4 55.84 
12 22 4 0.79 
30 12 9 55.82 
11 2 1 55.24 
25 28 10 55.86 
13 12 7 0.86 
6 27 5 56.28 
29 25 7 55.76 
24 33 1 55.76 
10 1 7 56.04 
24 18 4 56.25 
10 13 3 55.31 
3 29 2 55.61 
24 27 7 55.75 
29 6 3 56.43 
18 19 7 111.2 
4 0 1 56.44 
28 4 4 56.75 
4 34 4 56.11 
3 1 5 110.84 
14 28 9 56.27 
30 7 4 55.77 
31 8 8 56.99 
30 22 5 55.69 
19 22 10 111.53 
2 26 3 111.56 
29 15 9 55.86 
29 2 3 56.53 
29 31 10 54.43 
23 24 4 55.83 
17 23 3 55.79 
17 33 9 112.89 
2 12 5 111.78 
32 29 1 57.45 
0 6 4 56.71 
20 7 10 0.7 
19 10 8 55.28 
22 25 2 0.66 
24 12 8 55.77 
5 12 6 57.09 
1 21 8 56.32 
22 26 4 55.72 
31 12 5 55.39 
30 18 7 1.2 
5 14 2 111.54 
14 24 3 55.9 
27 13 8 55.65 
2 34 2 111.35 
1 6 3 111.54 
9 4 2 56.28 
9 5 2 55.85 
11 9 9 56.98 
5 21 6 56.2 
4 9 6 56.28 
8 11 6 111.86 
34 18 6 56.02 
27 18 1 55.74 
18 32 9 56.12 
12 6 10 55.83 
7 20 1 0.7 
15 28 2 55.74 
16 14 5 55.56 
10 34 4 56.19 
18 26 8 55.68 
12 17 9 111.64 
8 14 10 55.98 
1 16 10 56.2 
17 22 4 1.22 
27 29 9 55.79 
3 15 6 111.95 
26 12 7 111.73 
0 29 10 111.94 
10 19 8 55.28 
5 32 10 55.86 
34 27 9 55.94 
4 21 3 56.23 
8 9 1 111.31 
33 7 8 1.08 
11 34 4 55.8 
30 19 4 0.76 
32 16 10 56.69 
19 7 3 56.34 
33 31 1 55.22 
27 32 6 55.97 
15 20 7 55.83 
13 28 7 112.16 
0 11 9 55.84 
4 30 9 56.14 
3 19 3 56.15 
20 28 10 55.8 
8 31 2 56.99 
25 0 4 55.67 
0 32 2 112.04 
27 22 6 55.54 
20 13 1 55.7 
12 27 3 110.69 
30 16 6 56.2 
11 10 7 55.55 
5 1 6 111.32 
23 32 3 55.9 
19 0 4 55.63 
19 16 4 0.89 
2 9 6 55.7 
19 26 9 1.42 
18 12 7 0.51 
7 13 3 1.13 
22 5 10 0.41 
29 34 8 112.02 
5 18 8 0.61 
6 15 4 1.86 
22 12 9 0.79 
7 29 10 55.75 
27 9 3 56.02 
16 6 9 56.35 
7 15 5 55.86 
11 16 10 0.76 
28 16 4 56.05 
18 7 10 55.72 
5 23 2 56.03 
6 5 8 55.94 
31 16 9 55.08 
16 8 4 55.71 
25 1 2 56.27 
33 13 10 0.84 
12 21 3 111.41 
19 18 5 111.2 
20 16 8 56.4 
25 2 1 111.86 
24 26 1 55.97 
15 5 10 112.33 
20 12 7 56.12 
31 25 3 56.19 
23 14 1 56.76 
21 15 4 57.42 
14 30 2 0.83 
2 28 7 55.62 
32 5 8 55.86 
4 28 1 56.75 
23 27 4 55.74 
26 9 4 55.48 
34 0 4 56.55 
0 3 6 0.92 
27 21 5 56.83 
22 7 9 55.94 
21 17 1 56.09 
29 32 1 57.45 
29 13 9 55.81 
10 24 6 55.58 
33 24 3 55.76 
3 16 4 55.92 
20 18 10 55.91 
14 5 1 111.54 
19 12 2 1.14 
16 18 8 55.75 
7 5 7 56.1 
30 4 5 56.14 
33 15 5 57.68 
26 32 4 111.63 
21 16 6 111.04 
7 16 10 55.68 
29 23 10 55.68 
8 10 9 0.94 
5 2 6 57.38 
12 33 10 57.33 
31 32 10 1.05 
28 29 9 56.02 
20 3 9 55.92 
10 31 7 55.72 
9 32 7 110.98 
14 20 5 55.73 
20 17 3 55.94 
25 12 6 56.12 
19 15 9 55.43 
6 30 2 56.35 
32 31 2 1.05 
17 20 5 55.94 
30 34 5 57.48 
29 24 9 56.43 
6 24 2 56.86 
25 24 9 0.73 
18 2 4 0.8 
1 5 5 111.32 
3 28 10 56.06 
29 21 6 111.05 
14 3 5 111.62 
10 23 7 55.43 
32 21 2 56.75 
0 25 7 55.67 
16 11 5 0.76 
33 14 2 55.7 
15 34 10 56.93 
8 1 7 55.8 
3 20 5 55.92 
22 16 5 55.7 
20 34 6 112.09 
3 18 7 0.87 
20 15 4 55.83 
13 19 4 56.36 
5 19 5 55.9 
12 8 2 55.09 
7 33 2 1.08 
29 12 8 111.04 
28 23 3 111.46 
8 21 4 55.79 
16 3 2 55.92 
22 19 10 111.53 
27 20 9 55.73 
29 1 5 56.05 
21 20 10 56.42 
4 27 1 55.82 
17 11 2 55.46 
6 8 3 55.94 
19 25 7 56.12 
8 34 4 0.81 
1 27 5 56.48 
13 25 5 55.54 
15 2 7 111.75 
26 27 5 56.24 
32 3 10 56.14 
14 17 10 56.55 
17 14 2 56.55 
2 11 10 55.24 
11 18 3 56.54 
24 2 8 55.76 
33 17 6 112.89 
13 23 10 111.12 
2 4 6 55.64 
31 11 6 111.34 
33 0 4 55.83 
13 15 5 55.24 
27 11 5 55.64 
30 9 7 55.81 
28 21 5 111.75 
5 15 2 112.33 
14 1 9 56.46 
33 3 7 110.17 
4 26 3 0.79 
12 1 4 55.85 
23 3 4 56.35 
23 2 7 55.6 
22 34 5 0.86 
26 1 1 56.08 
10 29 6 55.93 
12 20 6 56.12 
29 22 9 55.49 
34 31 5 55.66 
3 31 8 57.46 
18 0 4 56.24 
15 0 5 55.54 
1 34 3 56.22 
14 4 10 55.86 
34 22 8 0.86 
3 24 4 55.89 
22 9 8 111.13 
16 7 6 55.68 
8 3 4 1.12 
30 0 5 56.67 
8 18 6 111.48 
16 31 1 55.08 
3 25 10 111.98 
24 23 9 55.83 
3 32 4 56.14 
22 13 2 112.28 
18 27 9 55.74 
7 28 5 56.16 
34 13 6 55.92 
13 30 1 55.88 
18 31 10 55.64 
28 34 7 55.99 
17 13 5 1.02 
17 19 7 55.69 
34 7 9 1.13 
6 17 2 56.26 
6 1 5 111.54 
3 6 9 56.35 
21 5 7 56.2 
21 3 3 56.35 
21 8 9 55.79 
24 22 3 56.21 
16 20 5 56.4 
8 15 3 0.79 
30 31 10 0.56 
13 26 8 0.95 
4 25 10 0.62 
15 12 4 112.02 
34 17 6 56.69 
2 7 2 55.89 
32 7 4 55.87 
16 33 4 111.53 
16 17 1 111.55 
9 30 9 55.81 
24 1 9 56.09 
2 21 4 111.14 
23 26 1 55.57 
