27 72 151 
0 16 20000 2.5 1 45.95 
0 3 50000 1 1 28.67 
0 20 20000 2.5 1 74.1 
1 20 20000 2.5 1 53.39 
1 7 20000 2.5 1 71.43 
2 18 50000 1 1 12.56 
2 3 5000 10 1 5.38 
3 18 50000 1 1 17.32 
3 26 20000 2.5 1 112.42 
3 15 10000 5 1 82.27 
4 5 10000 5 1 25.15 
4 6 20000 2.5 1 18.56 
4 7 50000 1 1 28.83 
5 8 5000 10 1 7.71 
6 23 10000 5 1 29.42 
6 7 10000 5 1 20.92 
8 9 10000 5 1 5.68 
8 13 50000 1 1 9.04 
8 14 5000 10 1 1.44 
8 25 50000 1 1 38.92 
10 25 20000 2.5 1 3.67 
10 12 5000 10 1 5.55 
11 25 50000 1 1 9.82 
11 26 10000 5 1 20.41 
13 23 5000 10 1 35.03 
15 16 5000 10 1 18.14 
17 26 50000 1 1 18.49 
17 19 10000 5 1 35.95 
19 20 50000 1 1 36.58 
20 21 10000 5 1 31.04 
21 22 10000 5 1 5.58 
21 23 20000 2.5 1 2.74 
22 23 5000 10 1 3.31 
23 24 10000 5 1 24.13 
24 25 10000 5 1 28.1 
25 26 10000 5 1 11.95 
16 0 20000 2.5 1 45.95 
3 0 50000 1 1 28.67 
20 0 20000 2.5 1 74.1 
20 1 20000 2.5 1 53.39 
7 1 20000 2.5 1 71.43 
18 2 50000 1 1 12.56 
3 2 5000 10 1 5.38 
18 3 50000 1 1 17.32 
26 3 20000 2.5 1 112.42 
15 3 10000 5 1 82.27 
5 4 10000 5 1 25.15 
6 4 20000 2.5 1 18.56 
7 4 50000 1 1 28.83 
8 5 5000 10 1 7.71 
23 6 10000 5 1 29.42 
7 6 10000 5 1 20.92 
9 8 10000 5 1 5.68 
13 8 50000 1 1 9.04 
14 8 5000 10 1 1.44 
25 8 50000 1 1 38.92 
25 10 20000 2.5 1 3.67 
12 10 5000 10 1 5.55 
25 11 50000 1 1 9.82 
26 11 10000 5 1 20.41 
23 13 5000 10 1 35.03 
16 15 5000 10 1 18.14 
26 17 50000 1 1 18.49 
19 17 10000 5 1 35.95 
20 19 50000 1 1 36.58 
21 20 10000 5 1 31.04 
22 21 10000 5 1 5.58 
23 21 20000 2.5 1 2.74 
23 22 5000 10 1 3.31 
24 23 10000 5 1 24.13 
25 24 10000 5 1 28.1 
26 25 10000 5 1 11.95 
3 21 50 124.9 
1 25 500 200.5 
11 23 1000 259.4 
1 6 50 216.79 
22 25 50 202.28 
16 13 50 94.9 
6 22 50 161.62 
2 25 1000 122.17 
15 18 100 133.27 
5 1 100 231.99 
25 19 100 313.4 
17 23 100 269.92 
2 17 100 79.66 
17 25 500 241.5 
15 11 1000 118.83 
17 15 500 102.51 
21 5 50 162.25 
6 16 1000 62.26 
23 18 500 99.65 
8 13 500 358.94 
1 16 50 58.43 
22 4 50 157.19 
17 1 1000 79.86 
19 8 500 215.82 
13 19 500 190.08 
25 11 50 226.75 
18 16 50 133.27 
3 25 1000 168.37 
19 11 500 199.37 
22 2 500 74.22 
3 4 100 94.46 
2 16 50 123.22 
13 15 100 94.15 
19 2 500 63.47 
22 19 1000 163.58 
6 17 100 149.17 
21 20 50 163.55 
11 26 500 226.75 
20 18 1000 129.34 
19 22 100 163.58 
4 2 100 70.7 
26 13 50 145.6 
22 5 1000 161.27 
11 2 100 99.34 
15 8 1000 101.86 
7 16 500 63.3 
23 5 500 270.2 
26 23 100 440.01 
0 4 50 110.93 
6 3 1000 103.83 
3 5 50 106.13 
5 22 100 161.27 
7 21 50 202.93 
13 26 500 145.6 
22 26 1000 201.81 
5 15 100 88.84 
4 0 500 110.93 
21 2 100 75.22 
18 24 50 70.57 
20 5 50 264.85 
3 19 500 117.69 
1 15 100 54.49 
26 8 500 216.24 
2 7 50 53.76 
24 0 1000 135.97 
24 5 50 127.18 
2 6 50 58.15 
6 0 500 114.76 
1 8 100 247.58 
20 6 100 252.67 
19 23 1000 247.06 
26 25 500 226.75 
7 4 1000 294.69 
13 8 500 358.94 
13 24 500 133.49 
26 6 1000 145.04 
16 8 50 99.65 
19 4 1000 170.21 
0 6 50 114.76 
25 3 50 168.37 
6 24 100 113.08 
21 7 50 202.93 
0 19 1000 117.69 
16 5 50 102.36 
2 19 50 63.47 
7 25 100 162.77 
15 24 100 101.27 
7 24 500 123.73 
6 7 500 287.06 
25 22 1000 202.28 
2 8 100 83.79 
11 22 50 167.63 
24 8 50 143.42 
4 1 500 243.29 
19 21 100 160.56 
11 7 50 103.44 
13 4 50 148.18 
0 21 1000 80.84 
17 24 100 191.88 
7 26 100 135.75 
1 5 50 231.99 
6 19 100 166.72 
4 15 50 67.41 
4 23 100 278.03 
21 18 500 76.9 
16 22 500 65.03 
0 7 500 77.47 
11 3 500 134.08 
0 5 100 133.55 
24 16 50 114.83 
24 17 100 191.88 
6 15 50 54.92 
2 21 100 75.22 
25 2 100 122.17 
16 4 50 72.19 
4 6 50 323.68 
24 21 100 194.73 
16 18 1000 133.27 
7 6 100 287.06 
16 19 100 83.13 
23 26 50 440.01 
18 1 100 52.18 
26 15 50 123.94 
25 21 50 251.35 
4 7 500 294.69 
18 5 50 79.32 
4 20 50 299.02 
23 19 500 247.06 
6 1 1000 216.79 
18 7 100 57.38 
23 4 100 278.03 
0 22 500 81.92 
11 0 100 182.43 
1 22 50 143.9 
8 15 500 101.86 
25 18 50 122.46 
21 1 100 141.43 
13 20 50 243.91 
25 7 100 162.77 
25 6 50 182.28 
13 3 50 111.54 
18 15 50 133.27 
16 6 100 62.26 
2 23 50 103.26 
7 20 50 198.51 
22 1 50 143.9 
6 4 500 323.68 
3 7 500 83.33 
0 23 50 168.99 
2 4 50 70.7 
25 0 50 269.55 
