27 72 151 
0 16 20000 2.5 0 45.95 
0 3 50000 1 0 28.67 
0 20 20000 2.5 0 74.1 
1 20 20000 2.5 0 53.39 
1 7 20000 2.5 0 71.43 
2 18 50000 1 0 12.56 
2 3 5000 10 0 5.38 
3 18 50000 1 0 17.32 
3 26 20000 2.5 0 112.42 
3 15 10000 5 0 82.27 
4 5 10000 5 0 25.15 
4 6 20000 2.5 0 18.56 
4 7 50000 1 0 28.83 
5 8 5000 10 0 7.71 
6 23 10000 5 0 29.42 
6 7 10000 5 0 20.92 
8 9 10000 5 0 5.68 
8 13 50000 1 0 9.04 
8 14 5000 10 0 1.44 
8 25 50000 1 0 38.92 
10 25 20000 2.5 0 3.67 
10 12 5000 10 0 5.55 
11 25 50000 1 0 9.82 
11 26 10000 5 0 20.41 
13 23 5000 10 0 35.03 
15 16 5000 10 0 18.14 
17 26 50000 1 0 18.49 
17 19 10000 5 0 35.95 
19 20 50000 1 0 36.58 
20 21 10000 5 0 31.04 
21 22 10000 5 0 5.58 
21 23 20000 2.5 0 2.74 
22 23 5000 10 0 3.31 
23 24 10000 5 0 24.13 
24 25 10000 5 0 28.1 
25 26 10000 5 0 11.95 
16 0 20000 2.5 0 45.95 
3 0 50000 1 0 28.67 
20 0 20000 2.5 0 74.1 
20 1 20000 2.5 0 53.39 
7 1 20000 2.5 0 71.43 
18 2 50000 1 0 12.56 
3 2 5000 10 0 5.38 
18 3 50000 1 0 17.32 
26 3 20000 2.5 0 112.42 
15 3 10000 5 0 82.27 
5 4 10000 5 0 25.15 
6 4 20000 2.5 0 18.56 
7 4 50000 1 0 28.83 
8 5 5000 10 0 7.71 
23 6 10000 5 0 29.42 
7 6 10000 5 0 20.92 
9 8 10000 5 0 5.68 
13 8 50000 1 0 9.04 
14 8 5000 10 0 1.44 
25 8 50000 1 0 38.92 
25 10 20000 2.5 0 3.67 
12 10 5000 10 0 5.55 
25 11 50000 1 0 9.82 
26 11 10000 5 0 20.41 
23 13 5000 10 0 35.03 
16 15 5000 10 0 18.14 
26 17 50000 1 0 18.49 
19 17 10000 5 0 35.95 
20 19 50000 1 0 36.58 
21 20 10000 5 0 31.04 
22 21 10000 5 0 5.58 
23 21 20000 2.5 0 2.74 
23 22 5000 10 0 3.31 
24 23 10000 5 0 24.13 
25 24 10000 5 0 28.1 
26 25 10000 5 0 11.95 
3 21 50 46.14 
1 25 500 64.2 
11 23 1000 133.11 
1 6 50 48.15 
22 25 50 123.57 
16 13 50 40.05 
6 22 50 66.6 
2 25 1000 67.42 
15 18 100 42.89 
5 1 100 107.82 
25 19 100 102.58 
17 23 100 108.26 
2 17 100 36.88 
17 25 500 87.04 
15 11 1000 40.7 
17 15 500 46.85 
21 5 50 91.64 
6 16 1000 26.7 
23 18 500 46.88 
8 13 500 117.08 
1 16 50 30.76 
22 4 50 79.82 
17 1 1000 24.24 
19 8 500 101.31 
13 19 500 70.07 
25 11 50 86.83 
18 16 50 42.89 
3 25 1000 65.74 
19 11 500 80.32 
22 2 500 31.11 
3 4 100 31.19 
2 16 50 36.98 
13 15 100 39.3 
19 2 500 20.58 
22 19 1000 65.54 
6 17 100 74.49 
21 20 50 45.53 
11 26 500 86.83 
20 18 1000 38.96 
19 22 100 65.54 
4 2 100 32.88 
26 13 50 67 
22 5 1000 78.26 
11 2 100 30.76 
15 8 1000 40.93 
7 16 500 32.54 
23 5 500 125.92 
26 23 100 114.41 
0 4 50 46.4 
6 3 1000 33.22 
3 5 50 47.44 
5 22 100 78.26 
7 21 50 107.69 
13 26 500 67 
22 26 1000 124.17 
5 15 100 40.7 
4 0 500 46.4 
21 2 100 36.63 
18 24 50 22.3 
20 5 50 91.64 
3 19 500 41.04 
1 15 100 20.32 
26 8 500 96.13 
2 7 50 17.33 
24 0 1000 38.67 
24 5 50 30.73 
2 6 50 28.29 
6 0 500 35.33 
1 8 100 105.13 
20 6 100 60.28 
19 23 1000 108.26 
26 25 500 86.83 
7 4 1000 93.74 
13 8 500 117.08 
13 24 500 55.27 
26 6 1000 91.81 
16 8 50 53.51 
19 4 1000 31.19 
0 6 50 35.33 
25 3 50 65.74 
6 24 100 65.85 
21 7 50 107.69 
0 19 1000 37.59 
16 5 50 45.79 
2 19 50 20.58 
7 25 100 48.35 
15 24 100 51.33 
7 24 500 77.21 
6 7 500 85.55 
25 22 1000 123.57 
2 8 100 31.53 
11 22 50 53.73 
24 8 50 45.89 
4 1 500 92.62 
19 21 100 55.62 
11 7 50 37.37 
13 4 50 36.92 
0 21 1000 28.15 
17 24 100 80.89 
7 26 100 44.2 
1 5 50 107.82 
6 19 100 50.07 
4 15 50 17.94 
4 23 100 135.23 
21 18 500 30.76 
16 22 500 23.25 
0 7 500 25.99 
11 3 500 69.91 
0 5 100 81.01 
24 16 50 63.48 
24 17 100 80.89 
6 15 50 20.4 
2 21 100 36.63 
25 2 100 67.42 
16 4 50 30.85 
4 6 50 111.82 
24 21 100 108.24 
16 18 1000 42.89 
7 6 100 85.55 
16 19 100 42.98 
23 26 50 114.41 
18 1 100 23.73 
26 15 50 43.85 
25 21 50 139.31 
4 7 500 93.74 
18 5 50 31.88 
4 20 50 87.92 
23 19 500 108.26 
6 1 1000 48.15 
18 7 100 18.28 
23 4 100 135.23 
0 22 500 24.85 
11 0 100 73.71 
1 22 50 51.51 
8 15 500 40.93 
25 18 50 56.72 
21 1 100 49.04 
13 20 50 105.89 
25 7 100 48.35 
25 6 50 72.83 
13 3 50 46.38 
18 15 50 42.89 
16 6 100 26.7 
2 23 50 36.77 
7 20 50 45.89 
22 1 50 51.51 
6 4 500 111.82 
3 7 500 39.1 
0 23 50 55.05 
2 4 50 32.88 
25 0 50 94.17 
