19 78 210 
0 1 10000 5 1 77.68 
0 3 5000 10 1 18.7 
0 3 5000 10 1 18.7 
1 2 20000 2.5 1 47.42 
1 2 10000 5 1 47.57 
2 7 20000 2.5 1 150.79 
2 10 50000 1 1 25.48 
2 3 5000 10 1 57.54 
2 9 20000 2.5 1 44.37 
3 16 5000 10 1 32.74 
3 7 5000 10 1 96.32 
3 15 10000 5 1 36.92 
4 8 10000 5 1 12.34 
4 8 20000 2.5 1 12.19 
4 9 10000 5 1 28.3 
4 5 5000 10 1 12.21 
4 16 5000 10 1 90.9 
5 8 50000 1 1 1.15 
5 8 20000 2.5 1 1.24 
6 12 20000 2.5 1 28.1 
6 7 10000 5 1 4.34 
6 7 20000 2.5 1 4.19 
7 12 5000 10 1 31.14 
7 12 5000 10 1 31.14 
8 9 5000 10 1 16.57 
8 9 10000 5 1 16.27 
8 14 20000 2.5 1 130.37 
8 16 10000 5 1 79.9 
8 18 5000 10 1 32.18 
8 18 10000 5 1 31.88 
9 16 20000 2.5 1 66.55 
9 10 10000 5 1 20.14 
11 12 10000 5 1 54.91 
11 12 10000 5 1 54.91 
11 14 10000 5 1 82.5 
12 13 5000 10 1 6.64 
12 13 50000 1 1 6.1 
12 14 10000 5 1 76.73 
12 14 50000 1 1 76.49 
14 16 50000 1 1 58.88 
14 15 20000 2.5 1 45.78 
15 16 5000 10 1 16.44 
16 17 50000 1 1 31.76 
16 17 20000 2.5 1 31.85 
17 18 50000 1 1 26.42 
1 0 10000 5 1 77.68 
3 0 5000 10 1 18.7 
2 1 10000 5 1 47.57 
7 2 20000 2.5 1 150.79 
10 2 50000 1 1 25.48 
3 2 5000 10 1 57.54 
9 2 20000 2.5 1 44.37 
16 3 5000 10 1 32.74 
7 3 5000 10 1 96.32 
15 3 10000 5 1 36.92 
8 4 20000 2.5 1 12.19 
9 4 10000 5 1 28.3 
5 4 5000 10 1 12.21 
16 4 5000 10 1 90.9 
8 5 20000 2.5 1 1.24 
12 6 20000 2.5 1 28.1 
7 6 20000 2.5 1 4.19 
12 7 5000 10 1 31.14 
9 8 10000 5 1 16.27 
14 8 20000 2.5 1 130.37 
16 8 10000 5 1 79.9 
18 8 10000 5 1 31.88 
16 9 20000 2.5 1 66.55 
10 9 10000 5 1 20.14 
12 11 10000 5 1 54.91 
14 11 10000 5 1 82.5 
13 12 50000 1 1 6.1 
14 12 50000 1 1 76.49 
16 14 50000 1 1 58.88 
15 14 20000 2.5 1 45.78 
16 15 5000 10 1 16.44 
17 16 20000 2.5 1 31.85 
18 17 50000 1 1 26.42 
8 15 100 25.48 
0 14 500 27.12 
4 0 50 18.01 
15 5 50 38.86 
12 11 1000 112.03 
15 10 50 35.74 
9 17 50 99.41 
12 16 500 41.15 
12 3 100 86.12 
8 9 50 30.87 
18 12 50 24.09 
6 18 1000 23.77 
17 12 50 34.94 
14 2 100 24.22 
4 16 500 50.26 
16 5 50 61.83 
11 7 100 87.09 
7 5 100 3.98 
3 5 100 7.47 
12 10 100 18.38 
15 3 1000 11.44 
18 0 1000 24.57 
0 7 50 60.92 
12 18 1000 24.09 
1 9 500 22.14 
9 16 50 99.1 
5 18 100 66.81 
4 17 500 60.51 
8 5 100 32.12 
2 3 500 13.98 
8 2 50 11.52 
7 4 50 7.78 
16 8 1000 44.84 
8 12 100 4.07 
3 4 100 18.01 
18 5 1000 66.81 
16 3 1000 11.44 
4 1 1000 5.97 
3 18 1000 24.57 
14 11 1000 112.03 
4 10 500 29.07 
11 16 500 77.11 
7 6 1000 55.7 
0 2 1000 13.98 
6 2 1000 21.89 
15 11 500 72.51 
15 16 500 4.65 
6 15 100 66.89 
9 5 500 56.56 
5 17 500 69.16 
12 2 500 25.98 
7 12 500 55.7 
0 4 1000 18.01 
9 15 1000 50.19 
12 6 500 55.7 
7 16 500 55.41 
7 11 100 87.09 
10 4 100 29.07 
12 17 1000 34.94 
14 1 500 39.87 
10 8 50 31.76 
6 11 100 86.5 
17 6 1000 20.75 
11 12 100 112.03 
4 7 500 7.78 
6 3 500 68.15 
18 15 100 27.14 
14 17 50 32.11 
14 3 50 31.7 
1 6 1000 16.5 
14 10 500 11.89 
5 11 50 7.32 
8 14 100 35.57 
10 16 1000 49.48 
11 6 100 86.5 
16 6 1000 44.58 
1 7 1000 12.83 
16 7 100 55.41 
7 8 500 6.65 
2 15 50 2.51 
17 2 500 52.2 
3 7 500 73.72 
3 12 100 86.12 
5 3 1000 7.47 
0 11 1000 84.79 
16 14 50 44.62 
12 1 50 48.49 
5 7 1000 3.98 
3 15 100 11.44 
18 10 50 28.27 
10 17 1000 52.26 
10 0 1000 21.64 
15 6 50 66.89 
1 12 1000 48.49 
14 18 100 35.03 
3 6 50 68.15 
8 17 1000 44.84 
10 6 50 22.43 
4 14 100 28.2 
14 0 100 27.12 
2 5 1000 23.16 
16 2 500 12.53 
15 1 50 13.98 
0 9 50 21.65 
12 4 1000 19.79 
6 17 500 20.75 
17 9 1000 99.41 
5 9 50 56.56 
17 4 100 60.51 
11 18 1000 25.48 
2 18 500 52.65 
11 8 100 28.63 
11 10 500 16.84 
0 15 100 15.22 
9 12 500 19.15 
11 17 500 36.2 
18 7 500 24.23 
2 6 100 21.89 
6 16 500 44.58 
1 2 500 13.98 
11 5 500 7.32 
1 14 50 39.87 
1 10 50 20.62 
10 18 1000 28.27 
11 1 500 33.65 
0 18 100 24.57 
5 14 100 7.32 
14 4 500 28.2 
3 14 100 31.7 
6 5 100 4.91 
12 14 50 112.03 
6 10 50 22.43 
18 11 50 25.48 
8 11 500 28.63 
16 11 50 77.11 
15 9 100 50.19 
8 6 1000 6.57 
15 12 50 45.58 
17 10 100 52.26 
2 11 1000 31.71 
0 5 50 7.47 
1 16 50 15.23 
15 4 100 17.38 
8 16 100 44.84 
5 16 1000 61.83 
3 11 50 84.79 
9 18 100 68.79 
2 12 50 25.98 
1 5 500 20.27 
11 0 50 84.79 
4 18 500 59.1 
1 4 50 5.97 
7 9 500 19.94 
10 7 50 15.23 
8 7 50 6.65 
6 14 50 80.94 
2 17 1000 52.2 
18 2 1000 52.65 
7 2 50 18.55 
11 9 100 8.28 
4 9 1000 42.18 
5 6 1000 4.91 
11 4 50 28.2 
17 7 50 13.62 
2 4 500 19.12 
5 4 1000 32.12 
14 9 500 5.79 
9 0 50 21.65 
18 9 500 68.79 
18 6 500 23.77 
7 17 1000 13.62 
2 9 500 21.88 
7 18 100 24.23 
14 8 50 35.57 
9 2 500 21.88 
17 15 50 27.14 
11 14 1000 112.03 
6 8 50 6.57 
5 12 500 4.14 
2 14 100 24.22 
10 15 100 35.74 
16 9 500 99.1 
12 8 500 4.07 
16 4 100 50.26 
14 12 1000 112.03 
6 9 50 17.6 
1 11 50 33.65 
17 14 100 32.11 
9 14 500 5.79 
10 12 100 18.38 
8 10 100 31.76 
12 7 50 55.7 
4 5 50 32.12 
16 12 100 41.15 
12 9 1000 19.15 
6 12 100 55.7 
4 8 1000 32.12 
5 8 500 32.12 
6 4 100 7.78 
14 5 100 7.32 
8 4 50 32.12 
16 17 100 44.84 
17 11 100 36.2 
1 18 100 35.81 
16 10 50 49.48 
11 2 1000 31.71 
4 11 100 28.2 
10 5 100 40.79 
6 7 1000 55.7 
9 8 50 30.87 
