19 78 70 
0 1 10000 5 0 77.68 
0 3 5000 10 0 18.7 
0 3 5000 10 0 18.7 
1 2 20000 2.5 0 47.42 
1 2 10000 5 0 47.57 
2 7 20000 2.5 0 150.79 
2 10 50000 1 0 25.48 
2 3 5000 10 0 57.54 
2 9 20000 2.5 0 44.37 
3 16 5000 10 0 32.74 
3 7 5000 10 0 96.32 
3 15 10000 5 0 36.92 
4 8 10000 5 0 12.34 
4 8 20000 2.5 0 12.19 
4 9 10000 5 0 28.3 
4 5 5000 10 0 12.21 
4 16 5000 10 0 90.9 
5 8 50000 1 0 1.15 
5 8 20000 2.5 0 1.24 
6 12 20000 2.5 0 28.1 
6 7 10000 5 0 4.34 
6 7 20000 2.5 0 4.19 
7 12 5000 10 0 31.14 
7 12 5000 10 0 31.14 
8 9 5000 10 0 16.57 
8 9 10000 5 0 16.27 
8 14 20000 2.5 0 130.37 
8 16 10000 5 0 79.9 
8 18 5000 10 0 32.18 
8 18 10000 5 0 31.88 
9 16 20000 2.5 0 66.55 
9 10 10000 5 0 20.14 
11 12 10000 5 0 54.91 
11 12 10000 5 0 54.91 
11 14 10000 5 0 82.5 
12 13 5000 10 0 6.64 
12 13 50000 1 0 6.1 
12 14 10000 5 0 76.73 
12 14 50000 1 0 76.49 
14 16 50000 1 0 58.88 
14 15 20000 2.5 0 45.78 
15 16 5000 10 0 16.44 
16 17 50000 1 0 31.76 
16 17 20000 2.5 0 31.85 
17 18 50000 1 0 26.42 
1 0 10000 5 0 77.68 
3 0 5000 10 0 18.7 
2 1 10000 5 0 47.57 
7 2 20000 2.5 0 150.79 
10 2 50000 1 0 25.48 
3 2 5000 10 0 57.54 
9 2 20000 2.5 0 44.37 
16 3 5000 10 0 32.74 
7 3 5000 10 0 96.32 
15 3 10000 5 0 36.92 
8 4 20000 2.5 0 12.19 
9 4 10000 5 0 28.3 
5 4 5000 10 0 12.21 
16 4 5000 10 0 90.9 
8 5 20000 2.5 0 1.24 
12 6 20000 2.5 0 28.1 
7 6 20000 2.5 0 4.19 
12 7 5000 10 0 31.14 
9 8 10000 5 0 16.27 
14 8 20000 2.5 0 130.37 
16 8 10000 5 0 79.9 
18 8 10000 5 0 31.88 
16 9 20000 2.5 0 66.55 
10 9 10000 5 0 20.14 
12 11 10000 5 0 54.91 
14 11 10000 5 0 82.5 
13 12 50000 1 0 6.1 
14 12 50000 1 0 76.49 
16 14 50000 1 0 58.88 
15 14 20000 2.5 0 45.78 
16 15 5000 10 0 16.44 
17 16 20000 2.5 0 31.85 
18 17 50000 1 0 26.42 
8 15 100 90.28 
0 14 500 44.4 
4 0 50 104.81 
15 5 50 61.86 
12 11 1000 133.34 
15 10 50 64 
9 17 50 160.6 
12 16 500 75.09 
12 3 100 107.57 
8 9 50 109.35 
18 12 50 46.23 
6 18 1000 37.87 
17 12 50 53.45 
14 2 100 34.95 
4 16 500 136.67 
16 5 50 145.89 
11 7 100 117.96 
7 5 100 20.62 
3 5 100 88.22 
12 10 100 33.61 
15 3 1000 66.44 
18 0 1000 105.52 
0 7 50 126.08 
12 18 1000 46.23 
1 9 500 46.1 
9 16 50 232.84 
5 18 100 122.7 
4 17 500 143.8 
8 5 100 108.84 
2 3 500 44.84 
8 2 50 88.22 
7 4 50 36.13 
16 8 1000 133.07 
8 12 100 27.68 
3 4 100 104.81 
18 5 1000 122.7 
16 3 1000 87.57 
4 1 1000 27.85 
3 18 1000 107.58 
14 11 1000 133.34 
4 10 500 67.89 
11 16 500 105.24 
7 6 1000 90.98 
0 2 1000 44.84 
6 2 1000 45.47 
15 11 500 108.03 
15 16 500 71.02 
6 15 100 117.33 
9 5 500 89.97 
5 17 500 139.83 
12 2 500 51.4 
7 12 500 90.98 
0 4 1000 104.81 
9 15 1000 97.73 
12 6 500 90.98 
7 16 500 89.01 
7 11 100 117.96 
10 4 100 67.89 
12 17 1000 53.45 
14 1 500 55.93 
10 8 50 84.9 
6 11 100 117.39 
17 6 1000 45.43 
11 12 100 133.34 
4 7 500 36.13 
6 3 500 133.3 
18 15 100 90.57 
14 17 50 61.87 
14 3 50 49.31 
1 6 1000 49.58 
