19 78 210 
0 1 10000 5 0 77.68 
0 3 5000 10 0 18.7 
0 3 5000 10 0 18.7 
1 2 20000 2.5 0 47.42 
1 2 10000 5 0 47.57 
2 7 20000 2.5 0 150.79 
2 10 50000 1 0 25.48 
2 3 5000 10 0 57.54 
2 9 20000 2.5 0 44.37 
3 16 5000 10 0 32.74 
3 7 5000 10 0 96.32 
3 15 10000 5 0 36.92 
4 8 10000 5 0 12.34 
4 8 20000 2.5 0 12.19 
4 9 10000 5 0 28.3 
4 5 5000 10 0 12.21 
4 16 5000 10 0 90.9 
5 8 50000 1 0 1.15 
5 8 20000 2.5 0 1.24 
6 12 20000 2.5 0 28.1 
6 7 10000 5 0 4.34 
6 7 20000 2.5 0 4.19 
7 12 5000 10 0 31.14 
7 12 5000 10 0 31.14 
8 9 5000 10 0 16.57 
8 9 10000 5 0 16.27 
8 14 20000 2.5 0 130.37 
8 16 10000 5 0 79.9 
8 18 5000 10 0 32.18 
8 18 10000 5 0 31.88 
9 16 20000 2.5 0 66.55 
9 10 10000 5 0 20.14 
11 12 10000 5 0 54.91 
11 12 10000 5 0 54.91 
11 14 10000 5 0 82.5 
12 13 5000 10 0 6.64 
12 13 50000 1 0 6.1 
12 14 10000 5 0 76.73 
12 14 50000 1 0 76.49 
14 16 50000 1 0 58.88 
14 15 20000 2.5 0 45.78 
15 16 5000 10 0 16.44 
16 17 50000 1 0 31.76 
16 17 20000 2.5 0 31.85 
17 18 50000 1 0 26.42 
1 0 10000 5 0 77.68 
3 0 5000 10 0 18.7 
2 1 10000 5 0 47.57 
7 2 20000 2.5 0 150.79 
10 2 50000 1 0 25.48 
3 2 5000 10 0 57.54 
9 2 20000 2.5 0 44.37 
16 3 5000 10 0 32.74 
7 3 5000 10 0 96.32 
15 3 10000 5 0 36.92 
8 4 20000 2.5 0 12.19 
9 4 10000 5 0 28.3 
5 4 5000 10 0 12.21 
16 4 5000 10 0 90.9 
8 5 20000 2.5 0 1.24 
12 6 20000 2.5 0 28.1 
7 6 20000 2.5 0 4.19 
12 7 5000 10 0 31.14 
9 8 10000 5 0 16.27 
14 8 20000 2.5 0 130.37 
16 8 10000 5 0 79.9 
18 8 10000 5 0 31.88 
16 9 20000 2.5 0 66.55 
10 9 10000 5 0 20.14 
12 11 10000 5 0 54.91 
14 11 10000 5 0 82.5 
13 12 50000 1 0 6.1 
14 12 50000 1 0 76.49 
16 14 50000 1 0 58.88 
15 14 20000 2.5 0 45.78 
16 15 5000 10 0 16.44 
17 16 20000 2.5 0 31.85 
18 17 50000 1 0 26.42 
8 15 100 41.61 
0 14 500 36.53 
4 0 50 49.02 
15 5 50 49.57 
12 11 1000 116.62 
15 10 50 52.19 
9 17 50 121.28 
12 16 500 61.05 
12 3 100 97.32 
8 9 50 93.9 
18 12 50 27.43 
6 18 1000 28.1 
17 12 50 37.31 
14 2 100 32.64 
4 16 500 114.8 
16 5 50 82.64 
11 7 100 108.03 
7 5 100 7.85 
3 5 100 32.03 
12 10 100 29.01 
15 3 1000 41.72 
18 0 1000 57.76 
0 7 50 115.1 
12 18 1000 27.43 
1 9 500 34.92 
9 16 50 192.32 
5 18 100 88.72 
4 17 500 109.35 
8 5 100 96.66 
2 3 500 32.31 
8 2 50 52.67 
7 4 50 27.14 
16 8 1000 109.38 
8 12 100 20.62 
3 4 100 86.41 
18 5 1000 88.72 
16 3 1000 63.38 
4 1 1000 17.86 
3 18 1000 84.9 
14 11 1000 116.62 
4 10 500 43.62 
11 16 500 100.9 
7 6 1000 80.73 
0 2 1000 32.31 
6 2 1000 40.66 
15 11 500 98.17 
15 16 500 27.14 
6 15 100 98.23 
9 5 500 69.35 
5 17 500 89.97 
12 2 500 42.37 
7 12 500 80.73 
0 4 1000 49.02 
9 15 1000 79.07 
12 6 500 80.73 
7 16 500 85.78 
7 11 100 108.03 
10 4 100 43.62 
12 17 1000 37.31 
14 1 500 52.65 
10 8 50 52.38 
6 11 100 105.86 
17 6 1000 41.9 
11 12 100 116.62 
4 7 500 27.14 
6 3 500 118.44 
18 15 100 43.28 
14 17 50 47.82 
14 3 50 39.48 
1 6 1000 30.81 
14 10 500 24.22 
5 11 50 32.41 
8 14 100 58.43 
10 16 1000 100.44 
11 6 100 105.86 
16 6 1000 81.38 
1 7 1000 30.81 
16 7 100 85.78 
7 8 500 18.4 
2 15 50 35.41 
17 2 500 104.7 
3 7 500 115.2 
3 12 100 97.32 
5 3 1000 32.03 
0 11 1000 99.75 
16 14 50 67.59 
12 1 50 58.99 
5 7 1000 7.85 
3 15 100 41.72 
18 10 50 54.09 
10 17 1000 86 
10 0 1000 50.73 
15 6 50 98.23 
1 12 1000 58.99 
14 18 100 60.51 
3 6 50 118.44 
8 17 1000 109.38 
10 6 50 29.07 
4 14 100 57.76 
14 0 100 36.53 
2 5 1000 40.89 
16 2 500 110.38 
15 1 50 42.97 
0 9 50 95.9 
12 4 1000 24.11 
6 17 500 41.9 
17 9 1000 121.28 
5 9 50 69.35 
17 4 100 109.35 
11 18 1000 50.3 
2 18 500 56.07 
11 8 100 44.49 
11 10 500 21.78 
0 15 100 38.76 
9 12 500 28.7 
11 17 500 63.57 
18 7 500 34.88 
2 6 100 40.66 
6 16 500 81.38 
1 2 500 32.31 
11 5 500 32.41 
1 14 50 52.65 
1 10 50 31.98 
10 18 1000 54.09 
11 1 500 48.52 
0 18 100 57.76 
5 14 100 38.94 
14 4 500 57.76 
3 14 100 39.48 
6 5 100 8.9 
12 14 50 116.62 
6 10 50 29.07 
18 11 50 50.3 
8 11 500 44.49 
16 11 50 100.9 
15 9 100 79.07 
8 6 1000 17.18 
15 12 50 65.48 
17 10 100 86 
2 11 1000 47.63 
0 5 50 32 
1 16 50 96.1 
15 4 100 30.9 
8 16 100 109.38 
5 16 1000 82.64 
3 11 50 105.41 
9 18 100 101.69 
2 12 50 42.37 
1 5 500 26.87 
11 0 50 99.75 
4 18 500 90.96 
1 4 50 17.86 
7 9 500 34.59 
10 7 50 27.8 
8 7 50 18.4 
6 14 50 103.09 
2 17 1000 104.7 
18 2 1000 56.07 
7 2 50 32.5 
11 9 100 20.45 
4 9 1000 62.8 
5 6 1000 8.9 
11 4 50 47.48 
17 7 50 34.77 
2 4 500 29.38 
5 4 1000 96.66 
14 9 500 20.04 
9 0 50 95.9 
18 9 500 101.69 
18 6 500 28.1 
7 17 1000 34.77 
2 9 500 84.62 
7 18 100 34.88 
14 8 50 58.43 
9 2 500 84.62 
17 15 50 42.02 
11 14 1000 116.62 
6 8 50 17.18 
5 12 500 8.36 
2 14 100 32.64 
10 15 100 52.19 
16 9 500 192.32 
12 8 500 20.62 
16 4 100 114.8 
14 12 1000 116.62 
6 9 50 27.9 
1 11 50 48.52 
17 14 100 47.82 
9 14 500 20.04 
10 12 100 29.01 
8 10 100 52.38 
12 7 50 80.73 
4 5 50 96.66 
16 12 100 61.05 
12 9 1000 28.7 
6 12 100 80.73 
4 8 1000 96.66 
5 8 500 96.66 
6 4 100 25.31 
14 5 100 38.94 
8 4 50 96.66 
16 17 100 109.38 
17 11 100 63.57 
1 18 100 53.53 
16 10 50 100.44 
11 2 1000 47.63 
4 11 100 47.48 
10 5 100 49.71 
6 7 1000 80.73 
9 8 50 93.9 
