19 78 70 
0 1 10000 5 1 77.68 
0 3 5000 10 1 18.7 
0 3 5000 10 1 18.7 
1 2 20000 2.5 1 47.42 
1 2 10000 5 1 47.57 
2 7 20000 2.5 1 150.79 
2 10 50000 1 1 25.48 
2 3 5000 10 1 57.54 
2 9 20000 2.5 1 44.37 
3 16 5000 10 1 32.74 
3 7 5000 10 1 96.32 
3 15 10000 5 1 36.92 
4 8 10000 5 1 12.34 
4 8 20000 2.5 1 12.19 
4 9 10000 5 1 28.3 
4 5 5000 10 1 12.21 
4 16 5000 10 1 90.9 
5 8 50000 1 1 1.15 
5 8 20000 2.5 1 1.24 
6 12 20000 2.5 1 28.1 
6 7 10000 5 1 4.34 
6 7 20000 2.5 1 4.19 
7 12 5000 10 1 31.14 
7 12 5000 10 1 31.14 
8 9 5000 10 1 16.57 
8 9 10000 5 1 16.27 
8 14 20000 2.5 1 130.37 
8 16 10000 5 1 79.9 
8 18 5000 10 1 32.18 
8 18 10000 5 1 31.88 
9 16 20000 2.5 1 66.55 
9 10 10000 5 1 20.14 
11 12 10000 5 1 54.91 
11 12 10000 5 1 54.91 
11 14 10000 5 1 82.5 
12 13 5000 10 1 6.64 
12 13 50000 1 1 6.1 
12 14 10000 5 1 76.73 
12 14 50000 1 1 76.49 
14 16 50000 1 1 58.88 
14 15 20000 2.5 1 45.78 
15 16 5000 10 1 16.44 
16 17 50000 1 1 31.76 
16 17 20000 2.5 1 31.85 
17 18 50000 1 1 26.42 
1 0 10000 5 1 77.68 
3 0 5000 10 1 18.7 
2 1 10000 5 1 47.57 
7 2 20000 2.5 1 150.79 
10 2 50000 1 1 25.48 
3 2 5000 10 1 57.54 
9 2 20000 2.5 1 44.37 
16 3 5000 10 1 32.74 
7 3 5000 10 1 96.32 
15 3 10000 5 1 36.92 
8 4 20000 2.5 1 12.19 
9 4 10000 5 1 28.3 
5 4 5000 10 1 12.21 
16 4 5000 10 1 90.9 
8 5 20000 2.5 1 1.24 
12 6 20000 2.5 1 28.1 
7 6 20000 2.5 1 4.19 
12 7 5000 10 1 31.14 
9 8 10000 5 1 16.27 
14 8 20000 2.5 1 130.37 
16 8 10000 5 1 79.9 
18 8 10000 5 1 31.88 
16 9 20000 2.5 1 66.55 
10 9 10000 5 1 20.14 
12 11 10000 5 1 54.91 
14 11 10000 5 1 82.5 
13 12 50000 1 1 6.1 
14 12 50000 1 1 76.49 
16 14 50000 1 1 58.88 
15 14 20000 2.5 1 45.78 
16 15 5000 10 1 16.44 
17 16 20000 2.5 1 31.85 
18 17 50000 1 1 26.42 
8 15 100 25.48 
0 14 500 27.12 
4 0 50 18.01 
15 5 50 38.86 
12 11 1000 112.03 
15 10 50 35.74 
9 17 50 99.41 
12 16 500 41.15 
12 3 100 86.12 
8 9 50 30.87 
18 12 50 24.09 
6 18 1000 23.77 
17 12 50 34.94 
14 2 100 24.22 
4 16 500 50.26 
16 5 50 61.83 
11 7 100 87.09 
7 5 100 3.98 
3 5 100 7.47 
12 10 100 18.38 
15 3 1000 11.44 
18 0 1000 24.57 
0 7 50 60.92 
12 18 1000 24.09 
1 9 500 22.14 
9 16 50 99.1 
5 18 100 66.81 
4 17 500 60.51 
8 5 100 32.12 
2 3 500 13.98 
8 2 50 11.52 
7 4 50 7.78 
16 8 1000 44.84 
8 12 100 4.07 
3 4 100 18.01 
18 5 1000 66.81 
16 3 1000 11.44 
4 1 1000 5.97 
3 18 1000 24.57 
14 11 1000 112.03 
4 10 500 29.07 
11 16 500 77.11 
7 6 1000 55.7 
0 2 1000 13.98 
6 2 1000 21.89 
15 11 500 72.51 
15 16 500 4.65 
6 15 100 66.89 
9 5 500 56.56 
5 17 500 69.16 
12 2 500 25.98 
7 12 500 55.7 
0 4 1000 18.01 
9 15 1000 50.19 
12 6 500 55.7 
7 16 500 55.41 
7 11 100 87.09 
10 4 100 29.07 
12 17 1000 34.94 
14 1 500 39.87 
10 8 50 31.76 
6 11 100 86.5 
17 6 1000 20.75 
11 12 100 112.03 
4 7 500 7.78 
6 3 500 68.15 
18 15 100 27.14 
14 17 50 32.11 
14 3 50 31.7 
1 6 1000 16.5 
