27 72 50 
0 16 20000 2.5 0 45.95 
0 3 50000 1 0 28.67 
0 20 20000 2.5 0 74.1 
1 20 20000 2.5 0 53.39 
1 7 20000 2.5 0 71.43 
2 18 50000 1 0 12.56 
2 3 5000 10 0 5.38 
3 18 50000 1 0 17.32 
3 26 20000 2.5 0 112.42 
3 15 10000 5 0 82.27 
4 5 10000 5 0 25.15 
4 6 20000 2.5 0 18.56 
4 7 50000 1 0 28.83 
5 8 5000 10 0 7.71 
6 23 10000 5 0 29.42 
6 7 10000 5 0 20.92 
8 9 10000 5 0 5.68 
8 13 50000 1 0 9.04 
8 14 5000 10 0 1.44 
8 25 50000 1 0 38.92 
10 25 20000 2.5 0 3.67 
10 12 5000 10 0 5.55 
11 25 50000 1 0 9.82 
11 26 10000 5 0 20.41 
13 23 5000 10 0 35.03 
15 16 5000 10 0 18.14 
17 26 50000 1 0 18.49 
17 19 10000 5 0 35.95 
19 20 50000 1 0 36.58 
20 21 10000 5 0 31.04 
21 22 10000 5 0 5.58 
21 23 20000 2.5 0 2.74 
22 23 5000 10 0 3.31 
23 24 10000 5 0 24.13 
24 25 10000 5 0 28.1 
25 26 10000 5 0 11.95 
16 0 20000 2.5 0 45.95 
3 0 50000 1 0 28.67 
20 0 20000 2.5 0 74.1 
20 1 20000 2.5 0 53.39 
7 1 20000 2.5 0 71.43 
18 2 50000 1 0 12.56 
3 2 5000 10 0 5.38 
18 3 50000 1 0 17.32 
26 3 20000 2.5 0 112.42 
15 3 10000 5 0 82.27 
5 4 10000 5 0 25.15 
6 4 20000 2.5 0 18.56 
7 4 50000 1 0 28.83 
8 5 5000 10 0 7.71 
23 6 10000 5 0 29.42 
7 6 10000 5 0 20.92 
9 8 10000 5 0 5.68 
13 8 50000 1 0 9.04 
14 8 5000 10 0 1.44 
25 8 50000 1 0 38.92 
25 10 20000 2.5 0 3.67 
12 10 5000 10 0 5.55 
25 11 50000 1 0 9.82 
26 11 10000 5 0 20.41 
23 13 5000 10 0 35.03 
16 15 5000 10 0 18.14 
26 17 50000 1 0 18.49 
19 17 10000 5 0 35.95 
20 19 50000 1 0 36.58 
21 20 10000 5 0 31.04 
22 21 10000 5 0 5.58 
23 21 20000 2.5 0 2.74 
23 22 5000 10 0 3.31 
24 23 10000 5 0 24.13 
25 24 10000 5 0 28.1 
26 25 10000 5 0 11.95 
3 21 50 124.9 
1 25 500 200.5 
11 23 1000 259.4 
1 6 50 216.79 
22 25 50 202.28 
16 13 50 94.9 
6 22 50 161.62 
2 25 1000 122.17 
15 18 100 133.27 
5 1 100 231.99 
25 19 100 313.4 
17 23 100 269.92 
2 17 100 79.66 
17 25 500 241.5 
15 11 1000 118.83 
17 15 500 102.51 
21 5 50 162.25 
6 16 1000 62.26 
23 18 500 99.65 
8 13 500 358.94 
1 16 50 58.43 
22 4 50 157.19 
17 1 1000 79.86 
19 8 500 215.82 
13 19 500 190.08 
25 11 50 226.75 
18 16 50 133.27 
3 25 1000 168.37 
19 11 500 199.37 
22 2 500 74.22 
3 4 100 94.46 
2 16 50 123.22 
13 15 100 94.15 
19 2 500 63.47 
22 19 1000 163.58 
6 17 100 149.17 
21 20 50 163.55 
11 26 500 226.75 
20 18 1000 129.34 
19 22 100 163.58 
4 2 100 70.7 
26 13 50 145.6 
22 5 1000 161.27 
11 2 100 99.34 
15 8 1000 101.86 
7 16 500 63.3 
23 5 500 270.2 
26 23 100 440.01 
0 4 50 110.93 
6 3 1000 103.83 
