19 78 70 
0 1 10000 5 0 77.68 
0 3 5000 10 0 18.7 
0 3 5000 10 0 18.7 
1 2 20000 2.5 0 47.42 
1 2 10000 5 0 47.57 
2 7 20000 2.5 0 150.79 
2 10 50000 1 0 25.48 
2 3 5000 10 0 57.54 
2 9 20000 2.5 0 44.37 
3 16 5000 10 0 32.74 
3 7 5000 10 0 96.32 
3 15 10000 5 0 36.92 
4 8 10000 5 0 12.34 
4 8 20000 2.5 0 12.19 
4 9 10000 5 0 28.3 
4 5 5000 10 0 12.21 
4 16 5000 10 0 90.9 
5 8 50000 1 0 1.15 
5 8 20000 2.5 0 1.24 
6 12 20000 2.5 0 28.1 
6 7 10000 5 0 4.34 
6 7 20000 2.5 0 4.19 
7 12 5000 10 0 31.14 
7 12 5000 10 0 31.14 
8 9 5000 10 0 16.57 
8 9 10000 5 0 16.27 
8 14 20000 2.5 0 130.37 
8 16 10000 5 0 79.9 
8 18 5000 10 0 32.18 
8 18 10000 5 0 31.88 
9 16 20000 2.5 0 66.55 
9 10 10000 5 0 20.14 
11 12 10000 5 0 54.91 
11 12 10000 5 0 54.91 
11 14 10000 5 0 82.5 
12 13 5000 10 0 6.64 
12 13 50000 1 0 6.1 
12 14 10000 5 0 76.73 
12 14 50000 1 0 76.49 
14 16 50000 1 0 58.88 
14 15 20000 2.5 0 45.78 
15 16 5000 10 0 16.44 
16 17 50000 1 0 31.76 
16 17 20000 2.5 0 31.85 
17 18 50000 1 0 26.42 
1 0 10000 5 0 77.68 
3 0 5000 10 0 18.7 
2 1 10000 5 0 47.57 
7 2 20000 2.5 0 150.79 
10 2 50000 1 0 25.48 
3 2 5000 10 0 57.54 
9 2 20000 2.5 0 44.37 
16 3 5000 10 0 32.74 
7 3 5000 10 0 96.32 
15 3 10000 5 0 36.92 
8 4 20000 2.5 0 12.19 
9 4 10000 5 0 28.3 
5 4 5000 10 0 12.21 
16 4 5000 10 0 90.9 
8 5 20000 2.5 0 1.24 
12 6 20000 2.5 0 28.1 
7 6 20000 2.5 0 4.19 
12 7 5000 10 0 31.14 
9 8 10000 5 0 16.27 
14 8 20000 2.5 0 130.37 
16 8 10000 5 0 79.9 
18 8 10000 5 0 31.88 
16 9 20000 2.5 0 66.55 
10 9 10000 5 0 20.14 
12 11 10000 5 0 54.91 
14 11 10000 5 0 82.5 
13 12 50000 1 0 6.1 
14 12 50000 1 0 76.49 
16 14 50000 1 0 58.88 
15 14 20000 2.5 0 45.78 
16 15 5000 10 0 16.44 
17 16 20000 2.5 0 31.85 
18 17 50000 1 0 26.42 
8 15 100 41.61 
0 14 500 36.53 
4 0 50 49.02 
15 5 50 49.57 
12 11 1000 116.62 
15 10 50 52.19 
9 17 50 121.28 
12 16 500 61.05 
12 3 100 97.32 
8 9 50 93.9 
18 12 50 27.43 
6 18 1000 28.1 
17 12 50 37.31 
14 2 100 32.64 
4 16 500 114.8 
16 5 50 82.64 
11 7 100 108.03 
7 5 100 7.85 
3 5 100 32.03 
12 10 100 29.01 
15 3 1000 41.72 
18 0 1000 57.76 
0 7 50 115.1 
12 18 1000 27.43 
1 9 500 34.92 
9 16 50 192.32 
5 18 100 88.72 
4 17 500 109.35 
8 5 100 96.66 
2 3 500 32.31 
8 2 50 52.67 
7 4 50 27.14 
16 8 1000 109.38 
8 12 100 20.62 
3 4 100 86.41 
18 5 1000 88.72 
16 3 1000 63.38 
4 1 1000 17.86 
3 18 1000 84.9 
14 11 1000 116.62 
4 10 500 43.62 
11 16 500 100.9 
7 6 1000 80.73 
0 2 1000 32.31 
6 2 1000 40.66 
15 11 500 98.17 
15 16 500 27.14 
6 15 100 98.23 
9 5 500 69.35 
5 17 500 89.97 
12 2 500 42.37 
7 12 500 80.73 
0 4 1000 49.02 
9 15 1000 79.07 
12 6 500 80.73 
7 16 500 85.78 
7 11 100 108.03 
10 4 100 43.62 
12 17 1000 37.31 
14 1 500 52.65 
10 8 50 52.38 
6 11 100 105.86 
17 6 1000 41.9 
11 12 100 116.62 
4 7 500 27.14 
6 3 500 118.44 
18 15 100 43.28 
14 17 50 47.82 
14 3 50 39.48 
1 6 1000 30.81 
