19 78 210 
0 1 10000 5 1 77.68 
0 3 5000 10 1 18.7 
0 3 5000 10 1 18.7 
1 2 20000 2.5 1 47.42 
1 2 10000 5 1 47.57 
2 7 20000 2.5 1 150.79 
2 10 50000 1 1 25.48 
2 3 5000 10 1 57.54 
2 9 20000 2.5 1 44.37 
3 16 5000 10 1 32.74 
3 7 5000 10 1 96.32 
3 15 10000 5 1 36.92 
4 8 10000 5 1 12.34 
4 8 20000 2.5 1 12.19 
4 9 10000 5 1 28.3 
4 5 5000 10 1 12.21 
4 16 5000 10 1 90.9 
5 8 50000 1 1 1.15 
5 8 20000 2.5 1 1.24 
6 12 20000 2.5 1 28.1 
6 7 10000 5 1 4.34 
6 7 20000 2.5 1 4.19 
7 12 5000 10 1 31.14 
7 12 5000 10 1 31.14 
8 9 5000 10 1 16.57 
8 9 10000 5 1 16.27 
8 14 20000 2.5 1 130.37 
8 16 10000 5 1 79.9 
8 18 5000 10 1 32.18 
8 18 10000 5 1 31.88 
9 16 20000 2.5 1 66.55 
9 10 10000 5 1 20.14 
11 12 10000 5 1 54.91 
11 12 10000 5 1 54.91 
11 14 10000 5 1 82.5 
12 13 5000 10 1 6.64 
12 13 50000 1 1 6.1 
12 14 10000 5 1 76.73 
12 14 50000 1 1 76.49 
14 16 50000 1 1 58.88 
14 15 20000 2.5 1 45.78 
15 16 5000 10 1 16.44 
16 17 50000 1 1 31.76 
16 17 20000 2.5 1 31.85 
17 18 50000 1 1 26.42 
1 0 10000 5 1 77.68 
3 0 5000 10 1 18.7 
2 1 10000 5 1 47.57 
7 2 20000 2.5 1 150.79 
10 2 50000 1 1 25.48 
3 2 5000 10 1 57.54 
9 2 20000 2.5 1 44.37 
16 3 5000 10 1 32.74 
7 3 5000 10 1 96.32 
15 3 10000 5 1 36.92 
8 4 20000 2.5 1 12.19 
9 4 10000 5 1 28.3 
5 4 5000 10 1 12.21 
16 4 5000 10 1 90.9 
8 5 20000 2.5 1 1.24 
12 6 20000 2.5 1 28.1 
7 6 20000 2.5 1 4.19 
12 7 5000 10 1 31.14 
9 8 10000 5 1 16.27 
14 8 20000 2.5 1 130.37 
16 8 10000 5 1 79.9 
18 8 10000 5 1 31.88 
16 9 20000 2.5 1 66.55 
10 9 10000 5 1 20.14 
12 11 10000 5 1 54.91 
14 11 10000 5 1 82.5 
13 12 50000 1 1 6.1 
14 12 50000 1 1 76.49 
16 14 50000 1 1 58.88 
15 14 20000 2.5 1 45.78 
16 15 5000 10 1 16.44 
17 16 20000 2.5 1 31.85 
18 17 50000 1 1 26.42 
8 15 100 90.28 
0 14 500 44.4 
4 0 50 104.81 
15 5 50 61.86 
12 11 1000 133.34 
15 10 50 64 
9 17 50 160.6 
12 16 500 75.09 
12 3 100 107.57 
8 9 50 109.35 
18 12 50 46.23 
6 18 1000 37.87 
17 12 50 53.45 
14 2 100 34.95 
4 16 500 136.67 
16 5 50 145.89 
11 7 100 117.96 
7 5 100 20.62 
3 5 100 88.22 
12 10 100 33.61 
15 3 1000 66.44 
18 0 1000 105.52 
0 7 50 126.08 
12 18 1000 46.23 
1 9 500 46.1 
9 16 50 232.84 
5 18 100 122.7 
4 17 500 143.8 
8 5 100 108.84 
2 3 500 44.84 
8 2 50 88.22 
7 4 50 36.13 
16 8 1000 133.07 
8 12 100 27.68 
3 4 100 104.81 
18 5 1000 122.7 
16 3 1000 87.57 
4 1 1000 27.85 
3 18 1000 107.58 
14 11 1000 133.34 
4 10 500 67.89 
11 16 500 105.24 
7 6 1000 90.98 
0 2 1000 44.84 
6 2 1000 45.47 
15 11 500 108.03 
15 16 500 71.02 
6 15 100 117.33 
9 5 500 89.97 
5 17 500 139.83 
12 2 500 51.4 
7 12 500 90.98 
0 4 1000 104.81 
9 15 1000 97.73 
12 6 500 90.98 
7 16 500 89.01 
7 11 100 117.96 
10 4 100 67.89 
12 17 1000 53.45 
14 1 500 55.93 
10 8 50 84.9 
6 11 100 117.39 
17 6 1000 45.43 
11 12 100 133.34 
4 7 500 36.13 
6 3 500 133.3 
18 15 100 90.57 
14 17 50 61.87 
14 3 50 49.31 
1 6 1000 49.58 
14 10 500 49.71 
5 11 50 42.63 
8 14 100 71.22 
10 16 1000 158.83 
11 6 100 117.39 
16 6 1000 95.57 
1 7 1000 43.77 
16 7 100 89.01 
7 8 500 28.65 
2 15 50 55.5 
17 2 500 127.9 
3 7 500 127.27 
3 12 100 107.57 
5 3 1000 88.22 
0 11 1000 107.32 
16 14 50 70.1 
12 1 50 70.49 
5 7 1000 20.62 
3 15 100 66.44 
18 10 50 76.7 
10 17 1000 108.9 
10 0 1000 71.51 
15 6 50 117.33 
1 12 1000 70.49 
14 18 100 73.3 
3 6 50 133.3 
8 17 1000 133.07 
10 6 50 39.87 
4 14 100 67.93 
14 0 100 44.4 
2 5 1000 52.38 
16 2 500 136.74 
15 1 50 66.16 
0 9 50 111.28 
12 4 1000 25.53 
6 17 500 45.43 
17 9 1000 160.6 
5 9 50 89.97 
17 4 100 143.8 
11 18 1000 68.1 
2 18 500 79.38 
11 8 100 49.67 
11 10 500 34.71 
0 15 100 62.36 
9 12 500 37.25 
11 17 500 79.87 
18 7 500 41.14 
2 6 100 45.47 
6 16 500 95.57 
1 2 500 44.84 
11 5 500 42.63 
1 14 50 55.93 
1 10 50 43.81 
10 18 1000 76.7 
11 1 500 63.19 
0 18 100 105.52 
5 14 100 56.56 
14 4 500 67.93 
3 14 100 49.31 
6 5 100 20.62 
12 14 50 133.34 
6 10 50 39.87 
18 11 50 68.1 
8 11 500 49.67 
16 11 50 105.24 
15 9 100 97.73 
8 6 1000 27.85 
15 12 50 78.37 
17 10 100 108.9 
2 11 1000 52.82 
0 5 50 55.42 
1 16 50 119.13 
15 4 100 53.22 
8 16 100 133.07 
5 16 1000 145.89 
3 11 50 112.88 
9 18 100 113.86 
2 12 50 51.4 
1 5 500 31.73 
11 0 50 107.32 
4 18 500 124.89 
1 4 50 27.85 
7 9 500 44.84 
10 7 50 34.82 
8 7 50 28.65 
6 14 50 113.63 
2 17 1000 127.9 
18 2 1000 79.38 
7 2 50 38.51 
11 9 100 27.45 
4 9 1000 117.08 
5 6 1000 20.62 
11 4 50 53.64 
17 7 50 37.85 
2 4 500 60.49 
5 4 1000 108.84 
14 9 500 68 
9 0 50 111.28 
18 9 500 113.86 
18 6 500 37.87 
7 17 1000 37.85 
2 9 500 96.66 
7 18 100 41.14 
14 8 50 71.22 
9 2 500 96.66 
17 15 50 62.14 
11 14 1000 133.34 
6 8 50 27.85 
5 12 500 23.97 
2 14 100 34.95 
10 15 100 64 
16 9 500 232.84 
12 8 500 27.68 
16 4 100 136.67 
14 12 1000 133.34 
6 9 50 38.22 
1 11 50 63.19 
17 14 100 61.87 
9 14 500 68 
10 12 100 33.61 
8 10 100 84.9 
12 7 50 90.98 
4 5 50 108.84 
16 12 100 75.09 
12 9 1000 37.25 
6 12 100 90.98 
4 8 1000 108.84 
5 8 500 108.84 
6 4 100 29.83 
14 5 100 56.56 
8 4 50 108.84 
16 17 100 133.07 
17 11 100 79.87 
1 18 100 55.18 
16 10 50 158.83 
11 2 1000 52.82 
4 11 100 53.64 
10 5 100 62.65 
6 7 1000 90.98 
9 8 50 109.35 
