27 72 50 
0 16 20000 2.5 1 45.95 
0 3 50000 1 1 28.67 
0 20 20000 2.5 1 74.1 
1 20 20000 2.5 1 53.39 
1 7 20000 2.5 1 71.43 
2 18 50000 1 1 12.56 
2 3 5000 10 1 5.38 
3 18 50000 1 1 17.32 
3 26 20000 2.5 1 112.42 
3 15 10000 5 1 82.27 
4 5 10000 5 1 25.15 
4 6 20000 2.5 1 18.56 
4 7 50000 1 1 28.83 
5 8 5000 10 1 7.71 
6 23 10000 5 1 29.42 
6 7 10000 5 1 20.92 
8 9 10000 5 1 5.68 
8 13 50000 1 1 9.04 
8 14 5000 10 1 1.44 
8 25 50000 1 1 38.92 
10 25 20000 2.5 1 3.67 
10 12 5000 10 1 5.55 
11 25 50000 1 1 9.82 
11 26 10000 5 1 20.41 
13 23 5000 10 1 35.03 
15 16 5000 10 1 18.14 
17 26 50000 1 1 18.49 
17 19 10000 5 1 35.95 
19 20 50000 1 1 36.58 
20 21 10000 5 1 31.04 
21 22 10000 5 1 5.58 
21 23 20000 2.5 1 2.74 
22 23 5000 10 1 3.31 
23 24 10000 5 1 24.13 
24 25 10000 5 1 28.1 
25 26 10000 5 1 11.95 
16 0 20000 2.5 1 45.95 
3 0 50000 1 1 28.67 
20 0 20000 2.5 1 74.1 
20 1 20000 2.5 1 53.39 
7 1 20000 2.5 1 71.43 
18 2 50000 1 1 12.56 
3 2 5000 10 1 5.38 
18 3 50000 1 1 17.32 
26 3 20000 2.5 1 112.42 
15 3 10000 5 1 82.27 
5 4 10000 5 1 25.15 
6 4 20000 2.5 1 18.56 
7 4 50000 1 1 28.83 
8 5 5000 10 1 7.71 
23 6 10000 5 1 29.42 
7 6 10000 5 1 20.92 
9 8 10000 5 1 5.68 
13 8 50000 1 1 9.04 
14 8 5000 10 1 1.44 
25 8 50000 1 1 38.92 
25 10 20000 2.5 1 3.67 
12 10 5000 10 1 5.55 
25 11 50000 1 1 9.82 
26 11 10000 5 1 20.41 
23 13 5000 10 1 35.03 
16 15 5000 10 1 18.14 
26 17 50000 1 1 18.49 
19 17 10000 5 1 35.95 
20 19 50000 1 1 36.58 
21 20 10000 5 1 31.04 
22 21 10000 5 1 5.58 
23 21 20000 2.5 1 2.74 
23 22 5000 10 1 3.31 
24 23 10000 5 1 24.13 
25 24 10000 5 1 28.1 
26 25 10000 5 1 11.95 
3 21 50 78.76 
1 25 500 119.62 
11 23 1000 190.65 
1 6 50 132.44 
22 25 50 161.56 
16 13 50 71.31 
6 22 50 123.51 
2 25 1000 100.56 
15 18 100 85.81 
5 1 100 139.44 
25 19 100 233.05 
17 23 100 185.48 
2 17 100 61.31 
17 25 500 172.23 
15 11 1000 77.61 
17 15 500 80.09 
21 5 50 137.82 
6 16 1000 47.08 
23 18 500 68.89 
8 13 500 233.06 
1 16 50 49.04 
22 4 50 132.07 
17 1 1000 55.43 
19 8 500 174.74 
13 19 500 167.89 
25 11 50 160.68 
18 16 50 85.81 
3 25 1000 111.54 
19 11 500 135.23 
22 2 500 56.3 
3 4 100 71.29 
2 16 50 80.44 
13 15 100 73.16 
19 2 500 38.97 
22 19 1000 143.28 
6 17 100 122.7 
21 20 50 86.68 
11 26 500 160.68 
20 18 1000 81.88 
19 22 100 143.28 
4 2 100 53.4 
26 13 50 125.29 
22 5 1000 140.21 
11 2 100 73.68 
15 8 1000 68.42 
7 16 500 45.02 
23 5 500 212.66 
26 23 100 235.64 
0 4 50 81.98 
6 3 1000 68.46 
