33 82 41 
0 3 50000 1 0 1.55 
0 5 10000 5 0 6.2 
0 21 50000 1 0 2.44 
1 14 20000 2.5 0 251.3 
1 6 20000 2.5 0 3.97 
1 7 10000 5 0 3.67 
2 3 50000 1 0 1.88 
2 30 5000 10 0 3.1 
4 5 20000 2.5 0 2.66 
4 6 5000 10 0 3.75 
5 32 20000 2.5 0 3.36 
6 8 20000 2.5 0 1.51 
6 7 20000 2.5 0 3.99 
7 32 10000 5 0 7.46 
7 9 10000 5 0 6.77 
9 10 50000 1 0 3.04 
9 11 10000 5 0 4.89 
10 26 10000 5 0 3.28 
10 25 20000 2.5 0 5.91 
11 27 10000 5 0 4.89 
11 25 10000 5 0 3.91 
12 24 20000 2.5 0 3.04 
12 27 5000 10 0 3.48 
12 28 5000 10 0 5.68 
12 23 20000 2.5 0 1.52 
13 28 50000 1 0 67.18 
15 16 20000 2.5 0 5.59 
16 17 5000 10 0 4.64 
16 18 10000 5 0 5.49 
16 19 5000 10 0 150.53 
16 22 10000 5 0 2.32 
17 18 10000 5 0 2.29 
18 29 50000 1 0 4 
18 30 5000 10 0 5.31 
20 21 20000 2.5 0 1.87 
20 22 10000 5 0 3.65 
23 32 50000 1 0 2.47 
24 31 5000 10 0 2.63 
28 29 10000 5 0 5.38 
30 31 50000 1 0 1.44 
31 32 20000 2.5 0 2.55 
3 0 50000 1 0 1.55 
5 0 10000 5 0 6.2 
21 0 50000 1 0 2.44 
14 1 20000 2.5 0 251.3 
6 1 20000 2.5 0 3.97 
7 1 10000 5 0 3.67 
3 2 50000 1 0 1.88 
30 2 5000 10 0 3.1 
5 4 20000 2.5 0 2.66 
6 4 5000 10 0 3.75 
32 5 20000 2.5 0 3.36 
8 6 20000 2.5 0 1.51 
7 6 20000 2.5 0 3.99 
32 7 10000 5 0 7.46 
9 7 10000 5 0 6.77 
10 9 50000 1 0 3.04 
11 9 10000 5 0 4.89 
26 10 10000 5 0 3.28 
25 10 20000 2.5 0 5.91 
27 11 10000 5 0 4.89 
25 11 10000 5 0 3.91 
24 12 20000 2.5 0 3.04 
27 12 5000 10 0 3.48 
28 12 5000 10 0 5.68 
23 12 20000 2.5 0 1.52 
28 13 50000 1 0 67.18 
16 15 20000 2.5 0 5.59 
17 16 5000 10 0 4.64 
18 16 10000 5 0 5.49 
19 16 5000 10 0 150.53 
22 16 10000 5 0 2.32 
18 17 10000 5 0 2.29 
29 18 50000 1 0 4 
30 18 5000 10 0 5.31 
21 20 20000 2.5 0 1.87 
22 20 10000 5 0 3.65 
32 23 50000 1 0 2.47 
31 24 5000 10 0 2.63 
29 28 10000 5 0 5.38 
31 30 50000 1 0 1.44 
32 31 20000 2.5 0 2.55 
10 1 100 20.37 
27 30 100 16.28 
10 7 50 24.7 
0 30 500 32.34 
10 25 1000 28.1 
17 4 100 13.59 
21 28 100 28.1 
11 21 1000 15.01 
30 23 100 16.86 
9 17 1000 9.06 
10 29 1000 13.71 
4 28 100 19.54 
17 2 1000 23.22 
18 30 1000 26.59 
31 5 100 33.13 
2 16 100 24.47 
6 28 500 17.88 
5 24 100 23.52 
12 23 50 35.62 
1 20 50 12.62 
1 7 500 26.6 
0 4 1000 17.42 
7 25 100 22.42 
29 2 100 19.59 
4 21 100 15.9 
18 31 500 24.52 
17 0 500 25.77 
9 11 1000 28.1 
18 11 500 10.48 
24 23 500 17.69 
24 3 1000 20.19 
30 17 1000 27.34 
17 5 500 19.12 
0 6 1000 12.87 
21 2 100 20.07 
24 28 50 19.69 
29 32 1000 27.57 
22 32 50 27.92 
20 28 100 29.23 
31 2 500 23.52 
22 9 100 9.95 
