33 82 124 
0 3 50000 1 1 1.55 
0 5 10000 5 1 6.2 
0 21 50000 1 1 2.44 
1 14 20000 2.5 1 251.3 
1 6 20000 2.5 1 3.97 
1 7 10000 5 1 3.67 
2 3 50000 1 1 1.88 
2 30 5000 10 1 3.1 
4 5 20000 2.5 1 2.66 
4 6 5000 10 1 3.75 
5 32 20000 2.5 1 3.36 
6 8 20000 2.5 1 1.51 
6 7 20000 2.5 1 3.99 
7 32 10000 5 1 7.46 
7 9 10000 5 1 6.77 
9 10 50000 1 1 3.04 
9 11 10000 5 1 4.89 
10 26 10000 5 1 3.28 
10 25 20000 2.5 1 5.91 
11 27 10000 5 1 4.89 
11 25 10000 5 1 3.91 
12 24 20000 2.5 1 3.04 
12 27 5000 10 1 3.48 
12 28 5000 10 1 5.68 
12 23 20000 2.5 1 1.52 
13 28 50000 1 1 67.18 
15 16 20000 2.5 1 5.59 
16 17 5000 10 1 4.64 
16 18 10000 5 1 5.49 
16 19 5000 10 1 150.53 
16 22 10000 5 1 2.32 
17 18 10000 5 1 2.29 
18 29 50000 1 1 4 
18 30 5000 10 1 5.31 
20 21 20000 2.5 1 1.87 
20 22 10000 5 1 3.65 
23 32 50000 1 1 2.47 
24 31 5000 10 1 2.63 
28 29 10000 5 1 5.38 
30 31 50000 1 1 1.44 
31 32 20000 2.5 1 2.55 
3 0 50000 1 1 1.55 
5 0 10000 5 1 6.2 
21 0 50000 1 1 2.44 
14 1 20000 2.5 1 251.3 
6 1 20000 2.5 1 3.97 
7 1 10000 5 1 3.67 
3 2 50000 1 1 1.88 
30 2 5000 10 1 3.1 
5 4 20000 2.5 1 2.66 
6 4 5000 10 1 3.75 
32 5 20000 2.5 1 3.36 
8 6 20000 2.5 1 1.51 
7 6 20000 2.5 1 3.99 
32 7 10000 5 1 7.46 
9 7 10000 5 1 6.77 
10 9 50000 1 1 3.04 
11 9 10000 5 1 4.89 
26 10 10000 5 1 3.28 
25 10 20000 2.5 1 5.91 
27 11 10000 5 1 4.89 
25 11 10000 5 1 3.91 
24 12 20000 2.5 1 3.04 
27 12 5000 10 1 3.48 
28 12 5000 10 1 5.68 
23 12 20000 2.5 1 1.52 
28 13 50000 1 1 67.18 
16 15 20000 2.5 1 5.59 
17 16 5000 10 1 4.64 
18 16 10000 5 1 5.49 
19 16 5000 10 1 150.53 
22 16 10000 5 1 2.32 
18 17 10000 5 1 2.29 
29 18 50000 1 1 4 
30 18 5000 10 1 5.31 
21 20 20000 2.5 1 1.87 
22 20 10000 5 1 3.65 
32 23 50000 1 1 2.47 
31 24 5000 10 1 2.63 
29 28 10000 5 1 5.38 
31 30 50000 1 1 1.44 
32 31 20000 2.5 1 2.55 
10 1 100 15.37 
27 30 100 9.91 
10 7 50 21.52 
0 30 500 19.06 
10 25 1000 18.21 
17 4 100 10.88 
21 28 100 20.42 
11 21 1000 11.36 
30 23 100 13.06 
9 17 1000 6.04 
10 29 1000 11.17 
4 28 100 14.17 
17 2 1000 18.15 
18 30 1000 21.64 
31 5 100 17.42 
2 16 100 19.12 
6 28 500 14.55 
5 24 100 15.9 
12 23 50 19.64 
1 20 50 9.98 
1 7 500 17.15 
0 4 1000 13.26 
7 25 100 19.06 
29 2 100 15.12 
4 21 100 12.35 
18 31 500 19.59 
17 0 500 21.38 
9 11 1000 18.21 
18 11 500 7.63 
24 23 500 10.13 
24 3 1000 13.7 
30 17 1000 22.99 
17 5 500 16.1 
0 6 1000 10.23 
21 2 100 15.17 
24 28 50 15.76 
29 32 1000 18.56 
22 32 50 23.02 
20 28 100 23.3 
31 2 500 17.41 
22 9 100 7.81 
27 21 1000 14.1 
28 27 100 10.37 
12 2 50 14.52 
28 10 100 11.64 
0 11 500 8.36 
7 23 500 17.95 
24 30 50 14.5 
18 6 100 10.81 
1 12 1000 19.42 
24 12 500 18.21 
20 23 50 20.35 
6 23 50 17.56 
11 1 50 23.86 
4 7 1000 17.15 
24 7 100 17.64 
30 29 50 14.5 
17 31 500 17.78 
23 7 100 17.95 
9 4 50 15.99 
1 11 100 23.86 
23 30 100 13.06 
5 23 500 15.72 
16 31 100 22.99 
16 30 100 20.37 
21 11 50 11.36 
23 12 500 19.64 
31 25 50 16.14 
20 1 50 9.98 
2 32 50 18.19 
20 29 100 22.42 
17 10 50 7.49 
32 12 500 19.64 
17 27 50 14.79 
3 25 100 11.12 
6 12 50 22.97 
32 17 50 22.06 
31 1 1000 16.41 
21 25 100 9.67 
9 10 500 18.21 
6 32 100 20.37 
1 10 50 15.37 
27 16 50 16.14 
17 7 100 6.81 
1 30 50 15.85 
3 11 100 10.76 
2 9 50 16.28 
23 0 50 19.3 
7 11 500 18.21 
4 24 50 11.49 
29 21 50 18.68 
12 25 50 20.37 
32 6 50 20.37 
23 10 500 19.93 
11 10 500 18.21 
16 27 100 16.14 
1 27 500 22.46 
31 22 50 21.15 
7 12 500 18.21 
2 17 100 18.15 
21 6 100 9.99 
25 11 1000 18.21 
5 7 50 17.15 
6 16 50 8.45 
6 11 500 27.39 
7 4 50 17.15 
5 1 50 16.81 
7 5 50 17.15 
1 6 100 17.15 
25 10 1000 18.21 
12 7 100 18.21 
5 9 100 16.32 
6 1 500 17.15 
32 9 50 18.51 
6 7 100 17.15 
7 32 500 19.15 
11 25 1000 18.21 
10 9 50 18.21 
7 1 500 17.15 
25 9 100 18.21 
10 11 50 18.21 
11 9 500 18.21 
9 25 500 18.21 
7 6 50 17.15 
