33 82 124 
0 3 50000 1 1 1.55 
0 5 10000 5 1 6.2 
0 21 50000 1 1 2.44 
1 14 20000 2.5 1 251.3 
1 6 20000 2.5 1 3.97 
1 7 10000 5 1 3.67 
2 3 50000 1 1 1.88 
2 30 5000 10 1 3.1 
4 5 20000 2.5 1 2.66 
4 6 5000 10 1 3.75 
5 32 20000 2.5 1 3.36 
6 8 20000 2.5 1 1.51 
6 7 20000 2.5 1 3.99 
7 32 10000 5 1 7.46 
7 9 10000 5 1 6.77 
9 10 50000 1 1 3.04 
9 11 10000 5 1 4.89 
10 26 10000 5 1 3.28 
10 25 20000 2.5 1 5.91 
11 27 10000 5 1 4.89 
11 25 10000 5 1 3.91 
12 24 20000 2.5 1 3.04 
12 27 5000 10 1 3.48 
12 28 5000 10 1 5.68 
12 23 20000 2.5 1 1.52 
13 28 50000 1 1 67.18 
15 16 20000 2.5 1 5.59 
16 17 5000 10 1 4.64 
16 18 10000 5 1 5.49 
16 19 5000 10 1 150.53 
16 22 10000 5 1 2.32 
17 18 10000 5 1 2.29 
18 29 50000 1 1 4 
18 30 5000 10 1 5.31 
20 21 20000 2.5 1 1.87 
20 22 10000 5 1 3.65 
23 32 50000 1 1 2.47 
24 31 5000 10 1 2.63 
28 29 10000 5 1 5.38 
30 31 50000 1 1 1.44 
31 32 20000 2.5 1 2.55 
3 0 50000 1 1 1.55 
5 0 10000 5 1 6.2 
21 0 50000 1 1 2.44 
14 1 20000 2.5 1 251.3 
6 1 20000 2.5 1 3.97 
7 1 10000 5 1 3.67 
3 2 50000 1 1 1.88 
30 2 5000 10 1 3.1 
5 4 20000 2.5 1 2.66 
6 4 5000 10 1 3.75 
32 5 20000 2.5 1 3.36 
8 6 20000 2.5 1 1.51 
7 6 20000 2.5 1 3.99 
32 7 10000 5 1 7.46 
9 7 10000 5 1 6.77 
10 9 50000 1 1 3.04 
11 9 10000 5 1 4.89 
26 10 10000 5 1 3.28 
25 10 20000 2.5 1 5.91 
27 11 10000 5 1 4.89 
25 11 10000 5 1 3.91 
24 12 20000 2.5 1 3.04 
27 12 5000 10 1 3.48 
28 12 5000 10 1 5.68 
23 12 20000 2.5 1 1.52 
28 13 50000 1 1 67.18 
16 15 20000 2.5 1 5.59 
17 16 5000 10 1 4.64 
18 16 10000 5 1 5.49 
19 16 5000 10 1 150.53 
22 16 10000 5 1 2.32 
18 17 10000 5 1 2.29 
29 18 50000 1 1 4 
30 18 5000 10 1 5.31 
21 20 20000 2.5 1 1.87 
22 20 10000 5 1 3.65 
32 23 50000 1 1 2.47 
31 24 5000 10 1 2.63 
29 28 10000 5 1 5.38 
31 30 50000 1 1 1.44 
32 31 20000 2.5 1 2.55 
10 1 100 6.24 
27 30 100 4.33 
10 7 50 10.57 
0 30 500 10.32 
10 25 1000 14.55 
17 4 100 7.45 
21 28 100 12.87 
11 21 1000 4.2 
30 23 100 8.4 
9 17 1000 3.42 
10 29 1000 7.12 
4 28 100 9.61 
17 2 1000 9.75 
18 30 1000 14.97 
31 5 100 12.49 
2 16 100 10.65 
6 28 500 8.4 
5 24 100 8.72 
12 23 50 9.45 
1 20 50 6.3 
1 7 500 9.13 
0 4 1000 8.88 
7 25 100 9.93 
29 2 100 8.57 
4 21 100 5.81 
18 31 500 12.48 
17 0 500 11.63 
9 11 1000 14.55 
18 11 500 4.05 
24 23 500 5.52 
24 3 1000 7.15 
30 17 1000 15.67 
17 5 500 8.36 
0 6 1000 6.47 
21 2 100 6.77 
24 28 50 7.47 
29 32 1000 12.26 
22 32 50 16.86 
20 28 100 15.62 
31 2 500 8.55 
22 9 100 4.15 
27 21 1000 9.03 
28 27 100 4.14 
12 2 50 6.13 
28 10 100 7.29 
0 11 500 3.26 
7 23 500 14.3 
24 30 50 7.21 
18 6 100 6.81 
1 12 1000 10.63 
24 12 500 7.01 
20 23 50 12.28 
6 23 50 10.96 
11 1 50 13.53 
4 7 1000 9.13 
24 7 100 12.97 
30 29 50 9.44 
17 31 500 13.53 
23 7 100 14.3 
9 4 50 8.84 
1 11 100 13.53 
23 30 100 8.4 
5 23 500 8.04 
16 31 100 14.44 
16 30 100 13.7 
21 11 50 4.2 
23 12 500 9.45 
31 25 50 7.87 
20 1 50 6.3 
2 32 50 10.31 
20 29 100 13.84 
17 10 50 4.79 
32 12 500 9.45 
17 27 50 9.8 
3 25 100 4.97 
6 12 50 13.13 
32 17 50 14.22 
31 1 1000 10.86 
21 25 100 4.53 
9 10 500 14.55 
6 32 100 11.45 
1 10 50 6.24 
27 16 50 12.31 
17 7 100 3.16 
1 30 50 11.56 
3 11 100 6.03 
2 9 50 11.46 
23 0 50 9.35 
7 11 500 14.55 
4 24 50 5.59 
29 21 50 12.62 
12 25 50 9.71 
32 6 50 11.45 
23 10 500 9.82 
11 10 500 14.55 
16 27 100 12.31 
1 27 500 13.39 
31 22 50 12.63 
7 12 500 14.55 
2 17 100 9.75 
21 6 100 6.26 
25 11 1000 14.55 
5 7 50 9.13 
6 16 50 4.57 
6 11 500 18.94 
7 4 50 9.13 
5 1 50 11.35 
7 5 50 9.13 
1 6 100 9.13 
25 10 1000 14.55 
12 7 100 14.55 
5 9 100 11.53 
6 1 500 9.13 
32 9 50 13.47 
6 7 100 9.13 
7 32 500 14 
11 25 1000 14.55 
10 9 50 14.55 
7 1 500 9.13 
25 9 100 14.55 
10 11 50 14.55 
11 9 500 14.55 
9 25 500 14.55 
7 6 50 9.13 
