39 122 22 
0 33 1008 405 0 33.53 
0 34 1008 123 0 33.17 
1 2 1008 327 0 33.34 
1 3 1008 227 0 33.26 
1 38 1008 102 0 33.15 
2 1 1008 327 0 33.34 
2 35 1008 529 0 33.46 
2 36 1008 79 0 33.13 
3 1 1008 227 0 33.26 
3 4 1008 355 0 33.35 
3 36 1008 373 0 33.41 
3 37 1008 247 0 33.27 
4 3 1008 355 0 33.35 
4 11 1008 368 0 33.43 
4 33 1008 695 0 33.59 
4 35 1008 609 0 33.65 
4 36 1008 509 0 33.56 
5 6 1008 543 0 33.55 
5 7 1008 644 0 33.63 
5 37 1008 334 0 33.36 
6 5 1008 543 0 33.55 
6 7 1008 210 0 33.23 
6 8 1008 229 0 33.24 
6 11 1008 630 0 33.6 
6 31 1008 407 0 33.43 
7 5 1008 644 0 33.63 
7 6 1008 210 0 33.23 
7 21 1008 308 0 33.34 
8 6 1008 229 0 33.24 
8 10 1008 217 0 33.24 
9 10 1008 389 0 33.36 
9 12 1008 336 0 33.38 
9 32 1008 363 0 33.37 
10 8 1008 217 0 33.24 
10 9 1008 389 0 33.36 
10 11 1008 523 0 33.58 
10 15 1008 228 0 33.29 
11 4 1008 368 0 33.43 
11 6 1008 630 0 33.6 
11 10 1008 523 0 33.58 
12 9 1008 336 0 33.38 
12 13 1008 176 0 33.21 
12 14 1008 243 0 33.31 
12 15 1008 249 0 33.27 
13 12 1008 176 0 33.21 
13 15 1008 220 0 33.28 
13 16 1008 236 0 33.25 
13 29 1008 97 0 33.16 
14 12 1008 243 0 33.31 
14 17 1008 89 0 33.15 
14 27 1008 195 0 33.26 
15 10 1008 228 0 33.29 
15 12 1008 249 0 33.27 
15 13 1008 220 0 33.28 
15 31 1008 244 0 33.25 
16 13 1008 236 0 33.25 
16 20 1008 317 0 33.36 
16 23 1008 206 0 33.24 
16 31 1008 192 0 33.24 
17 14 1008 89 0 33.15 
17 18 1008 401 0 33.47 
17 28 1008 112 0 33.17 
17 29 1008 214 0 33.25 
18 17 1008 401 0 33.47 
18 22 1008 179 0 33.23 
18 26 1008 81 0 33.14 
18 27 1008 345 0 33.39 
19 22 1008 242 0 33.27 
19 27 1008 301 0 33.37 
20 16 1008 317 0 33.36 
20 23 1008 218 0 33.26 
20 25 1008 318 0 33.33 
20 30 1008 492 0 33.44 
21 7 1008 308 0 33.34 
21 23 1008 407 0 33.41 
21 24 1008 634 0 33.6 
21 31 1008 352 0 33.33 
22 18 1008 179 0 33.23 
22 19 1008 242 0 33.27 
23 16 1008 206 0 33.24 
23 20 1008 218 0 33.26 
23 21 1008 407 0 33.41 
23 30 1008 396 0 33.37 
24 21 1008 634 0 33.6 
24 30 1008 193 0 33.22 
25 20 1008 318 0 33.33 
25 26 1008 125 0 33.18 
25 28 1008 184 0 33.24 
26 18 1008 81 0 33.14 
26 25 1008 125 0 33.18 
27 14 1008 195 0 33.26 
27 18 1008 345 0 33.39 
27 19 1008 301 0 33.37 
28 17 1008 112 0 33.17 
28 25 1008 184 0 33.24 
29 13 1008 97 0 33.16 
29 17 1008 214 0 33.25 
30 20 1008 492 0 33.44 
30 23 1008 396 0 33.37 
30 24 1008 193 0 33.22 
31 6 1008 407 0 33.43 
31 15 1008 244 0 33.25 
31 16 1008 192 0 33.24 
31 21 1008 352 0 33.33 
32 9 1008 363 0 33.37 
32 33 1008 721 0 33.92 
33 0 1008 405 0 33.53 
33 4 1008 695 0 33.59 
33 32 1008 721 0 33.92 
34 0 1008 123 0 33.17 
34 35 1008 128 0 33.17 
35 2 1008 529 0 33.46 
35 4 1008 609 0 33.65 
35 34 1008 128 0 33.17 
36 2 1008 79 0 33.13 
36 3 1008 373 0 33.41 
36 4 1008 509 0 33.56 
37 3 1008 247 0 33.27 
37 5 1008 334 0 33.36 
37 38 1008 289 0 33.33 
38 1 1008 102 0 33.15 
38 37 1008 289 0 33.33 
2 37 364 66.53 
3 7 913 33.62 
32 20 75 33.06 
30 11 179 33.1 
7 17 960 0.28 
10 34 162 66.01 
17 23 326 33.21 
29 9 76 33.75 
31 34 178 33.2 
27 35 177 32.87 
14 29 136 33.46 
11 33 50 33.43 
31 36 42 33.17 
30 0 235 0.24 
28 38 116 32.8 
23 0 28 0.88 
13 21 235 33.49 
17 31 317 33.29 
0 2 270 67.52 
6 32 47 33.49 
12 23 291 33.49 
28 35 90 33.12 
