26 84 12 
0 2 64 854 1 47.37 
0 4 64 864 1 47.49 
1 2 64 425 1 47.15 
1 3 64 296 1 47.07 
1 5 64 879 1 47.48 
2 0 64 854 1 47.37 
2 1 64 425 1 47.15 
2 4 64 751 1 47.42 
3 1 64 296 1 47.07 
3 4 64 474 1 47.16 
3 5 64 731 1 47.36 
4 0 64 864 1 47.49 
4 2 64 751 1 47.42 
4 3 64 474 1 47.16 
4 11 64 478 1 47.23 
5 1 64 879 1 47.48 
5 3 64 731 1 47.36 
5 6 64 705 1 47.36 
5 7 64 838 1 47.44 
6 5 64 705 1 47.36 
6 7 64 273 1 47.04 
6 8 64 299 1 47.05 
6 11 64 820 1 47.4 
6 16 64 781 1 47.41 
7 5 64 838 1 47.44 
7 6 64 273 1 47.04 
7 21 64 401 1 47.14 
8 6 64 299 1 47.05 
8 10 64 282 1 47.04 
8 15 64 449 1 47.18 
9 10 64 507 1 47.17 
9 12 64 436 1 47.19 
10 8 64 282 1 47.04 
10 9 64 468 1 47.17 
10 11 64 679 1 47.38 
10 15 64 297 1 47.09 
11 4 64 478 1 47.23 
11 6 64 820 1 47.4 
11 10 64 679 1 47.38 
12 9 64 436 1 47.19 
12 13 64 228 1 47.02 
12 14 64 315 1 47.12 
12 15 64 325 1 47.08 
13 12 64 228 1 47.02 
13 15 64 287 1 47.08 
13 16 64 308 1 47.05 
13 17 64 343 1 47.12 
14 12 64 315 1 47.12 
14 17 64 117 1 46.96 
15 8 64 449 1 47.18 
15 10 64 297 1 47.09 
15 12 64 325 1 47.08 
15 13 64 287 1 47.08 
16 6 64 781 1 47.41 
16 13 64 308 1 47.05 
16 20 64 413 1 47.17 
16 23 64 267 1 47.04 
17 13 64 343 1 47.12 
17 14 64 117 1 46.96 
17 19 64 518 1 47.27 
17 25 64 384 1 47.14 
18 19 64 182 1 46.98 
18 22 64 232 1 47.04 
18 25 64 267 1 47.06 
19 17 64 518 1 47.27 
19 18 64 182 1 46.98 
19 22 64 180 1 47.01 
20 16 64 413 1 47.17 
20 23 64 284 1 47.07 
20 25 64 414 1 47.14 
21 7 64 401 1 47.14 
21 23 64 530 1 47.21 
21 24 64 824 1 47.4 
22 18 64 232 1 47.04 
22 19 64 180 1 47.01 
23 16 64 284 1 47.04 
23 20 64 284 1 47.07 
23 21 64 530 1 47.21 
23 24 64 747 1 47.32 
24 21 64 824 1 47.4 
24 23 64 747 1 47.32 
25 17 64 384 1 47.14 
25 18 64 267 1 47.06 
25 20 64 414 1 47.14 
14 10 36 94.45 
16 3 44 47.45 
1 13 40 47.16 
13 19 64 141.92 
19 10 16 93.79 
10 6 44 94.4 
23 7 12 48.6 
6 4 16 187.91 
0 1 32 188.25 
9 13 20 141.44 
8 21 16 47.99 
1 0 16 188.25 
