28 82 12 
0 6 20 3580 0 1676.31 
0 11 20 7880 0 1718.01 
0 12 20 4870 0 1697.66 
0 13 20 4870 0 1692.48 
1 3 20 8740 0 1706.36 
1 21 20 10030 0 1731.71 
2 14 20 6160 0 1693.62 
2 15 20 6160 0 1697.5 
3 7 20 4440 0 1682.95 
3 26 20 4870 0 1693.11 
4 8 20 4870 0 1684.2 
4 12 20 4010 0 1685.27 
4 17 20 6160 0 1691.97 
4 20 20 4440 0 1680.22 
4 25 20 6160 0 1707.51 
5 15 20 6590 0 1695.81 
5 19 20 6160 0 1693.01 
6 10 20 4440 0 1689.9 
6 19 20 6160 0 1682.27 
7 20 20 5730 0 1696.86 
7 25 20 6590 0 1693.52 
8 18 20 6160 0 1691.46 
9 11 20 4440 0 1683.51 
9 13 20 5730 0 1701.92 
10 12 20 5300 0 1686.7 
10 17 20 4440 0 1686.32 
10 23 20 3580 0 1677.45 
13 19 20 4870 0 1686.63 
14 19 20 5300 0 1687.95 
16 17 20 4870 0 1686.27 
16 21 20 6160 0 1693.68 
16 27 20 4010 0 1678.2 
17 24 20 4870 0 1693.66 
18 22 20 5300 0 1708.64 
19 23 20 5300 0 1695.71 
20 24 20 4010 0 1681.63 
21 26 20 6160 0 1694.68 
22 25 20 8740 0 1706.32 
27 14 20 4870 0 1690.04 
23 27 20 3150 0 1674.54 
24 26 20 4440 0 1681.24 
6 0 20 3580 0 1676.31 
11 0 20 7880 0 1718.01 
12 0 20 4870 0 1697.66 
13 0 20 4870 0 1692.48 
3 1 20 8740 0 1706.36 
21 1 20 10030 0 1731.71 
14 2 20 6160 0 1693.62 
15 2 20 6160 0 1697.5 
7 3 20 4440 0 1682.95 
26 3 20 4870 0 1693.11 
8 4 20 4870 0 1684.2 
12 4 20 4010 0 1685.27 
17 4 20 6160 0 1691.97 
20 4 20 4440 0 1680.22 
25 4 20 6160 0 1707.51 
15 5 20 6590 0 1695.81 
19 5 20 6160 0 1693.01 
10 6 20 4440 0 1689.9 
19 6 20 6160 0 1682.27 
20 7 20 5730 0 1696.86 
25 7 20 6590 0 1693.52 
18 8 20 6160 0 1691.46 
11 9 20 4440 0 1683.51 
13 9 20 5730 0 1701.92 
12 10 20 5300 0 1686.7 
17 10 20 4440 0 1686.32 
23 10 20 3580 0 1677.45 
19 13 20 4870 0 1686.63 
19 14 20 5300 0 1687.95 
17 16 20 4870 0 1686.27 
21 16 20 6160 0 1693.68 
27 16 20 4010 0 1678.2 
24 17 20 4870 0 1693.66 
22 18 20 5300 0 1708.64 
23 19 20 5300 0 1695.71 
24 20 20 4010 0 1681.63 
26 21 20 6160 0 1694.68 
25 22 20 8740 0 1706.32 
14 27 20 4870 0 1690.04 
27 23 20 3150 0 1674.54 
26 24 20 4440 0 1681.24 
4 13 10 4993.27 
26 3 6 6672.78 
7 17 10 5090.9 
23 17 20 3390.19 
13 15 2 3370.88 
1 4 8 5037.55 
9 5 8 5041.75 
3 11 2 1673.91 
20 11 4 35 
3 24 4 5052.63 
27 6 2 5041.6 
8 12 2 1764.2 
