28 82 25 
0 6 20 3580 1 1676.31 
0 11 20 7880 1 1718.01 
0 12 20 4870 1 1697.66 
0 13 20 4870 1 1692.48 
1 3 20 8740 1 1706.36 
1 21 20 10030 1 1731.71 
2 14 20 6160 1 1693.62 
2 15 20 6160 1 1697.5 
3 7 20 4440 1 1682.95 
3 26 20 4870 1 1693.11 
4 8 20 4870 1 1684.2 
4 12 20 4010 1 1685.27 
4 17 20 6160 1 1691.97 
4 20 20 4440 1 1680.22 
4 25 20 6160 1 1707.51 
5 15 20 6590 1 1695.81 
5 19 20 6160 1 1693.01 
6 10 20 4440 1 1689.9 
6 19 20 6160 1 1682.27 
7 20 20 5730 1 1696.86 
7 25 20 6590 1 1693.52 
8 18 20 6160 1 1691.46 
9 11 20 4440 1 1683.51 
9 13 20 5730 1 1701.92 
10 12 20 5300 1 1686.7 
10 17 20 4440 1 1686.32 
10 23 20 3580 1 1677.45 
13 19 20 4870 1 1686.63 
14 19 20 5300 1 1687.95 
16 17 20 4870 1 1686.27 
16 21 20 6160 1 1693.68 
16 27 20 4010 1 1678.2 
17 24 20 4870 1 1693.66 
18 22 20 5300 1 1708.64 
19 23 20 5300 1 1695.71 
20 24 20 4010 1 1681.63 
21 26 20 6160 1 1694.68 
22 25 20 8740 1 1706.32 
27 14 20 4870 1 1690.04 
23 27 20 3150 1 1674.54 
24 26 20 4440 1 1681.24 
6 0 20 3580 1 1676.31 
11 0 20 7880 1 1718.01 
12 0 20 4870 1 1697.66 
13 0 20 4870 1 1692.48 
3 1 20 8740 1 1706.36 
21 1 20 10030 1 1731.71 
14 2 20 6160 1 1693.62 
15 2 20 6160 1 1697.5 
7 3 20 4440 1 1682.95 
26 3 20 4870 1 1693.11 
8 4 20 4870 1 1684.2 
12 4 20 4010 1 1685.27 
17 4 20 6160 1 1691.97 
20 4 20 4440 1 1680.22 
25 4 20 6160 1 1707.51 
15 5 20 6590 1 1695.81 
19 5 20 6160 1 1693.01 
10 6 20 4440 1 1689.9 
19 6 20 6160 1 1682.27 
20 7 20 5730 1 1696.86 
25 7 20 6590 1 1693.52 
18 8 20 6160 1 1691.46 
11 9 20 4440 1 1683.51 
13 9 20 5730 1 1701.92 
12 10 20 5300 1 1686.7 
17 10 20 4440 1 1686.32 
23 10 20 3580 1 1677.45 
19 13 20 4870 1 1686.63 
19 14 20 5300 1 1687.95 
17 16 20 4870 1 1686.27 
21 16 20 6160 1 1693.68 
27 16 20 4010 1 1678.2 
24 17 20 4870 1 1693.66 
22 18 20 5300 1 1708.64 
23 19 20 5300 1 1695.71 
24 20 20 4010 1 1681.63 
26 21 20 6160 1 1694.68 
25 22 20 8740 1 1706.32 
14 27 20 4870 1 1690.04 
27 23 20 3150 1 1674.54 
26 24 20 4440 1 1681.24 
4 13 10 6680.16 
26 3 6 6771.74 
7 17 10 6753.55 
23 17 20 5052.49 
13 15 2 3413.1 
1 4 8 5065.86 
9 5 8 5056.66 
3 11 2 1695.18 
20 11 4 1688.28 
3 24 4 5118.53 
27 6 2 5089.02 
8 12 2 3415.68 
17 7 8 6753.55 
24 19 4 3414.81 
5 0 4 5096.4 
26 10 2 5027.04 
21 18 2 4993.93 
11 12 4 6714.14 
10 2 4 6740.4 
13 14 2 5073.52 
12 14 4 5053.7 
4 22 6 6741.76 
4 18 4 6741.76 
17 26 4 6713.34 
21 3 4 6727.93 
