27 102 347 
0 1 1000 25550 0 41.17 
1 2 1000 18340 0 42.82 
2 3 1000 28000 0 41.06 
3 4 1000 33580 0 43.78 
4 5 1000 14810 0 43.09 
5 6 1000 6920 0 40.22 
6 7 1000 33440 0 41.7 
7 8 1000 9500 0 39.25 
8 9 1000 17800 0 41.2 
8 11 1000 16300 0 37.68 
9 11 1000 4880 0 39.21 
10 11 1000 10180 0 42.55 
9 10 1000 5830 0 38.32 
10 25 1000 11000 0 37.7 
24 25 1000 2430 0 37.3 
22 24 1000 17120 0 38.08 
23 24 1000 15080 0 39 
22 23 1000 4200 0 40.03 
21 23 1000 29500 0 42.95 
22 26 1000 11540 0 42.07 
21 22 1000 25420 0 37.92 
20 21 1000 7190 0 40.01 
0 20 1000 21200 0 39.55 
19 20 1000 24060 0 43.76 
0 19 1000 27050 0 40.36 
19 21 1000 16850 0 47.08 
1 19 1000 27590 0 39.11 
19 26 1000 21740 0 42.34 
21 26 1000 29360 0 41.47 
18 19 1000 26230 0 40.47 
18 26 1000 15080 0 45.19 
3 18 1000 45540 0 45.56 
17 18 1000 14260 0 41.45 
15 18 1000 17660 0 48.77 
18 23 1000 19300 0 50.55 
15 23 1000 25140 0 40.73 
15 25 1000 7870 0 44.65 
14 15 1000 10050 0 36.27 
10 14 1000 8140 0 41.23 
12 14 1000 9780 0 42.52 
15 16 1000 25420 0 43.83 
15 17 1000 25420 0 50.81 
16 17 1000 38200 0 44.02 
4 17 1000 32760 0 40.92 
13 16 1000 25280 0 38.45 
4 13 1000 25690 0 41.54 
5 13 1000 19840 0 40.05 
6 13 1000 20660 0 42.55 
12 16 1000 13180 0 38.61 
11 12 1000 10460 0 40.58 
23 26 1000 8010 0 39.93 
1 0 1000 25550 0 41.17 
2 1 1000 18340 0 42.82 
3 2 1000 28000 0 41.06 
4 3 1000 33580 0 43.78 
5 4 1000 14810 0 43.09 
6 5 1000 6920 0 40.22 
7 6 1000 33440 0 41.7 
8 7 1000 9500 0 39.25 
9 8 1000 17800 0 41.2 
11 8 1000 16300 0 37.68 
11 9 1000 4880 0 39.21 
11 10 1000 10180 0 42.55 
10 9 1000 5830 0 38.32 
25 10 1000 11000 0 37.7 
25 24 1000 2430 0 37.3 
24 22 1000 17120 0 38.08 
24 23 1000 15080 0 39 
23 22 1000 4200 0 40.03 
23 21 1000 29500 0 42.95 
26 22 1000 11540 0 42.07 
22 21 1000 25420 0 37.92 
21 20 1000 7190 0 40.01 
20 0 1000 21200 0 39.55 
20 19 1000 24060 0 43.76 
19 0 1000 27050 0 40.36 
21 19 1000 16850 0 47.08 
19 1 1000 27590 0 39.11 
26 19 1000 21740 0 42.34 
26 21 1000 29360 0 41.47 
19 18 1000 26230 0 40.47 
26 18 1000 15080 0 45.19 
18 3 1000 45540 0 45.56 
18 17 1000 14260 0 41.45 
18 15 1000 17660 0 48.77 
23 18 1000 19300 0 50.55 
23 15 1000 25140 0 40.73 
25 15 1000 7870 0 44.65 
15 14 1000 10050 0 36.27 
14 10 1000 8140 0 41.23 
14 12 1000 9780 0 42.52 
16 15 1000 25420 0 43.83 
17 15 1000 25420 0 50.81 
17 16 1000 38200 0 44.02 
17 4 1000 32760 0 40.92 
16 13 1000 25280 0 38.45 
13 4 1000 25690 0 41.54 
13 5 1000 19840 0 40.05 
13 6 1000 20660 0 42.55 
16 12 1000 13180 0 38.61 
12 11 1000 10460 0 40.58 
26 23 1000 8010 0 39.93 
3 8 12 45.7 
8 12 8 91.54 
24 6 13 37.72 
2 13 10 59.04 
24 21 2 81.12 
15 23 7 73.73 
23 14 14 59.49 
6 3 3 81.7 
20 9 13 21.49 
8 15 5 93.09 
2 17 7 69.66 
8 20 14 34.29 
25 13 5 63.06 
4 2 14 69.95 
7 15 7 74.76 
16 2 1 71.26 
12 4 10 78.35 
17 2 5 69.66 
21 8 14 42.73 
16 12 5 83.17 
12 1 4 38.22 
10 2 1 34.79 
9 1 5 34.74 
19 25 10 56.62 
4 10 14 69.67 
10 12 12 94.06 
17 1 11 43.98 
16 1 13 48.04 
15 2 3 48.13 
16 7 4 76.82 
11 2 8 40.97 
15 10 3 79.95 
5 13 2 88.3 
12 3 6 76.74 
11 12 5 94.06 
3 13 9 108.14 
2 20 9 77.19 
7 3 1 52.6 
26 10 10 48.43 
26 17 13 53 
13 6 6 68.26 
19 16 9 44.6 
7 5 14 60.69 
6 25 5 50.59 
9 26 9 39.67 
8 4 2 44.46 
3 23 13 70.34 
22 17 4 48.95 
17 22 5 48.95 
15 16 7 82.26 
25 10 2 76.83 
7 11 3 74.65 
6 2 13 47.85 
14 20 9 40.95 
4 16 2 102.15 
23 7 14 50.61 
11 9 11 102.46 
13 19 11 49.12 
20 25 11 42.32 
19 17 10 66 
7 20 10 19.11 
9 24 3 47.47 
0 22 4 45.77 
14 25 6 59.72 
8 3 3 45.7 
11 25 1 89.37 
6 14 4 77.13 
18 23 6 78.65 
11 4 7 44.35 
9 2 10 36.6 
23 20 10 49.1 
14 16 9 79.45 
4 7 4 49.7 
14 22 13 51.37 
15 12 2 102.18 
0 8 1 11.13 
14 7 10 83.22 
3 7 3 52.6 
12 23 9 56.7 
1 15 5 39.73 
23 9 14 62.75 
12 24 5 62.17 
17 10 11 72.09 
16 10 2 89.38 
0 14 5 31.47 
10 13 4 72.38 
17 18 6 73.57 
10 20 8 38.33 
1 8 14 13.01 
0 20 10 87.46 
5 4 14 110.19 
18 9 7 50.05 
4 24 10 41.97 
13 16 1 84.69 
12 17 3 77.15 
17 8 14 68.91 
18 12 10 53.72 
26 22 8 88.61 
2 10 1 34.79 
8 18 7 35.08 
25 22 8 71.62 
18 2 8 69.57 
16 18 3 80.16 
3 15 1 47.14 
25 6 12 50.59 
21 1 12 84.48 
7 24 12 42.08 
12 22 9 50.24 
9 20 6 21.49 
20 22 14 51.82 
25 1 5 34.57 
1 13 4 44.68 
19 8 3 12.86 
11 20 13 35.31 
10 19 8 39.42 
22 4 3 40.52 
23 17 10 71.92 
11 8 11 57.45 
3 0 14 52.28 
3 5 11 77.48 
12 8 9 91.54 
5 23 3 45.66 
9 0 8 32.16 
15 20 2 44.4 
7 9 10 81.4 
21 13 10 37.71 
21 11 14 31.53 
24 19 3 45.62 
11 24 6 81.78 
11 17 7 74.19 
7 1 13 43.32 
0 21 6 83.38 
22 15 3 51.42 
23 25 12 67.67 
0 18 1 72.05 
14 9 7 97.7 
13 23 2 46.14 
1 21 12 84.48 
19 26 5 82.53 
4 14 9 75.9 
19 21 9 93.32 
13 24 7 38.95 
21 10 7 51.82 
24 3 13 43 
9 15 1 94.68 
5 17 8 116.08 
9 6 12 78.48 
22 24 9 57.46 
15 19 8 56.31 
23 3 4 70.34 
17 23 2 71.92 
19 14 8 43.36 
26 24 11 81.12 
2 0 7 54.52 
13 14 2 80.49 
15 18 2 74.87 
4 18 7 78.42 
26 9 6 39.67 
9 7 7 81.4 
11 26 3 39.84 
14 23 13 59.49 
19 5 7 61.08 
20 10 3 38.33 
8 23 7 51.6 
0 2 14 54.52 
16 25 11 78.46 
21 14 5 46.72 
3 17 13 79.36 
19 0 6 115.92 
25 12 8 94.92 
20 1 13 84.71 
24 10 1 50.92 
22 3 14 71.71 
5 7 7 60.69 
24 23 10 88.07 
22 23 9 83.43 
1 12 10 38.22 
6 15 2 60.12 
13 22 13 40.84 
8 9 10 78.42 
4 20 3 42.43 
12 2 14 45.31 
26 3 7 46.19 
13 5 2 88.3 
1 22 9 48.05 
23 5 12 45.66 
11 15 8 95.43 
15 5 12 85.97 
25 19 12 56.62 
0 19 2 115.92 
11 18 5 44.12 
10 11 11 93.16 
17 21 3 51.4 
15 7 6 74.76 
0 11 12 14.58 
1 11 9 15.42 
24 20 6 66.93 
24 16 2 56.54 
1 5 4 45.6 
14 11 3 92.96 
11 14 1 92.96 
8 25 5 83.1 
14 21 7 46.72 
12 10 10 94.06 
0 24 1 39.92 
10 3 7 41.85 
1 16 14 48.04 
22 10 5 57.53 
14 12 2 97.18 
3 21 7 71.67 
11 7 9 74.65 
0 16 10 42.13 
9 22 13 44.39 
26 0 13 76.07 
6 13 13 68.26 
24 17 11 72.19 
23 15 6 73.73 
21 15 2 52.06 
7 22 8 36.61 
21 6 7 36.79 
18 26 11 73.57 
22 14 5 51.37 
25 2 13 36.95 
21 5 11 16.04 
25 15 9 82.46 
20 12 14 34.87 
2 9 9 36.6 
21 9 12 43.44 
18 10 4 45.65 
17 12 3 77.15 
10 18 7 45.65 
26 5 6 44.31 
19 11 14 34.88 
22 13 7 40.84 
26 25 6 70.55 
6 19 5 43.97 
6 21 8 36.79 
26 15 10 62.11 
23 10 4 62.24 
22 1 6 48.05 
10 25 6 76.83 
9 10 6 91.87 
8 5 3 44.55 
26 23 2 119.33 
21 24 6 81.12 
15 1 10 39.73 
12 13 10 54.72 
14 8 12 123.94 
8 14 1 123.94 
18 8 7 35.08 
6 1 12 50.83 
13 3 8 108.14 
8 2 11 42.73 
9 13 13 53.74 
11 6 10 75.86 
0 7 5 11.78 
10 4 1 69.67 
12 5 10 53.72 
18 5 2 80.28 
16 19 3 44.6 
15 17 2 77.5 
12 18 7 53.72 
8 16 11 89.8 
22 16 4 51.64 
6 10 13 52.68 
25 14 4 59.72 
26 4 6 43.23 
15 13 8 73.57 
1 9 10 34.74 
10 5 13 46.8 
19 20 9 93.23 
8 21 14 42.73 
4 13 3 106.38 
25 3 7 51.73 
11 5 1 50.13 
23 8 9 51.6 
19 15 8 56.31 
12 14 11 97.18 
20 21 4 76.74 
2 23 9 42.73 
11 3 5 44.04 
10 1 13 34.88 
14 6 7 77.13 
8 10 5 77.23 
25 11 13 89.37 
13 12 3 54.72 
13 8 6 83.39 
7 17 4 44.97 
11 21 3 31.53 
17 24 4 72.19 
23 21 1 89.27 
18 0 10 72.05 
9 21 5 43.44 
24 13 6 38.95 
7 23 13 50.61 
22 26 7 88.61 
3 14 4 76.77 
25 0 6 38.33 
22 0 13 45.77 
8 22 6 40.84 
9 19 1 37.68 
14 0 13 31.47 
23 11 9 55.56 
4 19 13 44.45 
17 0 5 42.95 
23 4 9 59.53 
5 16 4 104.67 
24 9 10 47.47 
26 19 1 82.53 
23 16 1 63.44 
5 12 2 53.72 
4 6 14 100.48 
8 24 4 57.05 
16 24 10 56.54 
18 20 14 53.05 
24 18 14 46.35 
15 24 13 75.84 
24 12 12 62.17 
1 0 12 81.54 
13 26 8 44.68 
22 9 6 44.39 
13 21 3 37.71 
5 15 3 85.97 
2 4 10 69.95 
13 4 9 106.38 
23 26 2 119.33 
20 26 4 87.64 
18 6 3 78.53 
24 0 8 39.92 
0 13 12 43.75 
26 20 4 87.64 
26 21 7 102.93 
24 25 9 71.58 
25 8 9 83.1 
5 19 14 61.08 
21 22 4 82.53 
15 25 8 82.46 
17 13 2 112.9 
23 22 8 83.43 
20 16 10 40.53 
18 13 10 106.3 
17 9 7 70.72 
20 18 5 53.05 
20 24 10 66.93 
2 21 11 49.81 
19 4 5 44.45 
12 9 6 88.73 
