27 102 231 
0 1 1000 25550 0 41.17 
1 2 1000 18340 0 42.82 
2 3 1000 28000 0 41.06 
3 4 1000 33580 0 43.78 
4 5 1000 14810 0 43.09 
5 6 1000 6920 0 40.22 
6 7 1000 33440 0 41.7 
7 8 1000 9500 0 39.25 
8 9 1000 17800 0 41.2 
8 11 1000 16300 0 37.68 
9 11 1000 4880 0 39.21 
10 11 1000 10180 0 42.55 
9 10 1000 5830 0 38.32 
10 25 1000 11000 0 37.7 
24 25 1000 2430 0 37.3 
22 24 1000 17120 0 38.08 
23 24 1000 15080 0 39 
22 23 1000 4200 0 40.03 
21 23 1000 29500 0 42.95 
22 26 1000 11540 0 42.07 
21 22 1000 25420 0 37.92 
20 21 1000 7190 0 40.01 
0 20 1000 21200 0 39.55 
19 20 1000 24060 0 43.76 
0 19 1000 27050 0 40.36 
19 21 1000 16850 0 47.08 
1 19 1000 27590 0 39.11 
19 26 1000 21740 0 42.34 
21 26 1000 29360 0 41.47 
18 19 1000 26230 0 40.47 
18 26 1000 15080 0 45.19 
3 18 1000 45540 0 45.56 
17 18 1000 14260 0 41.45 
15 18 1000 17660 0 48.77 
18 23 1000 19300 0 50.55 
15 23 1000 25140 0 40.73 
15 25 1000 7870 0 44.65 
14 15 1000 10050 0 36.27 
10 14 1000 8140 0 41.23 
12 14 1000 9780 0 42.52 
15 16 1000 25420 0 43.83 
15 17 1000 25420 0 50.81 
16 17 1000 38200 0 44.02 
4 17 1000 32760 0 40.92 
13 16 1000 25280 0 38.45 
4 13 1000 25690 0 41.54 
5 13 1000 19840 0 40.05 
6 13 1000 20660 0 42.55 
12 16 1000 13180 0 38.61 
11 12 1000 10460 0 40.58 
23 26 1000 8010 0 39.93 
1 0 1000 25550 0 41.17 
2 1 1000 18340 0 42.82 
3 2 1000 28000 0 41.06 
4 3 1000 33580 0 43.78 
5 4 1000 14810 0 43.09 
6 5 1000 6920 0 40.22 
7 6 1000 33440 0 41.7 
8 7 1000 9500 0 39.25 
9 8 1000 17800 0 41.2 
11 8 1000 16300 0 37.68 
11 9 1000 4880 0 39.21 
11 10 1000 10180 0 42.55 
10 9 1000 5830 0 38.32 
25 10 1000 11000 0 37.7 
25 24 1000 2430 0 37.3 
24 22 1000 17120 0 38.08 
24 23 1000 15080 0 39 
23 22 1000 4200 0 40.03 
23 21 1000 29500 0 42.95 
26 22 1000 11540 0 42.07 
22 21 1000 25420 0 37.92 
21 20 1000 7190 0 40.01 
20 0 1000 21200 0 39.55 
20 19 1000 24060 0 43.76 
19 0 1000 27050 0 40.36 
21 19 1000 16850 0 47.08 
19 1 1000 27590 0 39.11 
26 19 1000 21740 0 42.34 
26 21 1000 29360 0 41.47 
19 18 1000 26230 0 40.47 
26 18 1000 15080 0 45.19 
18 3 1000 45540 0 45.56 
18 17 1000 14260 0 41.45 
18 15 1000 17660 0 48.77 
23 18 1000 19300 0 50.55 
23 15 1000 25140 0 40.73 
25 15 1000 7870 0 44.65 
15 14 1000 10050 0 36.27 
14 10 1000 8140 0 41.23 
14 12 1000 9780 0 42.52 
16 15 1000 25420 0 43.83 
17 15 1000 25420 0 50.81 
17 16 1000 38200 0 44.02 
17 4 1000 32760 0 40.92 
16 13 1000 25280 0 38.45 
13 4 1000 25690 0 41.54 
13 5 1000 19840 0 40.05 
13 6 1000 20660 0 42.55 
16 12 1000 13180 0 38.61 
12 11 1000 10460 0 40.58 
26 23 1000 8010 0 39.93 
3 8 12 41.83 
8 12 8 73.58 
24 6 13 31.31 
2 13 10 43.74 
24 21 2 53.18 
15 23 7 52.23 
23 14 14 53.32 
6 3 3 59.75 
20 9 13 15.43 
8 15 5 73.61 
2 17 7 64.46 
8 20 14 30.13 
25 13 5 44.91 
4 2 14 45.4 
7 15 7 46.38 
16 2 1 68.22 
12 4 10 71.48 
17 2 5 64.46 
21 8 14 33.65 
16 12 5 56.05 
12 1 4 35.7 
10 2 1 30.86 
9 1 5 29.36 
19 25 10 34.72 
4 10 14 45.25 
10 12 12 84.28 
17 1 11 42.3 
16 1 13 39.84 
15 2 3 42.51 
16 7 4 55.44 
11 2 8 16.72 
15 10 3 73.41 
5 13 2 77.73 
12 3 6 69.87 
11 12 5 81.87 
3 13 9 79.06 
2 20 9 50.83 
7 3 1 41.6 
26 10 10 39.96 
26 17 13 38.97 
13 6 6 61.02 
19 16 9 28.3 
7 5 14 39.41 
6 25 5 39.14 
9 26 9 20.5 
8 4 2 39.31 
3 23 13 68.67 
22 17 4 41.78 
17 22 5 41.78 
15 16 7 65.34 
25 10 2 64.94 
7 11 3 49.96 
6 2 13 42.38 
14 20 9 35.33 
4 16 2 79.95 
23 7 14 40.31 
11 9 11 76.32 
13 19 11 42.72 
20 25 11 36.54 
19 17 10 36.73 
7 20 10 17.22 
9 24 3 42.08 
0 22 4 41.87 
14 25 6 53.18 
8 3 3 41.83 
11 25 1 64.19 
6 14 4 65.82 
18 23 6 46.51 
11 4 7 17.04 
9 2 10 33.05 
23 20 10 42.26 
14 16 9 71.5 
4 7 4 44.12 
14 22 13 45.07 
15 12 2 84.32 
0 8 1 8.87 
14 7 10 54.13 
3 7 3 41.6 
12 23 9 49.7 
1 15 5 24.05 
23 9 14 43.49 
12 24 5 39.57 
17 10 11 42.17 
16 10 2 79.89 
0 14 5 18.34 
10 13 4 41.6 
17 18 6 44.68 
10 20 8 21.37 
1 8 14 11.01 
0 20 10 78.89 
5 4 14 93.72 
18 9 7 38.72 
4 24 10 37.04 
13 16 1 67.22 
12 17 3 71.94 
17 8 14 38.24 
18 12 10 45.65 
26 22 8 54.18 
2 10 1 30.86 
8 18 7 9.3 
25 22 8 59.57 
18 2 8 39.87 
16 18 3 75.62 
3 15 1 42.97 
25 6 12 39.14 
21 1 12 71.04 
7 24 12 27.19 
12 22 9 44.39 
9 20 6 15.43 
20 22 14 45.57 
25 1 5 29.04 
1 13 4 40.77 
19 8 3 10.87 
11 20 13 29.14 
10 19 8 35 
22 4 3 33.79 
23 17 10 48 
11 8 11 47.33 
3 0 14 45.99 
3 5 11 53.81 
12 8 9 73.58 
5 23 3 41.71 
9 0 8 14.62 
15 20 2 36.73 
7 9 10 54.03 
21 13 10 34.54 
21 11 14 20.21 
24 19 3 40.25 
11 24 6 74.09 
11 17 7 43.17 
7 1 13 40.25 
0 21 6 72.05 
22 15 3 47.95 
23 25 12 63.06 
0 18 1 43.07 
14 9 7 83.11 
13 23 2 43.61 
1 21 12 71.04 
19 26 5 49.43 
4 14 9 51.77 
19 21 9 80.37 
13 24 7 32.15 
21 10 7 43.72 
24 3 13 38.04 
9 15 1 82.43 
5 17 8 88.81 
9 6 12 72.38 
22 24 9 50.62 
15 19 8 41.04 
23 3 4 68.67 
17 23 2 48 
19 14 8 36.15 
26 24 11 52.75 
2 0 7 49.37 
13 14 2 69.28 
15 18 2 71.19 
4 18 7 49.04 
26 9 6 20.5 
9 7 7 54.03 
11 26 3 33.97 
14 23 13 53.32 
19 5 7 37.04 
20 10 3 21.37 
8 23 7 41.55 
0 2 14 49.37 
16 25 11 55.27 
21 14 5 38.25 
3 17 13 74.66 
19 0 6 82.06 
25 12 8 87.25 
20 1 13 57.6 
24 10 1 41.97 
22 3 14 40.47 
5 7 7 39.41 
24 23 10 64.78 
22 23 9 72.84 
1 12 10 35.7 
6 15 2 43.42 
13 22 13 36.6 
8 9 10 50.18 
4 20 3 38.21 
12 2 14 39.35 
26 3 7 40.51 
13 5 2 77.73 
1 22 9 39.94 
23 5 12 41.71 
11 15 8 90.77 
15 5 12 61.42 
25 19 12 34.72 
0 19 2 82.06 
11 18 5 37.19 
10 11 11 83.6 
17 21 3 41.74 
15 7 6 46.38 
0 11 12 10.93 
1 11 9 11.63 
24 20 6 37.14 
24 16 2 50.2 
1 5 4 41.26 
14 11 3 83.16 
11 14 1 83.16 
8 25 5 64.06 
14 21 7 38.25 
12 10 10 84.28 
0 24 1 9.18 
10 3 7 12.59 
1 16 14 39.84 
22 10 5 51.26 
14 12 2 90.88 
3 21 7 42.14 
11 7 9 49.96 
0 16 10 37.34 
9 22 13 40.84 
26 0 13 46.55 
6 13 13 61.02 
24 17 11 53.59 
23 15 6 52.23 
21 15 2 42.87 
7 22 8 24.82 
21 6 7 30.66 
18 26 11 42.9 
22 14 5 45.07 
25 2 13 31 
21 5 11 12.95 
25 15 9 51.01 
20 12 14 14.35 
2 9 9 33.05 
21 9 12 38.83 
18 10 4 40.26 
17 12 3 71.94 
10 18 7 40.26 
