27 102 347 
0 1 1000 25550 0 41.17 
1 2 1000 18340 0 42.82 
2 3 1000 28000 0 41.06 
3 4 1000 33580 0 43.78 
4 5 1000 14810 0 43.09 
5 6 1000 6920 0 40.22 
6 7 1000 33440 0 41.7 
7 8 1000 9500 0 39.25 
8 9 1000 17800 0 41.2 
8 11 1000 16300 0 37.68 
9 11 1000 4880 0 39.21 
10 11 1000 10180 0 42.55 
9 10 1000 5830 0 38.32 
10 25 1000 11000 0 37.7 
24 25 1000 2430 0 37.3 
22 24 1000 17120 0 38.08 
23 24 1000 15080 0 39 
22 23 1000 4200 0 40.03 
21 23 1000 29500 0 42.95 
22 26 1000 11540 0 42.07 
21 22 1000 25420 0 37.92 
20 21 1000 7190 0 40.01 
0 20 1000 21200 0 39.55 
19 20 1000 24060 0 43.76 
0 19 1000 27050 0 40.36 
19 21 1000 16850 0 47.08 
1 19 1000 27590 0 39.11 
19 26 1000 21740 0 42.34 
21 26 1000 29360 0 41.47 
18 19 1000 26230 0 40.47 
18 26 1000 15080 0 45.19 
3 18 1000 45540 0 45.56 
17 18 1000 14260 0 41.45 
15 18 1000 17660 0 48.77 
18 23 1000 19300 0 50.55 
15 23 1000 25140 0 40.73 
15 25 1000 7870 0 44.65 
14 15 1000 10050 0 36.27 
10 14 1000 8140 0 41.23 
12 14 1000 9780 0 42.52 
15 16 1000 25420 0 43.83 
15 17 1000 25420 0 50.81 
16 17 1000 38200 0 44.02 
4 17 1000 32760 0 40.92 
13 16 1000 25280 0 38.45 
4 13 1000 25690 0 41.54 
5 13 1000 19840 0 40.05 
6 13 1000 20660 0 42.55 
12 16 1000 13180 0 38.61 
11 12 1000 10460 0 40.58 
23 26 1000 8010 0 39.93 
1 0 1000 25550 0 41.17 
2 1 1000 18340 0 42.82 
3 2 1000 28000 0 41.06 
4 3 1000 33580 0 43.78 
5 4 1000 14810 0 43.09 
6 5 1000 6920 0 40.22 
7 6 1000 33440 0 41.7 
8 7 1000 9500 0 39.25 
9 8 1000 17800 0 41.2 
11 8 1000 16300 0 37.68 
11 9 1000 4880 0 39.21 
11 10 1000 10180 0 42.55 
10 9 1000 5830 0 38.32 
25 10 1000 11000 0 37.7 
25 24 1000 2430 0 37.3 
24 22 1000 17120 0 38.08 
24 23 1000 15080 0 39 
23 22 1000 4200 0 40.03 
23 21 1000 29500 0 42.95 
26 22 1000 11540 0 42.07 
22 21 1000 25420 0 37.92 
21 20 1000 7190 0 40.01 
20 0 1000 21200 0 39.55 
20 19 1000 24060 0 43.76 
19 0 1000 27050 0 40.36 
21 19 1000 16850 0 47.08 
19 1 1000 27590 0 39.11 
26 19 1000 21740 0 42.34 
26 21 1000 29360 0 41.47 
19 18 1000 26230 0 40.47 
26 18 1000 15080 0 45.19 
18 3 1000 45540 0 45.56 
18 17 1000 14260 0 41.45 
18 15 1000 17660 0 48.77 
23 18 1000 19300 0 50.55 
23 15 1000 25140 0 40.73 
25 15 1000 7870 0 44.65 
15 14 1000 10050 0 36.27 
14 10 1000 8140 0 41.23 
14 12 1000 9780 0 42.52 
16 15 1000 25420 0 43.83 
17 15 1000 25420 0 50.81 
17 16 1000 38200 0 44.02 
17 4 1000 32760 0 40.92 
16 13 1000 25280 0 38.45 
13 4 1000 25690 0 41.54 
13 5 1000 19840 0 40.05 
13 6 1000 20660 0 42.55 
16 12 1000 13180 0 38.61 
12 11 1000 10460 0 40.58 
26 23 1000 8010 0 39.93 
3 8 12 38.57 
8 12 8 43.44 
24 6 13 15.61 
2 13 10 36.6 
24 21 2 44.43 
15 23 7 36.04 
23 14 14 27.95 
6 3 3 22.72 
20 9 13 8.19 
8 15 5 44.63 
2 17 7 34.57 
8 20 14 25.9 
25 13 5 32.97 
4 2 14 37.86 
7 15 7 33.43 
16 2 1 34.71 
12 4 10 42.67 
17 2 5 34.57 
21 8 14 29.47 
16 12 5 38.65 
12 1 4 7.35 
10 2 1 26.7 
9 1 5 7.99 
19 25 10 25.73 
4 10 14 35.31 
10 12 12 55.11 
17 1 11 35.92 
16 1 13 33.67 
15 2 3 34.1 
16 7 4 35.28 
11 2 8 9.56 
15 10 3 39.11 
5 13 2 66.32 
12 3 6 35.76 
11 12 5 43.32 
3 13 9 50.99 
2 20 9 38.15 
7 3 1 15.43 
26 10 10 18.33 
26 17 13 36.58 
13 6 6 27.19 
19 16 9 15 
7 5 14 22.1 
6 25 5 18.66 
9 26 9 10.13 
8 4 2 34.3 
3 23 13 34.47 
22 17 4 34.57 
17 22 5 34.57 
15 16 7 42.51 
25 10 2 34.57 
7 11 3 36.69 
6 2 13 9.86 
14 20 9 27.58 
4 16 2 64.43 
23 7 14 23.48 
11 9 11 69.44 
13 19 11 35.09 
20 25 11 16.82 
19 17 10 34.41 
7 20 10 12.03 
9 24 3 37.64 
0 22 4 36.69 
14 25 6 26.77 
8 3 3 38.57 
11 25 1 42.76 
6 14 4 37.28 
18 23 6 37.05 
11 4 7 8.28 
9 2 10 7.71 
23 20 10 13.64 
14 16 9 40.91 
4 7 4 19.8 
14 22 13 18.49 
15 12 2 51.33 
0 8 1 4.35 
14 7 10 43.44 
3 7 3 15.43 
12 23 9 30.75 
1 15 5 9.31 
23 9 14 27.49 
12 24 5 28.95 
17 10 11 36.7 
16 10 2 50.27 
0 14 5 11.89 
10 13 4 32.19 
17 18 6 41.44 
10 20 8 11.6 
1 8 14 7.76 
0 20 10 45.29 
5 4 14 62.54 
18 9 7 33.58 
4 24 10 19.48 
13 16 1 37.72 
12 17 3 38.22 
17 8 14 33.22 
18 12 10 37.93 
26 22 8 45.06 
2 10 1 26.7 
8 18 7 4.45 
25 22 8 34.89 
18 2 8 34.54 
16 18 3 41.05 
3 15 1 36.96 
25 6 12 18.66 
21 1 12 42.74 
7 24 12 9.49 
12 22 9 28.72 
9 20 6 8.19 
20 22 14 37.25 
25 1 5 24.59 
1 13 4 7.44 
19 8 3 7.25 
11 20 13 23.16 
10 19 8 27.12 
22 4 3 6.62 
23 17 10 35.19 
11 8 11 33.83 
3 0 14 37.26 
3 5 11 17.71 
12 8 9 43.44 
5 23 3 29.22 
9 0 8 6.15 
15 20 2 32.6 
7 9 10 41.54 
21 13 10 22.82 
21 11 14 5.63 
24 19 3 7.16 
11 24 6 49.58 
11 17 7 34.71 
7 1 13 34.33 
0 21 6 42.17 
22 15 3 15.62 
23 25 12 45.65 
0 18 1 38.45 
14 9 7 56.49 
13 23 2 14 
1 21 12 42.74 
19 26 5 37.05 
4 14 9 37.48 
19 21 9 44.22 
13 24 7 27.61 
21 10 7 34.29 
24 3 13 8.67 
9 15 1 47.71 
5 17 8 57.96 
9 6 12 39.62 
22 24 9 37.32 
15 19 8 35 
23 3 4 34.47 
17 23 2 35.19 
19 14 8 15.06 
26 24 11 42.84 
2 0 7 38.67 
13 14 2 42.5 
15 18 2 36.42 
4 18 7 36.92 
26 9 6 10.13 
9 7 7 41.54 
11 26 3 25.22 
14 23 13 27.95 
19 5 7 30.02 
20 10 3 11.6 
8 23 7 19.8 
0 2 14 38.67 
16 25 11 41.97 
21 14 5 16.19 
3 17 13 37.79 
19 0 6 63.3 
25 12 8 55.51 
20 1 13 42.74 
24 10 1 13.3 
22 3 14 36.25 
5 7 7 22.1 
24 23 10 55.44 
22 23 9 39.64 
1 12 10 7.35 
6 15 2 24.46 
13 22 13 34.01 
8 9 10 38.75 
4 20 3 32.09 
12 2 14 32.23 
26 3 7 8.88 
13 5 2 66.32 
1 22 9 34.99 
23 5 12 29.22 
11 15 8 56.39 
15 5 12 28.79 
25 19 12 25.73 
0 19 2 63.3 
11 18 5 30.75 
10 11 11 54.31 
17 21 3 34.3 
15 7 6 33.43 
0 11 12 6.94 
1 11 9 7.76 
24 20 6 31.35 
24 16 2 19.06 
1 5 4 34.3 
14 11 3 56.32 
11 14 1 56.32 
8 25 5 38.54 
14 21 7 16.19 
12 10 10 55.11 
0 24 1 4.45 
10 3 7 5.78 
1 16 14 33.67 
22 10 5 38.32 
14 12 2 56.25 
3 21 7 33.74 
11 7 9 36.69 
0 16 10 32.88 
9 22 13 9.08 
26 0 13 38.67 
6 13 13 27.19 
24 17 11 37.63 
23 15 6 36.04 
21 15 2 15.02 
7 22 8 17.68 
21 6 7 6.24 
18 26 11 35.73 
22 14 5 18.49 
25 2 13 9.3 
21 5 11 9.04 
25 15 9 44.84 
20 12 14 10.54 
2 9 9 7.71 
21 9 12 17.2 
18 10 4 11.61 
17 12 3 38.22 
10 18 7 11.61 
26 5 6 35.75 
19 11 14 8.75 
22 13 7 34.01 
26 25 6 30.03 
6 19 5 8.05 
6 21 8 6.24 
26 15 10 22.59 
23 10 4 36.92 
22 1 6 34.99 
10 25 6 34.57 
9 10 6 49.54 
8 5 3 8.25 
26 23 2 69.73 
21 24 6 44.43 
15 1 10 9.31 
12 13 10 12.21 
14 8 12 75.63 
8 14 1 75.63 
18 8 7 4.45 
6 1 12 38.97 
13 3 8 50.99 
8 2 11 35.78 
9 13 13 15.83 
11 6 10 38.5 
0 7 5 4.02 
10 4 1 35.31 
12 5 10 14.7 
18 5 2 36.12 
16 19 3 15 
15 17 2 40.75 
12 18 7 37.93 
8 16 11 46.55 
22 16 4 29.92 
6 10 13 18.13 
25 14 4 26.77 
26 4 6 9.25 
15 13 8 31.25 
1 9 10 7.99 
10 5 13 11.02 
19 20 9 44.22 
8 21 14 29.47 
4 13 3 69.38 
25 3 7 34.89 
11 5 1 34.12 
23 8 9 19.8 
19 15 8 35 
12 14 11 56.25 
20 21 4 36.15 
2 23 9 9.27 
11 3 5 12.03 
10 1 13 10.39 
14 6 7 37.28 
8 10 5 34.5 
25 11 13 42.76 
13 12 3 12.21 
13 8 6 43.44 
7 17 4 9.67 
11 21 3 5.63 
17 24 4 37.63 
23 21 1 38.06 
18 0 10 38.45 
9 21 5 17.2 
24 13 6 27.61 
7 23 13 23.48 
22 26 7 45.06 
3 14 4 40.21 
25 0 6 29.46 
22 0 13 36.69 
8 22 6 34.06 
9 19 1 9.01 
14 0 13 11.89 
23 11 9 22.88 
4 19 13 15.19 
17 0 5 10.84 
23 4 9 25.58 
5 16 4 50.46 
24 9 10 37.64 
26 19 1 37.05 
23 16 1 29.33 
5 12 2 14.7 
4 6 14 50.46 
8 24 4 37.57 
16 24 10 19.06 
18 20 14 35.64 
24 18 14 10.98 
15 24 13 38.95 
24 12 12 28.95 
1 0 12 38.95 
13 26 8 10.66 
22 9 6 9.08 
13 21 3 22.82 
5 15 3 28.79 
2 4 10 37.86 
13 4 9 69.38 
23 26 2 69.73 
20 26 4 39.94 
18 6 3 39.53 
24 0 8 4.45 
0 13 12 7.06 
26 20 4 39.94 
26 21 7 55.81 
24 25 9 34.89 
25 8 9 38.54 
5 19 14 30.02 
21 22 4 43.32 
15 25 8 44.84 
17 13 2 72.19 
23 22 8 39.64 
20 16 10 13.08 
18 13 10 63.7 
17 9 7 37.72 
20 18 5 35.64 
20 24 10 31.35 
2 21 11 10.86 
19 4 5 15.19 
12 9 6 39.67 
