27 102 694 
0 1 1000 25550 0 41.17 
1 2 1000 18340 0 42.82 
2 3 1000 28000 0 41.06 
3 4 1000 33580 0 43.78 
4 5 1000 14810 0 43.09 
5 6 1000 6920 0 40.22 
6 7 1000 33440 0 41.7 
7 8 1000 9500 0 39.25 
8 9 1000 17800 0 41.2 
8 11 1000 16300 0 37.68 
9 11 1000 4880 0 39.21 
10 11 1000 10180 0 42.55 
9 10 1000 5830 0 38.32 
10 25 1000 11000 0 37.7 
24 25 1000 2430 0 37.3 
22 24 1000 17120 0 38.08 
23 24 1000 15080 0 39 
22 23 1000 4200 0 40.03 
21 23 1000 29500 0 42.95 
22 26 1000 11540 0 42.07 
21 22 1000 25420 0 37.92 
20 21 1000 7190 0 40.01 
0 20 1000 21200 0 39.55 
19 20 1000 24060 0 43.76 
0 19 1000 27050 0 40.36 
19 21 1000 16850 0 47.08 
1 19 1000 27590 0 39.11 
19 26 1000 21740 0 42.34 
21 26 1000 29360 0 41.47 
18 19 1000 26230 0 40.47 
18 26 1000 15080 0 45.19 
3 18 1000 45540 0 45.56 
17 18 1000 14260 0 41.45 
15 18 1000 17660 0 48.77 
18 23 1000 19300 0 50.55 
15 23 1000 25140 0 40.73 
15 25 1000 7870 0 44.65 
14 15 1000 10050 0 36.27 
10 14 1000 8140 0 41.23 
12 14 1000 9780 0 42.52 
15 16 1000 25420 0 43.83 
15 17 1000 25420 0 50.81 
16 17 1000 38200 0 44.02 
4 17 1000 32760 0 40.92 
13 16 1000 25280 0 38.45 
4 13 1000 25690 0 41.54 
5 13 1000 19840 0 40.05 
6 13 1000 20660 0 42.55 
12 16 1000 13180 0 38.61 
11 12 1000 10460 0 40.58 
23 26 1000 8010 0 39.93 
1 0 1000 25550 0 41.17 
2 1 1000 18340 0 42.82 
3 2 1000 28000 0 41.06 
4 3 1000 33580 0 43.78 
5 4 1000 14810 0 43.09 
6 5 1000 6920 0 40.22 
7 6 1000 33440 0 41.7 
8 7 1000 9500 0 39.25 
9 8 1000 17800 0 41.2 
11 8 1000 16300 0 37.68 
11 9 1000 4880 0 39.21 
11 10 1000 10180 0 42.55 
10 9 1000 5830 0 38.32 
25 10 1000 11000 0 37.7 
25 24 1000 2430 0 37.3 
24 22 1000 17120 0 38.08 
24 23 1000 15080 0 39 
23 22 1000 4200 0 40.03 
23 21 1000 29500 0 42.95 
26 22 1000 11540 0 42.07 
22 21 1000 25420 0 37.92 
21 20 1000 7190 0 40.01 
20 0 1000 21200 0 39.55 
20 19 1000 24060 0 43.76 
19 0 1000 27050 0 40.36 
21 19 1000 16850 0 47.08 
19 1 1000 27590 0 39.11 
26 19 1000 21740 0 42.34 
26 21 1000 29360 0 41.47 
19 18 1000 26230 0 40.47 
26 18 1000 15080 0 45.19 
18 3 1000 45540 0 45.56 
18 17 1000 14260 0 41.45 
18 15 1000 17660 0 48.77 
23 18 1000 19300 0 50.55 
23 15 1000 25140 0 40.73 
25 15 1000 7870 0 44.65 
15 14 1000 10050 0 36.27 
14 10 1000 8140 0 41.23 
14 12 1000 9780 0 42.52 
16 15 1000 25420 0 43.83 
17 15 1000 25420 0 50.81 
17 16 1000 38200 0 44.02 
17 4 1000 32760 0 40.92 
16 13 1000 25280 0 38.45 
13 4 1000 25690 0 41.54 
13 5 1000 19840 0 40.05 
13 6 1000 20660 0 42.55 
16 12 1000 13180 0 38.61 
12 11 1000 10460 0 40.58 
26 23 1000 8010 0 39.93 
3 8 12 41.83 
8 12 8 73.58 
24 6 13 31.31 
2 13 10 43.74 
24 21 2 53.18 
15 23 7 52.23 
23 14 14 53.32 
6 3 3 59.75 
20 9 13 15.43 
8 15 5 73.61 
2 17 7 64.46 
8 20 14 30.13 
25 13 5 44.91 
4 2 14 45.4 
7 15 7 46.38 
16 2 1 68.22 
12 4 10 71.48 
17 2 5 64.46 
21 8 14 33.65 
16 12 5 56.05 
12 1 4 35.7 
10 2 1 30.86 
9 1 5 29.36 
19 25 10 34.72 
4 10 14 45.25 
10 12 12 84.28 
17 1 11 42.3 
16 1 13 39.84 
15 2 3 42.51 
16 7 4 55.44 
11 2 8 16.72 
15 10 3 73.41 
5 13 2 77.73 
12 3 6 69.87 
11 12 5 81.87 
3 13 9 79.06 
2 20 9 50.83 
7 3 1 41.6 
26 10 10 39.96 
26 17 13 38.97 
13 6 6 61.02 
19 16 9 28.3 
7 5 14 39.41 
6 25 5 39.14 
9 26 9 20.5 
8 4 2 39.31 
3 23 13 68.67 
22 17 4 41.78 
17 22 5 41.78 
15 16 7 65.34 
25 10 2 64.94 
7 11 3 49.96 
6 2 13 42.38 
14 20 9 35.33 
4 16 2 79.95 
23 7 14 40.31 
11 9 11 76.32 
13 19 11 42.72 
20 25 11 36.54 
19 17 10 36.73 
7 20 10 17.22 
9 24 3 42.08 
0 22 4 41.87 
14 25 6 53.18 
8 3 3 41.83 
11 25 1 64.19 
6 14 4 65.82 
18 23 6 46.51 
11 4 7 17.04 
9 2 10 33.05 
23 20 10 42.26 
14 16 9 71.5 
4 7 4 44.12 
14 22 13 45.07 
15 12 2 84.32 
0 8 1 8.87 
14 7 10 54.13 
3 7 3 41.6 
12 23 9 49.7 
1 15 5 24.05 
23 9 14 43.49 
12 24 5 39.57 
17 10 11 42.17 
16 10 2 79.89 
0 14 5 18.34 
10 13 4 41.6 
17 18 6 44.68 
10 20 8 21.37 
1 8 14 11.01 
0 20 10 78.89 
5 4 14 93.72 
18 9 7 38.72 
4 24 10 37.04 
13 16 1 67.22 
12 17 3 71.94 
17 8 14 38.24 
18 12 10 45.65 
26 22 8 54.18 
2 10 1 30.86 
8 18 7 9.3 
25 22 8 59.57 
18 2 8 39.87 
16 18 3 75.62 
3 15 1 42.97 
25 6 12 39.14 
21 1 12 71.04 
7 24 12 27.19 
12 22 9 44.39 
9 20 6 15.43 
20 22 14 45.57 
25 1 5 29.04 
1 13 4 40.77 
19 8 3 10.87 
11 20 13 29.14 
10 19 8 35 
22 4 3 33.79 
23 17 10 48 
11 8 11 47.33 
3 0 14 45.99 
3 5 11 53.81 
12 8 9 73.58 
5 23 3 41.71 
9 0 8 14.62 
15 20 2 36.73 
7 9 10 54.03 
21 13 10 34.54 
21 11 14 20.21 
24 19 3 40.25 
11 24 6 74.09 
11 17 7 43.17 
7 1 13 40.25 
0 21 6 72.05 
22 15 3 47.95 
23 25 12 63.06 
0 18 1 43.07 
14 9 7 83.11 
13 23 2 43.61 
1 21 12 71.04 
19 26 5 49.43 
4 14 9 51.77 
19 21 9 80.37 
13 24 7 32.15 
21 10 7 43.72 
24 3 13 38.04 
9 15 1 82.43 
5 17 8 88.81 
9 6 12 72.38 
22 24 9 50.62 
15 19 8 41.04 
23 3 4 68.67 
17 23 2 48 
19 14 8 36.15 
26 24 11 52.75 
2 0 7 49.37 
13 14 2 69.28 
15 18 2 71.19 
4 18 7 49.04 
26 9 6 20.5 
9 7 7 54.03 
11 26 3 33.97 
14 23 13 53.32 
19 5 7 37.04 
20 10 3 21.37 
8 23 7 41.55 
0 2 14 49.37 
16 25 11 55.27 
21 14 5 38.25 
3 17 13 74.66 
19 0 6 82.06 
25 12 8 87.25 
20 1 13 57.6 
24 10 1 41.97 
22 3 14 40.47 
5 7 7 39.41 
24 23 10 64.78 
22 23 9 72.84 
1 12 10 35.7 
6 15 2 43.42 
13 22 13 36.6 
8 9 10 50.18 
4 20 3 38.21 
12 2 14 39.35 
26 3 7 40.51 
13 5 2 77.73 
1 22 9 39.94 
23 5 12 41.71 
11 15 8 90.77 
15 5 12 61.42 
25 19 12 34.72 
0 19 2 82.06 
11 18 5 37.19 
10 11 11 83.6 
17 21 3 41.74 
15 7 6 46.38 
0 11 12 10.93 
1 11 9 11.63 
24 20 6 37.14 
24 16 2 50.2 
1 5 4 41.26 
14 11 3 83.16 
11 14 1 83.16 
8 25 5 64.06 
14 21 7 38.25 
12 10 10 84.28 
0 24 1 9.18 
10 3 7 12.59 
1 16 14 39.84 
22 10 5 51.26 
14 12 2 90.88 
3 21 7 42.14 
11 7 9 49.96 
0 16 10 37.34 
9 22 13 40.84 
26 0 13 46.55 
6 13 13 61.02 
24 17 11 53.59 
23 15 6 52.23 
21 15 2 42.87 
7 22 8 24.82 
21 6 7 30.66 
18 26 11 42.9 
22 14 5 45.07 
25 2 13 31 
21 5 11 12.95 
25 15 9 51.01 
20 12 14 14.35 
2 9 9 33.05 
21 9 12 38.83 
18 10 4 40.26 
17 12 3 71.94 
10 18 7 40.26 
26 5 6 38.33 
19 11 14 13.6 
22 13 7 36.6 
26 25 6 47.95 
6 19 5 40.05 
6 21 8 30.66 
26 15 10 54.33 
23 10 4 54.7 
22 1 6 39.94 
10 25 6 64.94 
9 10 6 81.6 
8 5 3 40.51 
26 23 2 105.46 
21 24 6 53.18 
15 1 10 24.05 
12 13 10 44.57 
14 8 12 101.04 
8 14 1 101.04 
18 8 7 9.3 
6 1 12 42.34 
13 3 8 79.06 
8 2 11 40.47 
9 13 13 46.44 
11 6 10 51.4 
0 7 5 7.81 
10 4 1 45.25 
12 5 10 46 
18 5 2 54.59 
16 19 3 28.3 
15 17 2 44.79 
12 18 7 45.65 
8 16 11 76.68 
22 16 4 34.89 
6 10 13 49.43 
25 14 4 53.18 
26 4 6 38.97 
15 13 8 51.85 
1 9 10 29.36 
10 5 13 19.3 
19 20 9 59.76 
8 21 14 33.65 
4 13 3 79.95 
25 3 7 41.5 
11 5 1 45.2 
23 8 9 41.55 
19 15 8 41.04 
12 14 11 90.88 
20 21 4 69.57 
2 23 9 37.05 
11 3 5 40.73 
10 1 13 31.33 
14 6 7 65.82 
8 10 5 53.34 
25 11 13 64.19 
13 12 3 44.57 
13 8 6 50.68 
7 17 4 39.44 
11 21 3 20.21 
17 24 4 53.59 
23 21 1 54.22 
18 0 10 43.07 
9 21 5 38.83 
24 13 6 32.15 
7 23 13 40.31 
22 26 7 54.18 
3 14 4 50.67 
25 0 6 34.24 
22 0 13 41.87 
8 22 6 37.19 
9 19 1 34.7 
14 0 13 18.34 
23 11 9 39.19 
4 19 13 39.9 
17 0 5 38.42 
23 4 9 55.66 
5 16 4 81.22 
24 9 10 42.08 
26 19 1 49.43 
23 16 1 49.1 
5 12 2 46 
4 6 14 77.08 
8 24 4 44.16 
16 24 10 50.2 
18 20 14 45.29 
24 18 14 43 
15 24 13 63.14 
24 12 12 39.57 
1 0 12 69.57 
13 26 8 37.62 
22 9 6 40.84 
13 21 3 34.54 
5 15 3 61.42 
2 4 10 45.4 
13 4 9 79.95 
23 26 2 105.46 
20 26 4 54.15 
18 6 3 55.17 
24 0 8 9.18 
0 13 12 37.63 
26 20 4 54.15 
26 21 7 90.85 
24 25 9 43.49 
25 8 9 64.06 
5 19 14 37.04 
21 22 4 55.81 
15 25 8 51.01 
17 13 2 88.81 
23 22 8 72.84 
20 16 10 35.11 
18 13 10 78.63 
17 9 7 42.57 
20 18 5 45.29 
20 24 10 37.14 
2 21 11 45.16 
19 4 5 39.9 
12 9 6 73.58 
6 4 10 77.08 
23 0 5 39.95 
8 1 6 11.01 
10 9 7 81.6 
4 25 12 32.14 
13 2 13 43.74 
14 3 1 50.67 
4 1 11 41.6 
14 15 1 57.45 
12 11 13 81.87 
4 21 14 20.55 
20 19 11 59.76 
12 0 11 36.01 
26 12 5 33.7 
11 23 5 39.19 
23 6 10 34.63 
12 16 3 56.05 
24 14 8 49.18 
6 0 6 9.34 
7 0 1 7.81 
2 5 4 49.53 
9 17 9 42.57 
1 10 11 31.33 
5 26 6 38.33 
13 10 12 41.6 
15 22 4 47.95 
24 22 7 50.62 
0 12 11 36.01 
15 21 8 42.87 
19 12 6 36.73 
3 19 13 44.15 
18 24 2 43 
25 16 6 55.27 
22 5 8 11.95 
18 17 5 44.68 
8 13 7 50.68 
5 24 5 13.93 
19 9 9 34.7 
16 11 7 67.73 
16 13 10 67.22 
13 20 1 8.75 
16 3 6 80.89 
4 9 2 39.6 
24 11 11 74.09 
21 19 3 80.37 
21 12 14 31.23 
17 5 3 88.81 
21 26 12 90.85 
7 4 11 44.12 
2 8 8 40.47 
2 18 2 39.87 
26 8 10 34.98 
22 11 10 16.13 
2 25 2 31 
25 26 11 47.95 
3 16 6 80.89 
9 11 1 76.32 
26 1 12 43.96 
20 13 2 8.75 
13 17 8 88.81 
9 23 13 43.49 
14 13 5 69.28 
10 0 4 31.23 
5 18 10 54.59 
19 7 13 16.44 
25 18 14 55.22 
7 12 7 73.93 
17 20 7 20.58 
15 0 4 20.93 
14 18 12 39.27 
0 25 4 34.24 
26 16 10 39.17 
24 8 7 44.16 
10 24 8 41.97 
18 22 9 74.14 
26 14 10 37.55 
9 8 12 50.18 
20 0 11 78.89 
19 18 14 40.73 
26 18 6 42.9 
5 14 4 50.39 
15 6 1 43.42 
20 7 12 17.22 
24 1 4 32.48 
4 12 11 71.48 
11 19 2 13.6 
1 25 13 29.04 
0 6 14 9.34 
0 1 13 69.57 
11 0 5 10.93 
2 12 14 39.35 
20 8 11 30.13 
7 13 12 50.99 
25 9 9 71.89 
11 16 9 67.73 
18 14 9 39.27 
11 13 1 48.9 
15 14 11 57.45 
16 23 5 49.1 
13 1 10 40.77 
3 25 5 41.5 
25 7 14 55.3 
4 8 3 39.31 
15 11 2 90.77 
3 22 10 40.47 
13 15 13 51.85 
20 14 5 35.33 
22 21 12 55.81 
1 19 5 57.16 
5 11 3 45.2 
24 26 14 52.75 
3 1 13 42.42 
2 7 13 22.15 
1 7 12 40.25 
17 6 7 79.53 
9 18 2 38.72 
3 12 6 69.87 
6 11 2 51.4 
21 23 10 54.22 
5 2 5 49.53 
0 26 8 46.55 
14 26 5 37.55 
23 13 8 43.61 
20 4 7 38.21 
8 11 14 47.33 
22 8 13 37.19 
12 6 10 49.64 
24 5 5 13.93 
10 6 6 49.43 
1 24 12 32.48 
21 3 5 42.14 
16 5 13 81.22 
21 0 5 72.05 
12 25 11 87.25 
12 26 11 33.7 
18 1 6 38.52 
9 12 4 73.58 
5 3 7 53.81 
19 2 1 69.57 
17 3 4 74.66 
2 19 7 69.57 
13 0 1 37.63 
2 15 2 42.51 
10 7 13 73.57 
17 14 9 55.24 
6 26 8 13.79 
12 20 13 14.35 
17 4 5 82.21 
22 12 4 44.39 
7 25 13 55.3 
7 19 12 16.44 
25 17 12 41.58 
22 20 10 45.57 
13 11 11 48.9 
16 15 6 65.34 
19 22 7 45.96 
1 20 12 57.6 
1 18 11 38.52 
6 5 7 53.74 
1 4 12 41.6 
17 7 2 39.44 
20 5 3 36.75 
5 8 2 40.51 
7 16 5 55.44 
5 10 5 19.3 
10 15 5 73.41 
8 0 7 8.87 
11 1 10 11.63 
18 7 13 41.8 
8 26 14 34.98 
3 11 2 40.73 
26 7 2 19.99 
18 16 3 75.62 
9 14 14 83.11 
22 7 14 24.82 
12 21 8 31.23 
12 15 1 84.32 
18 4 14 49.04 
2 16 5 68.22 
19 13 11 42.72 
4 5 6 93.72 
7 10 4 73.57 
21 4 8 20.55 
3 24 11 38.04 
15 9 7 82.43 
5 0 5 40.09 
4 15 9 77.54 
4 17 12 82.21 
2 14 14 37.57 
0 4 6 44.02 
21 17 8 41.74 
23 1 14 41 
16 6 2 76.97 
25 23 6 63.06 
5 20 6 36.75 
18 19 7 40.73 
2 24 13 34.57 
6 22 5 30.01 
23 24 2 64.78 
5 1 10 41.26 
16 4 11 79.95 
18 15 14 71.19 
25 5 3 31.81 
7 21 8 17.16 
13 18 2 78.63 
18 3 8 68.1 
14 17 11 55.24 
24 15 14 63.14 
15 3 6 42.97 
17 15 6 44.79 
21 18 9 74.84 
21 20 4 69.57 
3 9 12 34.72 
0 3 2 45.99 
6 18 4 55.17 
14 5 1 50.39 
20 17 6 20.58 
24 4 6 37.04 
21 25 11 41.84 
6 17 7 79.53 
10 21 10 43.72 
5 9 5 45.21 
14 19 8 36.15 
16 22 2 34.89 
10 16 4 79.89 
26 2 2 42.83 
25 24 3 43.49 
16 20 6 35.11 
3 18 5 68.1 
6 9 6 72.38 
2 6 13 42.38 
13 7 11 50.99 
0 10 4 31.23 
22 25 10 59.57 
15 8 1 73.61 
5 21 6 12.95 
7 14 10 54.13 
17 26 6 38.97 
22 2 14 37.63 
0 23 8 39.95 
1 6 7 42.34 
10 8 3 53.34 
20 11 11 29.14 
14 1 9 16.31 
25 20 11 36.54 
17 11 6 43.17 
10 26 8 39.96 
18 21 9 74.84 
4 26 5 38.97 
11 10 3 83.6 
18 25 10 55.22 
5 25 7 31.81 
1 26 8 43.96 
0 15 7 20.93 
9 5 6 45.21 
16 21 10 33.98 
21 2 9 45.16 
10 23 1 54.7 
3 20 12 45.4 
24 7 2 27.19 
16 8 3 76.68 
1 17 10 42.3 
21 7 8 17.16 
6 8 5 42.57 
1 3 1 42.42 
17 19 3 36.73 
12 19 8 36.73 
6 20 4 8.38 
17 25 7 41.58 
6 12 14 49.64 
26 6 6 13.79 
10 22 12 51.26 
16 14 7 71.5 
10 17 4 42.17 
8 17 8 38.24 
6 16 11 76.97 
15 4 2 77.54 
13 25 10 44.91 
21 16 11 33.98 
19 6 12 40.05 
4 0 7 44.02 
10 14 5 85.46 
14 10 8 85.46 
4 11 14 17.04 
14 2 6 37.57 
12 7 3 73.93 
3 26 5 40.51 
9 4 1 39.6 
25 4 12 32.14 
19 3 7 44.15 
23 12 2 49.7 
22 6 2 30.01 
7 26 13 19.99 
6 23 5 34.63 
16 17 7 79.84 
3 6 3 59.75 
5 6 9 53.74 
13 9 14 46.44 
14 24 10 49.18 
3 10 1 12.59 
9 3 7 34.72 
4 23 13 55.66 
0 17 3 38.42 
20 2 3 50.83 
6 24 14 31.31 
4 22 8 33.79 
7 18 8 41.8 
2 22 1 37.63 
2 26 2 42.83 
4 3 9 48.77 
26 11 8 33.97 
5 22 2 11.95 
19 1 14 57.16 
20 23 2 42.26 
8 6 5 42.57 
11 22 12 16.13 
1 14 9 16.31 
17 16 10 79.84 
18 11 7 37.19 
22 19 2 45.96 
20 3 5 45.4 
9 16 1 76.2 
19 23 2 72.82 
19 24 4 40.25 
20 15 2 36.73 
0 9 5 14.62 
23 19 9 72.82 
20 6 4 8.38 
25 21 7 41.84 
3 4 7 48.77 
16 0 1 37.34 
9 25 14 71.89 
19 10 3 35 
16 9 1 76.2 
8 19 2 10.87 
16 26 3 39.17 
24 2 5 34.57 
23 2 14 37.05 
0 5 3 40.09 
14 4 1 51.77 
7 2 3 22.15 
1 23 12 41 
26 13 13 37.62 
22 18 10 74.14 
15 26 9 54.33 
23 18 4 46.51 
2 11 2 16.72 
