27 102 694 
0 1 1000 25550 1 41.17 
1 2 1000 18340 1 42.82 
2 3 1000 28000 1 41.06 
3 4 1000 33580 1 43.78 
4 5 1000 14810 1 43.09 
5 6 1000 6920 1 40.22 
6 7 1000 33440 1 41.7 
7 8 1000 9500 1 39.25 
8 9 1000 17800 1 41.2 
8 11 1000 16300 1 37.68 
9 11 1000 4880 1 39.21 
10 11 1000 10180 1 42.55 
9 10 1000 5830 1 38.32 
10 25 1000 11000 1 37.7 
24 25 1000 2430 1 37.3 
22 24 1000 17120 1 38.08 
23 24 1000 15080 1 39 
22 23 1000 4200 1 40.03 
21 23 1000 29500 1 42.95 
22 26 1000 11540 1 42.07 
21 22 1000 25420 1 37.92 
20 21 1000 7190 1 40.01 
0 20 1000 21200 1 39.55 
19 20 1000 24060 1 43.76 
0 19 1000 27050 1 40.36 
19 21 1000 16850 1 47.08 
1 19 1000 27590 1 39.11 
19 26 1000 21740 1 42.34 
21 26 1000 29360 1 41.47 
18 19 1000 26230 1 40.47 
18 26 1000 15080 1 45.19 
3 18 1000 45540 1 45.56 
17 18 1000 14260 1 41.45 
15 18 1000 17660 1 48.77 
18 23 1000 19300 1 50.55 
15 23 1000 25140 1 40.73 
15 25 1000 7870 1 44.65 
14 15 1000 10050 1 36.27 
10 14 1000 8140 1 41.23 
12 14 1000 9780 1 42.52 
15 16 1000 25420 1 43.83 
15 17 1000 25420 1 50.81 
16 17 1000 38200 1 44.02 
4 17 1000 32760 1 40.92 
13 16 1000 25280 1 38.45 
4 13 1000 25690 1 41.54 
5 13 1000 19840 1 40.05 
6 13 1000 20660 1 42.55 
12 16 1000 13180 1 38.61 
11 12 1000 10460 1 40.58 
23 26 1000 8010 1 39.93 
1 0 1000 25550 1 41.17 
2 1 1000 18340 1 42.82 
3 2 1000 28000 1 41.06 
4 3 1000 33580 1 43.78 
5 4 1000 14810 1 43.09 
6 5 1000 6920 1 40.22 
7 6 1000 33440 1 41.7 
8 7 1000 9500 1 39.25 
9 8 1000 17800 1 41.2 
11 8 1000 16300 1 37.68 
11 9 1000 4880 1 39.21 
11 10 1000 10180 1 42.55 
10 9 1000 5830 1 38.32 
25 10 1000 11000 1 37.7 
25 24 1000 2430 1 37.3 
24 22 1000 17120 1 38.08 
24 23 1000 15080 1 39 
23 22 1000 4200 1 40.03 
23 21 1000 29500 1 42.95 
26 22 1000 11540 1 42.07 
22 21 1000 25420 1 37.92 
21 20 1000 7190 1 40.01 
20 0 1000 21200 1 39.55 
20 19 1000 24060 1 43.76 
19 0 1000 27050 1 40.36 
21 19 1000 16850 1 47.08 
19 1 1000 27590 1 39.11 
26 19 1000 21740 1 42.34 
26 21 1000 29360 1 41.47 
19 18 1000 26230 1 40.47 
26 18 1000 15080 1 45.19 
18 3 1000 45540 1 45.56 
18 17 1000 14260 1 41.45 
18 15 1000 17660 1 48.77 
23 18 1000 19300 1 50.55 
23 15 1000 25140 1 40.73 
25 15 1000 7870 1 44.65 
15 14 1000 10050 1 36.27 
14 10 1000 8140 1 41.23 
14 12 1000 9780 1 42.52 
16 15 1000 25420 1 43.83 
17 15 1000 25420 1 50.81 
17 16 1000 38200 1 44.02 
17 4 1000 32760 1 40.92 
16 13 1000 25280 1 38.45 
13 4 1000 25690 1 41.54 
13 5 1000 19840 1 40.05 
13 6 1000 20660 1 42.55 
16 12 1000 13180 1 38.61 
12 11 1000 10460 1 40.58 
26 23 1000 8010 1 39.93 
3 8 12 38.57 
8 12 8 43.44 
24 6 13 15.61 
2 13 10 36.6 
24 21 2 44.43 
15 23 7 36.04 
23 14 14 27.95 
6 3 3 22.72 
20 9 13 8.19 
8 15 5 44.63 
2 17 7 34.57 
8 20 14 25.9 
25 13 5 32.97 
4 2 14 37.86 
7 15 7 33.43 
16 2 1 34.71 
12 4 10 42.67 
17 2 5 34.57 
21 8 14 29.47 
16 12 5 38.65 
12 1 4 7.35 
10 2 1 26.7 
9 1 5 7.99 
19 25 10 25.73 
4 10 14 35.31 
10 12 12 55.11 
17 1 11 35.92 
16 1 13 33.67 
15 2 3 34.1 
16 7 4 35.28 
11 2 8 9.56 
15 10 3 39.11 
5 13 2 66.32 
12 3 6 35.76 
11 12 5 43.32 
3 13 9 50.99 
2 20 9 38.15 
7 3 1 15.43 
26 10 10 18.33 
26 17 13 36.58 
13 6 6 27.19 
19 16 9 15 
7 5 14 22.1 
6 25 5 18.66 
9 26 9 10.13 
8 4 2 34.3 
3 23 13 34.47 
22 17 4 34.57 
17 22 5 34.57 
15 16 7 42.51 
25 10 2 34.57 
7 11 3 36.69 
6 2 13 9.86 
14 20 9 27.58 
4 16 2 64.43 
23 7 14 23.48 
11 9 11 69.44 
13 19 11 35.09 
20 25 11 16.82 
19 17 10 34.41 
7 20 10 12.03 
9 24 3 37.64 
0 22 4 36.69 
14 25 6 26.77 
8 3 3 38.57 
11 25 1 42.76 
6 14 4 37.28 
18 23 6 37.05 
11 4 7 8.28 
9 2 10 7.71 
23 20 10 13.64 
14 16 9 40.91 
4 7 4 19.8 
14 22 13 18.49 
15 12 2 51.33 
0 8 1 4.35 
14 7 10 43.44 
3 7 3 15.43 
12 23 9 30.75 
1 15 5 9.31 
23 9 14 27.49 
12 24 5 28.95 
17 10 11 36.7 
16 10 2 50.27 
0 14 5 11.89 
10 13 4 32.19 
17 18 6 41.44 
10 20 8 11.6 
1 8 14 7.76 
0 20 10 45.29 
5 4 14 62.54 
18 9 7 33.58 
4 24 10 19.48 
13 16 1 37.72 
12 17 3 38.22 
17 8 14 33.22 
18 12 10 37.93 
26 22 8 45.06 
2 10 1 26.7 
8 18 7 4.45 
25 22 8 34.89 
18 2 8 34.54 
16 18 3 41.05 
3 15 1 36.96 
25 6 12 18.66 
21 1 12 42.74 
7 24 12 9.49 
12 22 9 28.72 
9 20 6 8.19 
20 22 14 37.25 
25 1 5 24.59 
1 13 4 7.44 
19 8 3 7.25 
11 20 13 23.16 
10 19 8 27.12 
22 4 3 6.62 
23 17 10 35.19 
11 8 11 33.83 
3 0 14 37.26 
3 5 11 17.71 
12 8 9 43.44 
5 23 3 29.22 
9 0 8 6.15 
15 20 2 32.6 
7 9 10 41.54 
21 13 10 22.82 
21 11 14 5.63 
24 19 3 7.16 
11 24 6 49.58 
11 17 7 34.71 
7 1 13 34.33 
0 21 6 42.17 
22 15 3 15.62 
23 25 12 45.65 
0 18 1 38.45 
14 9 7 56.49 
13 23 2 14 
1 21 12 42.74 
19 26 5 37.05 
4 14 9 37.48 
19 21 9 44.22 
13 24 7 27.61 
21 10 7 34.29 
24 3 13 8.67 
9 15 1 47.71 
5 17 8 57.96 
9 6 12 39.62 
22 24 9 37.32 
15 19 8 35 
23 3 4 34.47 
17 23 2 35.19 
19 14 8 15.06 
26 24 11 42.84 
2 0 7 38.67 
13 14 2 42.5 
15 18 2 36.42 
4 18 7 36.92 
26 9 6 10.13 
9 7 7 41.54 
11 26 3 25.22 
14 23 13 27.95 
19 5 7 30.02 
20 10 3 11.6 
8 23 7 19.8 
0 2 14 38.67 
16 25 11 41.97 
21 14 5 16.19 
3 17 13 37.79 
19 0 6 63.3 
25 12 8 55.51 
20 1 13 42.74 
24 10 1 13.3 
22 3 14 36.25 
5 7 7 22.1 
24 23 10 55.44 
22 23 9 39.64 
1 12 10 7.35 
6 15 2 24.46 
13 22 13 34.01 
8 9 10 38.75 
4 20 3 32.09 
12 2 14 32.23 
26 3 7 8.88 
13 5 2 66.32 
1 22 9 34.99 
23 5 12 29.22 
11 15 8 56.39 
15 5 12 28.79 
25 19 12 25.73 
0 19 2 63.3 
11 18 5 30.75 
10 11 11 54.31 
17 21 3 34.3 
15 7 6 33.43 
0 11 12 6.94 
1 11 9 7.76 
24 20 6 31.35 
24 16 2 19.06 
1 5 4 34.3 
14 11 3 56.32 
11 14 1 56.32 
8 25 5 38.54 
14 21 7 16.19 
12 10 10 55.11 
0 24 1 4.45 
10 3 7 5.78 
1 16 14 33.67 
22 10 5 38.32 
14 12 2 56.25 
3 21 7 33.74 
11 7 9 36.69 
0 16 10 32.88 
9 22 13 9.08 
26 0 13 38.67 
6 13 13 27.19 
24 17 11 37.63 
23 15 6 36.04 
21 15 2 15.02 
7 22 8 17.68 
21 6 7 6.24 
18 26 11 35.73 
22 14 5 18.49 
25 2 13 9.3 
21 5 11 9.04 
25 15 9 44.84 
20 12 14 10.54 
2 9 9 7.71 
21 9 12 17.2 
18 10 4 11.61 
17 12 3 38.22 
10 18 7 11.61 
26 5 6 35.75 
19 11 14 8.75 
22 13 7 34.01 
26 25 6 30.03 
6 19 5 8.05 
6 21 8 6.24 
26 15 10 22.59 
23 10 4 36.92 
22 1 6 34.99 
10 25 6 34.57 
9 10 6 49.54 
8 5 3 8.25 
26 23 2 69.73 
21 24 6 44.43 
15 1 10 9.31 
12 13 10 12.21 
14 8 12 75.63 
8 14 1 75.63 
18 8 7 4.45 
6 1 12 38.97 
13 3 8 50.99 
8 2 11 35.78 
9 13 13 15.83 
11 6 10 38.5 
0 7 5 4.02 
10 4 1 35.31 
12 5 10 14.7 
18 5 2 36.12 
16 19 3 15 
15 17 2 40.75 
12 18 7 37.93 
8 16 11 46.55 
22 16 4 29.92 
6 10 13 18.13 
25 14 4 26.77 
26 4 6 9.25 
15 13 8 31.25 
1 9 10 7.99 
10 5 13 11.02 
19 20 9 44.22 
8 21 14 29.47 
4 13 3 69.38 
25 3 7 34.89 
11 5 1 34.12 
23 8 9 19.8 
19 15 8 35 
12 14 11 56.25 
20 21 4 36.15 
2 23 9 9.27 
11 3 5 12.03 
10 1 13 10.39 
14 6 7 37.28 
8 10 5 34.5 
25 11 13 42.76 
13 12 3 12.21 
13 8 6 43.44 
7 17 4 9.67 
11 21 3 5.63 
17 24 4 37.63 
23 21 1 38.06 
18 0 10 38.45 
9 21 5 17.2 
24 13 6 27.61 
7 23 13 23.48 
22 26 7 45.06 
3 14 4 40.21 
25 0 6 29.46 
22 0 13 36.69 
8 22 6 34.06 
9 19 1 9.01 
14 0 13 11.89 
23 11 9 22.88 
4 19 13 15.19 
17 0 5 10.84 
23 4 9 25.58 
5 16 4 50.46 
24 9 10 37.64 
26 19 1 37.05 
23 16 1 29.33 
5 12 2 14.7 
4 6 14 50.46 
8 24 4 37.57 
16 24 10 19.06 
18 20 14 35.64 
24 18 14 10.98 
15 24 13 38.95 
24 12 12 28.95 
1 0 12 38.95 
13 26 8 10.66 
22 9 6 9.08 
13 21 3 22.82 
5 15 3 28.79 
2 4 10 37.86 
13 4 9 69.38 
23 26 2 69.73 
20 26 4 39.94 
18 6 3 39.53 
24 0 8 4.45 
0 13 12 7.06 
26 20 4 39.94 
26 21 7 55.81 
24 25 9 34.89 
25 8 9 38.54 
5 19 14 30.02 
21 22 4 43.32 
15 25 8 44.84 
17 13 2 72.19 
23 22 8 39.64 
20 16 10 13.08 
18 13 10 63.7 
17 9 7 37.72 
20 18 5 35.64 
20 24 10 31.35 
2 21 11 10.86 
19 4 5 15.19 
12 9 6 39.67 
6 4 10 50.46 
23 0 5 12.86 
8 1 6 7.76 
10 9 7 49.54 
4 25 12 27.6 
13 2 13 36.6 
14 3 1 40.21 
4 1 11 16.23 
14 15 1 40.87 
12 11 13 43.32 
4 21 14 6.82 
20 19 11 44.22 
12 0 11 7.14 
26 12 5 14.1 
11 23 5 22.88 
23 6 10 30.29 
12 16 3 38.65 
24 14 8 39.11 
6 0 6 5.42 
7 0 1 4.02 
2 5 4 37.2 
9 17 9 37.72 
1 10 11 10.39 
5 26 6 35.75 
13 10 12 32.19 
15 22 4 15.62 
24 22 7 37.32 
0 12 11 7.14 
15 21 8 15.02 
19 12 6 33.04 
3 19 13 11.07 
18 24 2 10.98 
25 16 6 41.97 
22 5 8 7.57 
18 17 5 41.44 
8 13 7 43.44 
5 24 5 6.81 
19 9 9 9.01 
16 11 7 35.66 
16 13 10 37.72 
13 20 1 6.16 
16 3 6 46.32 
4 9 2 6.91 
24 11 11 49.58 
21 19 3 44.22 
21 12 14 21.63 
17 5 3 57.96 
21 26 12 55.81 
7 4 11 19.8 
2 8 8 35.78 
2 18 2 34.54 
26 8 10 28.75 
22 11 10 5.18 
2 25 2 9.3 
25 26 11 30.03 
3 16 6 46.32 
9 11 1 69.44 
26 1 12 37.7 
20 13 2 6.16 
13 17 8 72.19 
9 23 13 27.49 
14 13 5 42.5 
10 0 4 9.08 
5 18 10 36.12 
19 7 13 7.1 
25 18 14 35.98 
7 12 7 38.95 
17 20 7 8.75 
15 0 4 11.89 
14 18 12 20.44 
0 25 4 29.46 
26 16 10 27.25 
24 8 7 37.57 
10 24 8 13.3 
18 22 9 37.82 
26 14 10 14.61 
9 8 12 38.75 
20 0 11 45.29 
19 18 14 35.98 
26 18 6 35.73 
5 14 4 38.07 
15 6 1 24.46 
20 7 12 12.03 
24 1 4 4.04 
4 12 11 42.67 
11 19 2 8.75 
1 25 13 24.59 
0 6 14 5.42 
0 1 13 38.95 
11 0 5 6.94 
2 12 14 32.23 
20 8 11 25.9 
7 13 12 42.05 
25 9 9 35.38 
11 16 9 35.66 
18 14 9 20.44 
11 13 1 16.02 
15 14 11 40.87 
16 23 5 29.33 
13 1 10 7.44 
3 25 5 34.89 
25 7 14 38.96 
4 8 3 34.3 
15 11 2 56.39 
3 22 10 36.25 
13 15 13 31.25 
20 14 5 27.58 
22 21 12 43.32 
1 19 5 41.84 
5 11 3 34.12 
24 26 14 42.84 
3 1 13 34.54 
2 7 13 11.55 
1 7 12 34.33 
17 6 7 58.13 
9 18 2 33.58 
3 12 6 35.76 
6 11 2 38.5 
21 23 10 38.06 
5 2 5 37.2 
0 26 8 38.67 
14 26 5 14.61 
23 13 8 14 
20 4 7 32.09 
8 11 14 33.83 
22 8 13 34.06 
12 6 10 36.31 
24 5 5 6.81 
10 6 6 18.13 
1 24 12 4.04 
21 3 5 33.74 
16 5 13 50.46 
21 0 5 42.17 
12 25 11 55.51 
12 26 11 14.1 
18 1 6 6.96 
9 12 4 39.67 
5 3 7 17.71 
19 2 1 36.73 
17 3 4 37.79 
2 19 7 36.73 
13 0 1 7.06 
2 15 2 34.1 
10 7 13 46.14 
17 14 9 42.17 
6 26 8 7.75 
12 20 13 10.54 
17 4 5 63.84 
22 12 4 28.72 
7 25 13 38.96 
7 19 12 7.1 
25 17 12 8.49 
22 20 10 37.25 
13 11 11 16.02 
16 15 6 42.51 
19 22 7 10.67 
1 20 12 42.74 
1 18 11 6.96 
6 5 7 41.66 
1 4 12 16.23 
17 7 2 9.67 
20 5 3 12.92 
5 8 2 8.25 
7 16 5 35.28 
5 10 5 11.02 
10 15 5 39.11 
8 0 7 4.35 
11 1 10 7.76 
18 7 13 12.06 
8 26 14 28.75 
3 11 2 12.03 
26 7 2 15.44 
18 16 3 41.05 
9 14 14 56.49 
22 7 14 17.68 
12 21 8 21.63 
12 15 1 51.33 
18 4 14 36.92 
2 16 5 34.71 
19 13 11 35.09 
4 5 6 62.54 
7 10 4 46.14 
21 4 8 6.82 
3 24 11 8.67 
15 9 7 47.71 
5 0 5 33.93 
4 15 9 64.24 
4 17 12 63.84 
2 14 14 10.01 
0 4 6 37.74 
21 17 8 34.3 
23 1 14 35 
16 6 2 62.15 
25 23 6 45.65 
5 20 6 12.92 
18 19 7 35.98 
2 24 13 31.24 
6 22 5 8.21 
23 24 2 55.44 
5 1 10 34.3 
16 4 11 64.43 
18 15 14 36.42 
25 5 3 17.48 
7 21 8 10.92 
13 18 2 63.7 
18 3 8 36.78 
14 17 11 42.17 
24 15 14 38.95 
15 3 6 36.96 
17 15 6 40.75 
21 18 9 38.45 
21 20 4 36.15 
3 9 12 30.34 
0 3 2 37.26 
6 18 4 39.53 
14 5 1 38.07 
20 17 6 8.75 
24 4 6 19.48 
21 25 11 25.57 
6 17 7 58.13 
10 21 10 34.29 
5 9 5 41.19 
14 19 8 15.06 
16 22 2 29.92 
10 16 4 50.27 
26 2 2 12.59 
25 24 3 34.89 
16 20 6 13.08 
3 18 5 36.78 
6 9 6 39.62 
2 6 13 9.86 
13 7 11 42.05 
0 10 4 9.08 
22 25 10 34.89 
15 8 1 44.63 
5 21 6 9.04 
7 14 10 43.44 
17 26 6 36.58 
22 2 14 6.8 
0 23 8 12.86 
1 6 7 38.97 
10 8 3 34.5 
20 11 11 23.16 
14 1 9 8.87 
25 20 11 16.82 
17 11 6 34.71 
10 26 8 18.33 
18 21 9 38.45 
4 26 5 9.25 
11 10 3 54.31 
18 25 10 35.98 
5 25 7 17.48 
1 26 8 37.7 
0 15 7 11.89 
9 5 6 41.19 
16 21 10 27.41 
21 2 9 10.86 
10 23 1 36.92 
3 20 12 12.16 
24 7 2 9.49 
16 8 3 46.55 
1 17 10 35.92 
21 7 8 10.92 
6 8 5 37.04 
1 3 1 34.54 
17 19 3 34.41 
12 19 8 33.04 
6 20 4 6.23 
17 25 7 8.49 
6 12 14 36.31 
26 6 6 7.75 
10 22 12 38.32 
16 14 7 40.91 
10 17 4 36.7 
8 17 8 33.22 
6 16 11 62.15 
15 4 2 64.24 
13 25 10 32.97 
21 16 11 27.41 
19 6 12 8.05 
4 0 7 37.74 
10 14 5 51 
14 10 8 51 
4 11 14 8.28 
14 2 6 10.01 
12 7 3 38.95 
3 26 5 8.88 
9 4 1 6.91 
25 4 12 27.6 
19 3 7 11.07 
23 12 2 30.75 
22 6 2 8.21 
7 26 13 15.44 
6 23 5 30.29 
16 17 7 44.84 
3 6 3 22.72 
5 6 9 41.66 
13 9 14 15.83 
14 24 10 39.11 
3 10 1 5.78 
9 3 7 30.34 
4 23 13 25.58 
0 17 3 10.84 
20 2 3 38.15 
6 24 14 15.61 
4 22 8 6.62 
7 18 8 12.06 
2 22 1 6.8 
2 26 2 12.59 
4 3 9 35.59 
26 11 8 25.22 
5 22 2 7.57 
19 1 14 41.84 
20 23 2 13.64 
8 6 5 37.04 
11 22 12 5.18 
1 14 9 8.87 
17 16 10 44.84 
18 11 7 30.75 
22 19 2 10.67 
20 3 5 12.16 
9 16 1 39.67 
19 23 2 37.79 
19 24 4 7.16 
20 15 2 32.6 
0 9 5 6.15 
23 19 9 37.79 
20 6 4 6.23 
25 21 7 25.57 
3 4 7 35.59 
16 0 1 32.88 
9 25 14 35.38 
19 10 3 27.12 
16 9 1 39.67 
8 19 2 7.25 
16 26 3 27.25 
24 2 5 31.24 
23 2 14 9.27 
0 5 3 33.93 
14 4 1 37.48 
7 2 3 11.55 
1 23 12 35 
26 13 13 10.66 
22 18 10 37.82 
15 26 9 22.59 
23 18 4 37.05 
2 11 2 9.56 
