47 279 168 
0 1 10000 5 0 74.54 
0 1 50000 1 0 74.3 
0 1 20000 2.5 0 74.39 
0 1 20000 2.5 0 74.39 
0 2 10000 5 0 43.91 
0 2 50000 1 0 43.67 
0 3 20000 2.5 0 16.59 
0 3 20000 2.5 0 16.59 
0 3 10000 5 0 16.74 
0 3 20000 2.5 0 16.59 
0 3 50000 1 0 16.5 
0 3 20000 2.5 0 16.59 
0 37 5000 10 0 95.88 
0 37 5000 10 0 95.88 
0 37 20000 2.5 0 95.43 
0 37 5000 10 0 95.88 
0 9 20000 2.5 0 310.44 
0 9 20000 2.5 0 310.44 
0 9 5000 10 0 310.89 
0 43 5000 10 0 195.48 
0 43 10000 5 0 195.18 
0 43 10000 5 0 195.18 
0 43 50000 1 0 194.94 
0 43 50000 1 0 194.94 
0 44 20000 2.5 0 185.17 
0 44 5000 10 0 185.62 
0 44 10000 5 0 185.32 
0 44 50000 1 0 185.08 
0 44 10000 5 0 185.32 
0 45 50000 1 0 187.37 
0 45 50000 1 0 187.37 
1 2 20000 2.5 0 48.77 
1 2 10000 5 0 48.92 
1 37 5000 10 0 90.03 
1 37 5000 10 0 90.03 
1 37 50000 1 0 89.49 
2 37 10000 5 0 58.37 
2 37 5000 10 0 58.67 
3 24 10000 5 0 279.56 
3 24 20000 2.5 0 279.41 
3 24 10000 5 0 279.56 
3 45 20000 2.5 0 193.93 
3 45 5000 10 0 194.38 
3 46 10000 5 0 57.74 
3 46 5000 10 0 58.04 
3 46 20000 2.5 0 57.59 
4 5 50000 1 0 23.78 
4 5 20000 2.5 0 23.87 
4 6 10000 5 0 20.83 
4 6 50000 1 0 20.59 
5 24 10000 5 0 32.27 
5 24 5000 10 0 32.57 
5 24 20000 2.5 0 32.12 
5 8 5000 10 0 9.72 
5 8 50000 1 0 9.18 
5 32 5000 10 0 45.22 
5 32 10000 5 0 44.92 
5 9 5000 10 0 18.85 
5 9 20000 2.5 0 18.4 
5 9 20000 2.5 0 18.4 
6 24 5000 10 0 17.81 
6 24 20000 2.5 0 17.36 
6 9 5000 10 0 22.14 
6 9 5000 10 0 22.14 
7 24 10000 5 0 63.46 
7 9 5000 10 0 74.7 
8 9 50000 1 0 9.19 
8 9 5000 10 0 9.73 
9 30 5000 10 0 466.32 
9 30 10000 5 0 466.02 
9 30 50000 1 0 465.78 
9 30 10000 5 0 466.02 
9 30 5000 10 0 466.32 
9 30 5000 10 0 466.32 
13 40 5000 10 0 137.4 
20 30 5000 10 0 57.98 
20 30 20000 2.5 0 57.53 
20 30 5000 10 0 57.98 
20 31 10000 5 0 41.83 
24 40 5000 10 0 543.59 
24 31 5000 10 0 476.71 
24 31 50000 1 0 476.17 
24 31 20000 2.5 0 476.26 
26 43 5000 10 0 1.48 
28 39 5000 10 0 82 
29 40 5000 10 0 129.45 
29 40 10000 5 0 129.15 
29 35 10000 5 0 56.01 
29 36 50000 1 0 427.49 
29 36 50000 1 0 427.49 
29 36 5000 10 0 428.03 
29 30 20000 2.5 0 143.75 
29 30 10000 5 0 143.9 
29 30 50000 1 0 143.66 
29 30 5000 10 0 144.2 
29 30 5000 10 0 144.2 
29 31 10000 5 0 124.95 
29 31 50000 1 0 124.71 
29 31 10000 5 0 124.95 
29 31 10000 5 0 124.95 
29 31 20000 2.5 0 124.8 
30 34 5000 10 0 183.49 
30 35 50000 1 0 148.93 
30 36 50000 1 0 455.2 
30 36 5000 10 0 455.74 
30 36 20000 2.5 0 455.29 
30 40 20000 2.5 0 265.01 
30 40 10000 5 0 265.16 
30 40 50000 1 0 264.92 
30 40 50000 1 0 264.92 
30 40 10000 5 0 265.16 
30 40 20000 2.5 0 265.01 
30 40 20000 2.5 0 265.01 
30 42 20000 2.5 0 389.47 
30 42 50000 1 0 389.38 
30 43 20000 2.5 0 418.54 
30 43 50000 1 0 418.45 
30 43 50000 1 0 418.45 
30 43 5000 10 0 418.99 
30 43 5000 10 0 418.99 
30 43 20000 2.5 0 418.54 
30 43 10000 5 0 418.69 
30 43 20000 2.5 0 418.54 
30 43 50000 1 0 418.45 
30 44 20000 2.5 0 442.52 
30 44 5000 10 0 442.97 
30 44 20000 2.5 0 442.52 
30 44 50000 1 0 442.43 
30 44 50000 1 0 442.43 
30 44 50000 1 0 442.43 
30 44 5000 10 0 442.97 
30 44 5000 10 0 442.97 
30 44 50000 1 0 442.43 
30 44 5000 10 0 442.97 
30 44 10000 5 0 442.67 
30 45 50000 1 0 386.47 
30 45 10000 5 0 386.71 
30 45 5000 10 0 387.01 
30 45 20000 2.5 0 386.56 
30 45 5000 10 0 387.01 
30 31 5000 10 0 19.87 
30 31 5000 10 0 19.87 
30 31 50000 1 0 19.33 
30 31 5000 10 0 19.87 
30 31 20000 2.5 0 19.42 
30 31 20000 2.5 0 19.42 
30 31 50000 1 0 19.33 
30 31 50000 1 0 19.33 
30 31 20000 2.5 0 19.42 
30 31 10000 5 0 19.57 
30 31 50000 1 0 19.33 
30 31 10000 5 0 19.57 
30 31 5000 10 0 19.87 
30 31 50000 1 0 19.33 
31 40 50000 1 0 247.34 
31 40 10000 5 0 247.58 
31 40 20000 2.5 0 247.43 
31 43 50000 1 0 436.42 
31 43 10000 5 0 436.66 
31 43 5000 10 0 436.96 
31 43 50000 1 0 436.42 
31 43 20000 2.5 0 436.51 
31 43 50000 1 0 436.42 
31 43 10000 5 0 436.66 
31 43 5000 10 0 436.96 
31 44 5000 10 0 461.05 
31 44 50000 1 0 460.51 
31 44 5000 10 0 461.05 
31 44 50000 1 0 460.51 
31 44 20000 2.5 0 460.6 
31 44 10000 5 0 460.75 
31 44 10000 5 0 460.75 
31 45 20000 2.5 0 403.25 
31 45 20000 2.5 0 403.25 
31 45 5000 10 0 403.7 
31 45 50000 1 0 403.16 
31 45 5000 10 0 403.7 
37 38 50000 1 0 18.16 
37 43 5000 10 0 117.41 
37 43 20000 2.5 0 116.96 
37 43 10000 5 0 117.11 
37 43 5000 10 0 117.41 
37 43 50000 1 0 116.87 
37 44 20000 2.5 0 99.91 
37 44 10000 5 0 100.06 
37 44 5000 10 0 100.36 
37 44 20000 2.5 0 99.91 
37 44 20000 2.5 0 99.91 
37 46 50000 1 0 64.62 
37 46 10000 5 0 64.86 
37 46 50000 1 0 64.62 
38 44 50000 1 0 110.6 
39 40 50000 1 0 15.86 
39 40 20000 2.5 0 15.95 
40 41 5000 10 0 45.3 
40 41 20000 2.5 0 44.85 
40 41 50000 1 0 44.76 
40 41 50000 1 0 44.76 
40 41 50000 1 0 44.76 
42 43 5000 10 0 598.16 
42 43 50000 1 0 597.62 
42 43 5000 10 0 598.16 
43 44 10000 5 0 24.9 
43 44 5000 10 0 25.2 
43 44 50000 1 0 24.66 
43 44 20000 2.5 0 24.75 
43 45 10000 5 0 57.35 
43 45 20000 2.5 0 57.2 
43 45 50000 1 0 57.11 
43 45 5000 10 0 57.65 
43 46 5000 10 0 148.78 
43 46 50000 1 0 148.24 
43 46 5000 10 0 148.78 
45 46 10000 5 0 140.1 
45 46 10000 5 0 140.1 
45 46 5000 10 0 140.4 
1 0 20000 2.5 0 74.39 
2 0 50000 1 0 43.67 
3 0 20000 2.5 0 16.59 
37 0 5000 10 0 95.88 
9 0 5000 10 0 310.89 
43 0 50000 1 0 194.94 
44 0 10000 5 0 185.32 
45 0 50000 1 0 187.37 
2 1 10000 5 0 48.92 
37 1 50000 1 0 89.49 
37 2 5000 10 0 58.67 
24 3 10000 5 0 279.56 
45 3 5000 10 0 194.38 
46 3 20000 2.5 0 57.59 
5 4 20000 2.5 0 23.87 
6 4 50000 1 0 20.59 
24 5 20000 2.5 0 32.12 
8 5 50000 1 0 9.18 
32 5 10000 5 0 44.92 
9 5 20000 2.5 0 18.4 
24 6 20000 2.5 0 17.36 
9 6 5000 10 0 22.14 
24 7 10000 5 0 63.46 
9 7 5000 10 0 74.7 
9 8 5000 10 0 9.73 
30 9 5000 10 0 466.32 
40 13 5000 10 0 137.4 
30 20 5000 10 0 57.98 
31 20 10000 5 0 41.83 
40 24 5000 10 0 543.59 
31 24 20000 2.5 0 476.26 
43 26 5000 10 0 1.48 
39 28 5000 10 0 82 
40 29 10000 5 0 129.15 
35 29 10000 5 0 56.01 
36 29 5000 10 0 428.03 
30 29 5000 10 0 144.2 
31 29 20000 2.5 0 124.8 
34 30 5000 10 0 183.49 
35 30 50000 1 0 148.93 
36 30 20000 2.5 0 455.29 
40 30 20000 2.5 0 265.01 
42 30 50000 1 0 389.38 
43 30 50000 1 0 418.45 
44 30 10000 5 0 442.67 
45 30 5000 10 0 387.01 
31 30 50000 1 0 19.33 
40 31 20000 2.5 0 247.43 
43 31 5000 10 0 436.96 
44 31 10000 5 0 460.75 
45 31 5000 10 0 403.7 
38 37 50000 1 0 18.16 
43 37 50000 1 0 116.87 
44 37 20000 2.5 0 99.91 
46 37 50000 1 0 64.62 
44 38 50000 1 0 110.6 
40 39 20000 2.5 0 15.95 
41 40 50000 1 0 44.76 
43 42 5000 10 0 598.16 
44 43 20000 2.5 0 24.75 
45 43 5000 10 0 57.65 
46 43 5000 10 0 148.78 
46 45 5000 10 0 140.4 
4 20 500 23.11 
4 43 1000 12.6 
6 45 1000 15.62 
4 5 50 269.2 
8 24 50 676.84 
29 36 100 202.39 
9 46 100 65.48 
24 38 1000 41.23 
30 8 100 80.48 
36 2 100 25.35 
2 1 500 35.81 
4 37 500 29.83 
36 45 100 90.91 
4 29 100 23.18 
42 5 1000 98.66 
3 20 50 27.7 
9 7 500 194.57 
3 2 500 84.02 
45 38 500 56.14 
42 0 50 50.97 
43 42 500 145.04 
6 30 50 169.19 
24 6 500 268.99 
43 45 50 24.27 
40 3 1000 27.68 
3 24 500 59.22 
31 46 500 24.39 
4 40 50 20.3 
31 43 100 55.85 
46 38 1000 112.87 
8 37 1000 21.77 
24 31 1000 180.38 
6 42 50 123.8 
30 24 1000 145.57 
3 38 50 41.71 
35 43 100 60.24 
31 40 1000 517.53 
1 40 50 10.31 
20 7 100 32.06 
37 4 50 29.83 
2 45 1000 32.04 
31 36 50 506.09 
2 43 1000 54.71 
8 1 1000 41.29 
43 38 500 58.55 
42 29 100 62.3 
5 20 1000 106.86 
35 24 50 41.16 
4 30 50 91.96 
35 45 500 57.65 
4 46 50 44.5 
44 31 50 57.93 
38 5 500 24.54 
44 43 500 43.62 
46 9 100 65.48 
36 0 50 19.8 
7 35 1000 21.58 
3 45 50 76.36 
1 8 50 41.29 
36 29 500 202.39 
8 45 500 18.86 
40 35 50 704.49 
7 2 1000 42.42 
30 40 50 96.16 
42 44 100 84.76 
43 29 50 74 
6 40 100 42.98 
46 6 500 61.76 
1 4 50 35.73 
29 40 500 652.45 
29 3 1000 25.85 
20 30 500 138.2 
40 7 500 36.6 
8 36 50 48.51 
38 46 500 112.87 
36 1 50 15.99 
9 29 100 48.91 
0 38 1000 52.93 
7 24 1000 194.57 
1 6 1000 52.18 
36 5 500 34.94 
9 4 1000 287.7 
40 36 1000 656.26 
45 4 1000 11.99 
24 37 1000 41.23 
38 42 500 34.95 
30 43 50 85.47 
38 24 1000 41.23 
29 45 50 90.91 
29 30 500 202.39 
35 9 50 39.76 
9 38 50 41.06 
6 7 50 242.73 
9 36 100 41.23 
44 35 500 67.11 
38 0 1000 52.93 
40 31 100 517.53 
8 29 1000 19.67 
29 37 100 13.07 
29 9 100 48.91 
5 44 1000 19.11 
3 31 1000 23.57 
6 9 1000 153.37 
31 0 100 10.76 
31 37 50 28.85 
0 2 500 71.41 
44 0 500 57.79 
43 3 50 71.2 
40 46 500 30.96 
37 29 500 13.07 
35 1 50 15.06 
6 3 1000 157.51 
40 9 500 64.31 
1 46 100 140.46 
5 35 500 48.89 
35 42 1000 60.17 
5 8 500 157.2 
31 3 500 23.57 
35 4 1000 28.97 
1 5 50 73.46 
7 45 1000 13.08 
9 43 500 20.29 
35 46 1000 26.74 
36 31 100 506.09 
42 20 1000 84.02 
31 8 100 128.36 
5 7 50 249.19 
37 20 1000 12.79 
42 24 1000 49.27 
45 44 1000 33.34 
8 46 500 45.03 
7 29 500 29.77 
1 0 500 36.64 
4 44 500 10.11 
45 29 50 90.91 
3 42 50 71.2 
42 31 500 233.24 
3 1 1000 125.31 
24 29 1000 31.62 
40 43 50 25.47 
31 38 50 48.92 
3 9 500 201.03 
9 45 50 44.08 
44 45 500 33.34 
36 46 1000 27.78 
31 24 500 180.38 
1 3 1000 125.31 
46 31 1000 24.39 
37 45 100 56.75 
4 7 50 751.61 
45 46 1000 68 
46 36 100 27.78 
35 44 1000 67.11 
45 31 1000 109.27 
46 3 500 41.71 
20 42 100 84.02 
45 20 500 192.03 
30 3 100 17.55 
30 46 50 29.07 
3 36 500 17.55 
37 43 1000 55.11 
40 37 1000 17.49 
44 46 50 57.35 
46 30 500 29.07 
8 7 1000 750.54 
9 24 100 194.57 
30 6 1000 169.19 
45 5 100 33.92 
