47 279 504 
0 1 10000 5 1 74.54 
0 1 50000 1 1 74.3 
0 1 20000 2.5 1 74.39 
0 1 20000 2.5 1 74.39 
0 2 10000 5 1 43.91 
0 2 50000 1 1 43.67 
0 3 20000 2.5 1 16.59 
0 3 20000 2.5 1 16.59 
0 3 10000 5 1 16.74 
0 3 20000 2.5 1 16.59 
0 3 50000 1 1 16.5 
0 3 20000 2.5 1 16.59 
0 37 5000 10 1 95.88 
0 37 5000 10 1 95.88 
0 37 20000 2.5 1 95.43 
0 37 5000 10 1 95.88 
0 9 20000 2.5 1 310.44 
0 9 20000 2.5 1 310.44 
0 9 5000 10 1 310.89 
0 43 5000 10 1 195.48 
0 43 10000 5 1 195.18 
0 43 10000 5 1 195.18 
0 43 50000 1 1 194.94 
0 43 50000 1 1 194.94 
0 44 20000 2.5 1 185.17 
0 44 5000 10 1 185.62 
0 44 10000 5 1 185.32 
0 44 50000 1 1 185.08 
0 44 10000 5 1 185.32 
0 45 50000 1 1 187.37 
0 45 50000 1 1 187.37 
1 2 20000 2.5 1 48.77 
1 2 10000 5 1 48.92 
1 37 5000 10 1 90.03 
1 37 5000 10 1 90.03 
1 37 50000 1 1 89.49 
2 37 10000 5 1 58.37 
2 37 5000 10 1 58.67 
3 24 10000 5 1 279.56 
3 24 20000 2.5 1 279.41 
3 24 10000 5 1 279.56 
3 45 20000 2.5 1 193.93 
3 45 5000 10 1 194.38 
3 46 10000 5 1 57.74 
3 46 5000 10 1 58.04 
3 46 20000 2.5 1 57.59 
4 5 50000 1 1 23.78 
4 5 20000 2.5 1 23.87 
4 6 10000 5 1 20.83 
4 6 50000 1 1 20.59 
5 24 10000 5 1 32.27 
5 24 5000 10 1 32.57 
5 24 20000 2.5 1 32.12 
5 8 5000 10 1 9.72 
5 8 50000 1 1 9.18 
5 32 5000 10 1 45.22 
5 32 10000 5 1 44.92 
5 9 5000 10 1 18.85 
5 9 20000 2.5 1 18.4 
5 9 20000 2.5 1 18.4 
6 24 5000 10 1 17.81 
6 24 20000 2.5 1 17.36 
6 9 5000 10 1 22.14 
6 9 5000 10 1 22.14 
7 24 10000 5 1 63.46 
7 9 5000 10 1 74.7 
8 9 50000 1 1 9.19 
8 9 5000 10 1 9.73 
9 30 5000 10 1 466.32 
9 30 10000 5 1 466.02 
9 30 50000 1 1 465.78 
9 30 10000 5 1 466.02 
9 30 5000 10 1 466.32 
9 30 5000 10 1 466.32 
13 40 5000 10 1 137.4 
20 30 5000 10 1 57.98 
20 30 20000 2.5 1 57.53 
20 30 5000 10 1 57.98 
20 31 10000 5 1 41.83 
24 40 5000 10 1 543.59 
24 31 5000 10 1 476.71 
24 31 50000 1 1 476.17 
24 31 20000 2.5 1 476.26 
26 43 5000 10 1 1.48 
28 39 5000 10 1 82 
29 40 5000 10 1 129.45 
29 40 10000 5 1 129.15 
29 35 10000 5 1 56.01 
29 36 50000 1 1 427.49 
29 36 50000 1 1 427.49 
29 36 5000 10 1 428.03 
29 30 20000 2.5 1 143.75 
29 30 10000 5 1 143.9 
29 30 50000 1 1 143.66 
29 30 5000 10 1 144.2 
29 30 5000 10 1 144.2 
29 31 10000 5 1 124.95 
29 31 50000 1 1 124.71 
29 31 10000 5 1 124.95 
29 31 10000 5 1 124.95 
29 31 20000 2.5 1 124.8 
30 34 5000 10 1 183.49 
30 35 50000 1 1 148.93 
30 36 50000 1 1 455.2 
30 36 5000 10 1 455.74 
30 36 20000 2.5 1 455.29 
30 40 20000 2.5 1 265.01 
30 40 10000 5 1 265.16 
30 40 50000 1 1 264.92 
30 40 50000 1 1 264.92 
30 40 10000 5 1 265.16 
30 40 20000 2.5 1 265.01 
30 40 20000 2.5 1 265.01 
30 42 20000 2.5 1 389.47 
30 42 50000 1 1 389.38 
30 43 20000 2.5 1 418.54 
30 43 50000 1 1 418.45 
30 43 50000 1 1 418.45 
30 43 5000 10 1 418.99 
30 43 5000 10 1 418.99 
30 43 20000 2.5 1 418.54 
30 43 10000 5 1 418.69 
30 43 20000 2.5 1 418.54 
30 43 50000 1 1 418.45 
30 44 20000 2.5 1 442.52 
30 44 5000 10 1 442.97 
30 44 20000 2.5 1 442.52 
30 44 50000 1 1 442.43 
30 44 50000 1 1 442.43 
30 44 50000 1 1 442.43 
30 44 5000 10 1 442.97 
30 44 5000 10 1 442.97 
30 44 50000 1 1 442.43 
30 44 5000 10 1 442.97 
30 44 10000 5 1 442.67 
30 45 50000 1 1 386.47 
30 45 10000 5 1 386.71 
30 45 5000 10 1 387.01 
30 45 20000 2.5 1 386.56 
30 45 5000 10 1 387.01 
30 31 5000 10 1 19.87 
30 31 5000 10 1 19.87 
30 31 50000 1 1 19.33 
30 31 5000 10 1 19.87 
30 31 20000 2.5 1 19.42 
30 31 20000 2.5 1 19.42 
30 31 50000 1 1 19.33 
30 31 50000 1 1 19.33 
30 31 20000 2.5 1 19.42 
30 31 10000 5 1 19.57 
30 31 50000 1 1 19.33 
30 31 10000 5 1 19.57 
30 31 5000 10 1 19.87 
30 31 50000 1 1 19.33 
31 40 50000 1 1 247.34 
31 40 10000 5 1 247.58 
31 40 20000 2.5 1 247.43 
31 43 50000 1 1 436.42 
31 43 10000 5 1 436.66 
31 43 5000 10 1 436.96 
31 43 50000 1 1 436.42 
31 43 20000 2.5 1 436.51 
31 43 50000 1 1 436.42 
31 43 10000 5 1 436.66 
31 43 5000 10 1 436.96 
31 44 5000 10 1 461.05 
31 44 50000 1 1 460.51 
31 44 5000 10 1 461.05 
31 44 50000 1 1 460.51 
31 44 20000 2.5 1 460.6 
31 44 10000 5 1 460.75 
31 44 10000 5 1 460.75 
31 45 20000 2.5 1 403.25 
31 45 20000 2.5 1 403.25 
31 45 5000 10 1 403.7 
31 45 50000 1 1 403.16 
31 45 5000 10 1 403.7 
37 38 50000 1 1 18.16 
37 43 5000 10 1 117.41 
37 43 20000 2.5 1 116.96 
37 43 10000 5 1 117.11 
37 43 5000 10 1 117.41 
37 43 50000 1 1 116.87 
37 44 20000 2.5 1 99.91 
37 44 10000 5 1 100.06 
37 44 5000 10 1 100.36 
37 44 20000 2.5 1 99.91 
37 44 20000 2.5 1 99.91 
37 46 50000 1 1 64.62 
37 46 10000 5 1 64.86 
37 46 50000 1 1 64.62 
38 44 50000 1 1 110.6 
39 40 50000 1 1 15.86 
39 40 20000 2.5 1 15.95 
40 41 5000 10 1 45.3 
40 41 20000 2.5 1 44.85 
40 41 50000 1 1 44.76 
40 41 50000 1 1 44.76 
40 41 50000 1 1 44.76 
42 43 5000 10 1 598.16 
42 43 50000 1 1 597.62 
42 43 5000 10 1 598.16 
43 44 10000 5 1 24.9 
43 44 5000 10 1 25.2 
43 44 50000 1 1 24.66 
43 44 20000 2.5 1 24.75 
43 45 10000 5 1 57.35 
43 45 20000 2.5 1 57.2 
43 45 50000 1 1 57.11 
43 45 5000 10 1 57.65 
43 46 5000 10 1 148.78 
43 46 50000 1 1 148.24 
43 46 5000 10 1 148.78 
45 46 10000 5 1 140.1 
45 46 10000 5 1 140.1 
45 46 5000 10 1 140.4 
1 0 20000 2.5 1 74.39 
2 0 50000 1 1 43.67 
3 0 20000 2.5 1 16.59 
37 0 5000 10 1 95.88 
9 0 5000 10 1 310.89 
43 0 50000 1 1 194.94 
44 0 10000 5 1 185.32 
45 0 50000 1 1 187.37 
2 1 10000 5 1 48.92 
37 1 50000 1 1 89.49 
37 2 5000 10 1 58.67 
24 3 10000 5 1 279.56 
45 3 5000 10 1 194.38 
46 3 20000 2.5 1 57.59 
5 4 20000 2.5 1 23.87 
6 4 50000 1 1 20.59 
24 5 20000 2.5 1 32.12 
8 5 50000 1 1 9.18 
32 5 10000 5 1 44.92 
9 5 20000 2.5 1 18.4 
24 6 20000 2.5 1 17.36 
9 6 5000 10 1 22.14 
24 7 10000 5 1 63.46 
9 7 5000 10 1 74.7 
9 8 5000 10 1 9.73 
30 9 5000 10 1 466.32 
40 13 5000 10 1 137.4 
30 20 5000 10 1 57.98 
31 20 10000 5 1 41.83 
40 24 5000 10 1 543.59 
31 24 20000 2.5 1 476.26 
43 26 5000 10 1 1.48 
39 28 5000 10 1 82 
40 29 10000 5 1 129.15 
35 29 10000 5 1 56.01 
36 29 5000 10 1 428.03 
30 29 5000 10 1 144.2 
31 29 20000 2.5 1 124.8 
34 30 5000 10 1 183.49 
35 30 50000 1 1 148.93 
36 30 20000 2.5 1 455.29 
40 30 20000 2.5 1 265.01 
42 30 50000 1 1 389.38 
43 30 50000 1 1 418.45 
44 30 10000 5 1 442.67 
45 30 5000 10 1 387.01 
31 30 50000 1 1 19.33 
40 31 20000 2.5 1 247.43 
43 31 5000 10 1 436.96 
44 31 10000 5 1 460.75 
45 31 5000 10 1 403.7 
38 37 50000 1 1 18.16 
43 37 50000 1 1 116.87 
44 37 20000 2.5 1 99.91 
46 37 50000 1 1 64.62 
44 38 50000 1 1 110.6 
40 39 20000 2.5 1 15.95 
41 40 50000 1 1 44.76 
43 42 5000 10 1 598.16 
44 43 20000 2.5 1 24.75 
45 43 5000 10 1 57.65 
46 43 5000 10 1 148.78 
46 45 5000 10 1 140.4 
4 20 500 23.11 
4 43 1000 12.6 
6 45 1000 15.62 
4 5 50 269.2 
8 24 50 676.84 
29 36 100 202.39 
9 46 100 65.48 
24 38 1000 41.23 
30 8 100 80.48 
36 2 100 25.35 
2 1 500 35.81 
4 37 500 29.83 
36 45 100 90.91 
4 29 100 23.18 
42 5 1000 98.66 
3 20 50 27.7 
9 7 500 194.57 
3 2 500 84.02 
45 38 500 56.14 
42 0 50 50.97 
43 42 500 145.04 
6 30 50 169.19 
24 6 500 268.99 
43 45 50 24.27 
40 3 1000 27.68 
3 24 500 59.22 
31 46 500 24.39 
4 40 50 20.3 
31 43 100 55.85 
46 38 1000 112.87 
8 37 1000 21.77 
24 31 1000 180.38 
6 42 50 123.8 
30 24 1000 145.57 
3 38 50 41.71 
35 43 100 60.24 
31 40 1000 517.53 
1 40 50 10.31 
20 7 100 32.06 
37 4 50 29.83 
2 45 1000 32.04 
31 36 50 506.09 
2 43 1000 54.71 
8 1 1000 41.29 
43 38 500 58.55 
42 29 100 62.3 
5 20 1000 106.86 
35 24 50 41.16 
4 30 50 91.96 
35 45 500 57.65 
4 46 50 44.5 
44 31 50 57.93 
38 5 500 24.54 
44 43 500 43.62 
46 9 100 65.48 
36 0 50 19.8 
7 35 1000 21.58 
3 45 50 76.36 
1 8 50 41.29 
36 29 500 202.39 
8 45 500 18.86 
40 35 50 704.49 
7 2 1000 42.42 
30 40 50 96.16 
42 44 100 84.76 
43 29 50 74 
6 40 100 42.98 
46 6 500 61.76 
1 4 50 35.73 
29 40 500 652.45 
29 3 1000 25.85 
20 30 500 138.2 
40 7 500 36.6 
8 36 50 48.51 
38 46 500 112.87 
36 1 50 15.99 
9 29 100 48.91 
0 38 1000 52.93 
7 24 1000 194.57 
1 6 1000 52.18 
36 5 500 34.94 
9 4 1000 287.7 
40 36 1000 656.26 
45 4 1000 11.99 
24 37 1000 41.23 
38 42 500 34.95 
30 43 50 85.47 
38 24 1000 41.23 
29 45 50 90.91 
29 30 500 202.39 
35 9 50 39.76 
9 38 50 41.06 
6 7 50 242.73 
9 36 100 41.23 
44 35 500 67.11 
38 0 1000 52.93 
40 31 100 517.53 
8 29 1000 19.67 
29 37 100 13.07 
29 9 100 48.91 
5 44 1000 19.11 
3 31 1000 23.57 
6 9 1000 153.37 
31 0 100 10.76 
31 37 50 28.85 
0 2 500 71.41 
44 0 500 57.79 
43 3 50 71.2 
40 46 500 30.96 
37 29 500 13.07 
35 1 50 15.06 
6 3 1000 157.51 
40 9 500 64.31 
1 46 100 140.46 
5 35 500 48.89 
35 42 1000 60.17 
5 8 500 157.2 
31 3 500 23.57 
35 4 1000 28.97 
1 5 50 73.46 
7 45 1000 13.08 
9 43 500 20.29 
35 46 1000 26.74 
36 31 100 506.09 
42 20 1000 84.02 
31 8 100 128.36 
5 7 50 249.19 
37 20 1000 12.79 
42 24 1000 49.27 
45 44 1000 33.34 
8 46 500 45.03 
7 29 500 29.77 
1 0 500 36.64 
4 44 500 10.11 
45 29 50 90.91 
3 42 50 71.2 
42 31 500 233.24 
3 1 1000 125.31 
24 29 1000 31.62 
40 43 50 25.47 
31 38 50 48.92 
3 9 500 201.03 
9 45 50 44.08 
44 45 500 33.34 
36 46 1000 27.78 
31 24 500 180.38 
1 3 1000 125.31 
46 31 1000 24.39 
37 45 100 56.75 
4 7 50 751.61 
45 46 1000 68 
46 36 100 27.78 
35 44 1000 67.11 
45 31 1000 109.27 
46 3 500 41.71 
20 42 100 84.02 
45 20 500 192.03 
30 3 100 17.55 
30 46 50 29.07 
3 36 500 17.55 
37 43 1000 55.11 
40 37 1000 17.49 
44 46 50 57.35 
46 30 500 29.07 
8 7 1000 750.54 
9 24 100 194.57 
30 6 1000 169.19 
45 5 100 33.92 
44 40 50 30.03 
8 5 500 157.2 
2 42 500 54.71 
36 44 100 38.37 
38 29 1000 20.52 
9 5 500 157.2 
1 30 50 15.99 
5 40 100 34.03 
1 2 100 35.81 
8 3 50 159.76 
36 8 100 48.51 
42 8 1000 80.48 
0 43 500 50.97 
9 42 500 111.78 
20 36 50 299.64 
38 8 1000 21.77 
29 42 500 62.3 
9 2 500 42.92 
20 8 500 31.67 
24 42 500 49.27 
24 44 1000 24.06 
0 1 50 36.64 
45 24 500 14.61 
31 29 500 331.2 
44 37 100 65.13 
45 40 50 42.61 
36 3 50 17.55 
46 43 1000 75.85 
31 42 500 233.24 
36 37 50 50.9 
1 38 500 62.97 
30 37 500 50.9 
37 24 50 41.23 
38 44 1000 65.13 
45 35 100 57.65 
44 3 1000 68 
45 42 50 78.23 
5 24 500 239.5 
42 46 1000 63.73 
44 4 500 10.11 
43 8 1000 14.29 
38 2 1000 53.39 
2 8 50 55.1 
43 44 1000 43.62 
2 38 100 53.39 
45 2 50 32.04 
5 3 50 165.41 
2 20 100 13.12 
20 37 100 12.79 
29 5 50 32.28 
43 24 1000 31.55 
35 31 50 377.77 
4 6 100 269.2 
40 30 50 96.16 
38 1 1000 62.97 
6 43 50 16 
42 7 500 110.18 
30 2 1000 25.35 
1 20 100 9.19 
8 4 50 676.65 
40 0 1000 10.67 
37 40 500 17.49 
40 38 500 1.78 
3 29 500 25.85 
9 3 1000 201.03 
9 1 1000 75.63 
31 9 100 136.43 
31 7 50 80.48 
4 3 100 155.81 
6 2 100 63.3 
30 9 100 198.89 
37 0 100 72.79 
2 36 50 25.35 
8 42 500 80.48 
38 35 50 13.37 
31 5 1000 169.19 
1 7 1000 29.7 
46 24 1000 40.72 
44 38 1000 65.13 
38 7 100 11.02 
2 9 500 42.92 
2 29 1000 14.4 
5 1 100 73.46 
6 20 50 88.56 
3 30 50 17.55 
44 7 500 19.01 
36 42 1000 140.44 
42 38 1000 34.95 
40 44 50 30.03 
38 9 50 41.06 
6 29 100 38.84 
29 46 50 14.29 
29 24 100 31.62 
37 2 100 71.41 
8 0 50 161.65 
0 4 50 154.28 
6 46 500 61.76 
43 9 50 20.29 
43 31 500 55.85 
0 36 1000 19.8 
44 2 1000 44.06 
44 9 100 14.3 
3 6 1000 157.51 
45 37 1000 56.75 
45 3 1000 76.36 
44 5 1000 19.11 
30 44 100 91.08 
38 3 1000 41.71 
0 46 50 41.62 
40 5 500 34.03 
5 4 500 269.2 
43 20 100 217.7 
30 38 1000 54.89 
20 1 1000 9.19 
30 1 500 15.99 
5 6 50 269.2 
45 1 50 51.93 
42 43 500 145.04 
20 5 1000 106.86 
5 29 50 32.28 
30 35 100 202.39 
29 8 100 19.67 
43 4 100 12.6 
1 31 100 12.25 
20 35 50 519.6 
6 44 1000 20.92 
43 36 50 59.36 
3 7 100 201.5 
9 37 50 41.06 
0 42 500 50.97 
43 1 100 31.88 
42 45 50 78.23 
2 30 1000 25.35 
35 40 500 704.49 
38 31 1000 48.92 
43 5 100 7.28 
37 31 500 28.85 
46 40 100 30.96 
2 3 500 84.02 
24 43 50 31.55 
24 46 1000 40.72 
37 42 50 39.98 
31 45 500 109.27 
20 2 50 13.12 
2 5 500 44.29 
42 9 100 111.78 
29 43 1000 74 
5 45 50 33.92 
43 46 1000 75.85 
42 40 100 34.48 
4 36 500 48.17 
45 43 1000 24.27 
29 31 100 331.2 
42 37 50 39.98 
8 31 100 128.36 
1 37 1000 36.64 
24 7 100 194.57 
1 44 100 44.19 
37 44 1000 65.13 
46 1 50 140.46 
30 42 100 145.04 
6 0 500 120.32 
5 31 100 169.19 
20 3 50 27.7 
38 36 50 54.89 
43 2 500 54.71 
45 7 50 13.08 
30 36 1000 202.39 
20 45 50 192.03 
31 1 50 12.25 
46 37 500 111.57 
44 42 100 84.76 
31 2 100 22.42 
3 44 50 68 
8 9 1000 157.2 
6 31 500 133.38 
43 0 50 50.97 
38 40 100 1.78 
37 1 500 36.64 
40 2 100 15.34 
44 8 50 11.67 
40 45 50 42.61 
1 42 1000 31.88 
40 29 50 652.45 
37 8 500 21.77 
36 24 500 59 
46 0 100 41.62 
35 3 100 15.19 
43 30 500 85.47 
42 36 1000 140.44 
37 7 50 11.02 
4 31 50 83.08 
44 29 500 69.74 
8 44 50 11.67 
30 5 50 143.41 
30 31 1000 138.2 
24 3 500 59.22 
40 1 50 10.31 
38 43 100 58.55 
46 5 500 31.22 
4 24 1000 269.96 
30 0 500 19.8 
45 0 50 71.85 
0 24 500 201.03 
46 45 1000 68 
1 9 1000 75.63 
0 29 100 19.91 
30 45 500 83.9 
20 40 50 702.3 
20 43 500 217.7 
46 4 100 44.5 
38 6 100 6.46 
5 42 100 98.66 
24 4 500 269.96 
2 4 100 58.2 
24 45 500 14.61 
3 8 50 159.76 
9 40 100 64.31 
0 44 50 57.79 
3 37 100 49.63 
8 30 1000 80.48 
43 40 100 25.47 
5 36 50 34.94 
42 35 1000 60.17 
36 40 50 656.26 
0 37 100 72.79 
3 0 100 41.71 
24 2 1000 58.26 
2 24 500 58.26 
38 30 500 54.89 
20 46 500 14.29 
24 9 500 194.57 
8 43 50 14.29 
1 24 1000 57.43 
37 5 500 24.54 
3 4 1000 155.81 
9 30 100 198.89 
0 30 500 19.8 
30 29 100 202.39 
24 8 500 676.84 
4 9 50 287.7 
42 3 1000 71.2 
35 30 500 202.39 
24 30 1000 145.57 
42 30 50 145.04 
44 30 100 91.08 
24 35 100 41.16 
46 2 1000 94.05 
5 9 50 157.2 
5 30 1000 143.41 
1 29 500 8.15 
38 4 500 29.83 
0 6 100 120.32 
42 2 1000 54.71 
43 35 50 60.24 
6 35 500 20.49 
44 1 500 44.19 
0 7 50 171.8 
5 0 1000 109.3 
0 40 500 10.67 
20 31 500 138.2 
20 0 500 21.3 
45 9 100 44.08 
6 37 50 6.46 
6 8 1000 653.97 
0 45 500 71.85 
2 46 1000 94.05 
40 42 50 34.48 
44 36 100 38.37 
43 7 50 18.66 
44 24 100 24.06 
31 44 100 57.93 
4 42 100 91.96 
37 36 500 50.9 
20 44 100 186.36 
46 42 500 63.73 
38 45 500 56.14 
6 4 1000 269.2 
45 30 500 83.9 
0 9 500 59.22 
20 9 500 249.16 
9 0 500 59.22 
35 0 100 16.93 
5 37 1000 24.54 
2 44 50 44.06 
20 29 1000 586.12 
29 44 50 69.74 
29 0 50 19.91 
42 4 50 91.96 
6 1 100 52.18 
24 5 500 239.5 
46 29 500 14.29 
9 35 50 39.76 
2 0 100 71.41 
43 37 100 55.11 
24 0 1000 201.03 
37 9 50 41.06 
8 6 50 653.97 
4 45 100 11.99 
24 36 50 59 
4 0 500 154.28 
30 7 100 110.18 
1 43 50 31.88 
5 43 1000 7.28 
45 36 1000 90.91 
24 40 100 31.45 
4 1 500 35.73 
4 8 100 676.65 
6 36 1000 55.47 
42 1 500 31.88 
6 5 1000 269.2 
3 46 500 41.71 
37 30 50 50.9 
9 44 500 14.3 
2 40 100 15.34 
37 3 500 49.63 
0 5 50 109.3 
36 9 100 41.23 
6 24 1000 268.99 
2 31 50 22.42 
37 46 500 111.57 
2 37 500 71.41 
46 44 500 57.35 
31 30 50 138.2 
8 40 100 30.45 
3 43 1000 71.2 
35 37 50 13.37 
1 36 500 15.99 
0 3 500 41.71 
1 45 100 51.93 
0 31 100 10.76 
3 40 1000 27.68 
31 35 100 377.77 
9 31 50 136.43 
24 1 1000 57.43 
36 43 100 59.36 
