47 279 168 
0 1 10000 5 1 74.54 
0 1 50000 1 1 74.3 
0 1 20000 2.5 1 74.39 
0 1 20000 2.5 1 74.39 
0 2 10000 5 1 43.91 
0 2 50000 1 1 43.67 
0 3 20000 2.5 1 16.59 
0 3 20000 2.5 1 16.59 
0 3 10000 5 1 16.74 
0 3 20000 2.5 1 16.59 
0 3 50000 1 1 16.5 
0 3 20000 2.5 1 16.59 
0 37 5000 10 1 95.88 
0 37 5000 10 1 95.88 
0 37 20000 2.5 1 95.43 
0 37 5000 10 1 95.88 
0 9 20000 2.5 1 310.44 
0 9 20000 2.5 1 310.44 
0 9 5000 10 1 310.89 
0 43 5000 10 1 195.48 
0 43 10000 5 1 195.18 
0 43 10000 5 1 195.18 
0 43 50000 1 1 194.94 
0 43 50000 1 1 194.94 
0 44 20000 2.5 1 185.17 
0 44 5000 10 1 185.62 
0 44 10000 5 1 185.32 
0 44 50000 1 1 185.08 
0 44 10000 5 1 185.32 
0 45 50000 1 1 187.37 
0 45 50000 1 1 187.37 
1 2 20000 2.5 1 48.77 
1 2 10000 5 1 48.92 
1 37 5000 10 1 90.03 
1 37 5000 10 1 90.03 
1 37 50000 1 1 89.49 
2 37 10000 5 1 58.37 
2 37 5000 10 1 58.67 
3 24 10000 5 1 279.56 
3 24 20000 2.5 1 279.41 
3 24 10000 5 1 279.56 
3 45 20000 2.5 1 193.93 
3 45 5000 10 1 194.38 
3 46 10000 5 1 57.74 
3 46 5000 10 1 58.04 
3 46 20000 2.5 1 57.59 
4 5 50000 1 1 23.78 
4 5 20000 2.5 1 23.87 
4 6 10000 5 1 20.83 
4 6 50000 1 1 20.59 
5 24 10000 5 1 32.27 
5 24 5000 10 1 32.57 
5 24 20000 2.5 1 32.12 
5 8 5000 10 1 9.72 
5 8 50000 1 1 9.18 
5 32 5000 10 1 45.22 
5 32 10000 5 1 44.92 
5 9 5000 10 1 18.85 
5 9 20000 2.5 1 18.4 
5 9 20000 2.5 1 18.4 
6 24 5000 10 1 17.81 
6 24 20000 2.5 1 17.36 
6 9 5000 10 1 22.14 
6 9 5000 10 1 22.14 
7 24 10000 5 1 63.46 
7 9 5000 10 1 74.7 
8 9 50000 1 1 9.19 
8 9 5000 10 1 9.73 
9 30 5000 10 1 466.32 
9 30 10000 5 1 466.02 
9 30 50000 1 1 465.78 
9 30 10000 5 1 466.02 
9 30 5000 10 1 466.32 
9 30 5000 10 1 466.32 
13 40 5000 10 1 137.4 
20 30 5000 10 1 57.98 
20 30 20000 2.5 1 57.53 
20 30 5000 10 1 57.98 
20 31 10000 5 1 41.83 
24 40 5000 10 1 543.59 
24 31 5000 10 1 476.71 
24 31 50000 1 1 476.17 
24 31 20000 2.5 1 476.26 
26 43 5000 10 1 1.48 
28 39 5000 10 1 82 
29 40 5000 10 1 129.45 
29 40 10000 5 1 129.15 
29 35 10000 5 1 56.01 
29 36 50000 1 1 427.49 
29 36 50000 1 1 427.49 
29 36 5000 10 1 428.03 
29 30 20000 2.5 1 143.75 
29 30 10000 5 1 143.9 
29 30 50000 1 1 143.66 
29 30 5000 10 1 144.2 
29 30 5000 10 1 144.2 
29 31 10000 5 1 124.95 
29 31 50000 1 1 124.71 
29 31 10000 5 1 124.95 
29 31 10000 5 1 124.95 
29 31 20000 2.5 1 124.8 
30 34 5000 10 1 183.49 
30 35 50000 1 1 148.93 
30 36 50000 1 1 455.2 
30 36 5000 10 1 455.74 
30 36 20000 2.5 1 455.29 
30 40 20000 2.5 1 265.01 
30 40 10000 5 1 265.16 
30 40 50000 1 1 264.92 
30 40 50000 1 1 264.92 
30 40 10000 5 1 265.16 
30 40 20000 2.5 1 265.01 
30 40 20000 2.5 1 265.01 
30 42 20000 2.5 1 389.47 
30 42 50000 1 1 389.38 
30 43 20000 2.5 1 418.54 
30 43 50000 1 1 418.45 
30 43 50000 1 1 418.45 
30 43 5000 10 1 418.99 
30 43 5000 10 1 418.99 
30 43 20000 2.5 1 418.54 
30 43 10000 5 1 418.69 
30 43 20000 2.5 1 418.54 
30 43 50000 1 1 418.45 
30 44 20000 2.5 1 442.52 
30 44 5000 10 1 442.97 
30 44 20000 2.5 1 442.52 
30 44 50000 1 1 442.43 
30 44 50000 1 1 442.43 
30 44 50000 1 1 442.43 
30 44 5000 10 1 442.97 
30 44 5000 10 1 442.97 
30 44 50000 1 1 442.43 
30 44 5000 10 1 442.97 
30 44 10000 5 1 442.67 
30 45 50000 1 1 386.47 
30 45 10000 5 1 386.71 
30 45 5000 10 1 387.01 
30 45 20000 2.5 1 386.56 
30 45 5000 10 1 387.01 
30 31 5000 10 1 19.87 
30 31 5000 10 1 19.87 
30 31 50000 1 1 19.33 
30 31 5000 10 1 19.87 
30 31 20000 2.5 1 19.42 
30 31 20000 2.5 1 19.42 
30 31 50000 1 1 19.33 
30 31 50000 1 1 19.33 
30 31 20000 2.5 1 19.42 
30 31 10000 5 1 19.57 
30 31 50000 1 1 19.33 
30 31 10000 5 1 19.57 
30 31 5000 10 1 19.87 
30 31 50000 1 1 19.33 
31 40 50000 1 1 247.34 
31 40 10000 5 1 247.58 
31 40 20000 2.5 1 247.43 
31 43 50000 1 1 436.42 
31 43 10000 5 1 436.66 
31 43 5000 10 1 436.96 
31 43 50000 1 1 436.42 
31 43 20000 2.5 1 436.51 
31 43 50000 1 1 436.42 
31 43 10000 5 1 436.66 
31 43 5000 10 1 436.96 
31 44 5000 10 1 461.05 
31 44 50000 1 1 460.51 
31 44 5000 10 1 461.05 
31 44 50000 1 1 460.51 
31 44 20000 2.5 1 460.6 
31 44 10000 5 1 460.75 
31 44 10000 5 1 460.75 
31 45 20000 2.5 1 403.25 
31 45 20000 2.5 1 403.25 
31 45 5000 10 1 403.7 
31 45 50000 1 1 403.16 
31 45 5000 10 1 403.7 
37 38 50000 1 1 18.16 
37 43 5000 10 1 117.41 
37 43 20000 2.5 1 116.96 
37 43 10000 5 1 117.11 
37 43 5000 10 1 117.41 
37 43 50000 1 1 116.87 
37 44 20000 2.5 1 99.91 
37 44 10000 5 1 100.06 
37 44 5000 10 1 100.36 
37 44 20000 2.5 1 99.91 
37 44 20000 2.5 1 99.91 
37 46 50000 1 1 64.62 
37 46 10000 5 1 64.86 
37 46 50000 1 1 64.62 
38 44 50000 1 1 110.6 
39 40 50000 1 1 15.86 
39 40 20000 2.5 1 15.95 
40 41 5000 10 1 45.3 
40 41 20000 2.5 1 44.85 
40 41 50000 1 1 44.76 
40 41 50000 1 1 44.76 
40 41 50000 1 1 44.76 
42 43 5000 10 1 598.16 
42 43 50000 1 1 597.62 
42 43 5000 10 1 598.16 
43 44 10000 5 1 24.9 
43 44 5000 10 1 25.2 
43 44 50000 1 1 24.66 
43 44 20000 2.5 1 24.75 
43 45 10000 5 1 57.35 
43 45 20000 2.5 1 57.2 
43 45 50000 1 1 57.11 
43 45 5000 10 1 57.65 
43 46 5000 10 1 148.78 
43 46 50000 1 1 148.24 
43 46 5000 10 1 148.78 
45 46 10000 5 1 140.1 
45 46 10000 5 1 140.1 
45 46 5000 10 1 140.4 
1 0 20000 2.5 1 74.39 
2 0 50000 1 1 43.67 
3 0 20000 2.5 1 16.59 
37 0 5000 10 1 95.88 
9 0 5000 10 1 310.89 
43 0 50000 1 1 194.94 
44 0 10000 5 1 185.32 
45 0 50000 1 1 187.37 
2 1 10000 5 1 48.92 
37 1 50000 1 1 89.49 
37 2 5000 10 1 58.67 
24 3 10000 5 1 279.56 
45 3 5000 10 1 194.38 
46 3 20000 2.5 1 57.59 
5 4 20000 2.5 1 23.87 
6 4 50000 1 1 20.59 
24 5 20000 2.5 1 32.12 
8 5 50000 1 1 9.18 
32 5 10000 5 1 44.92 
9 5 20000 2.5 1 18.4 
24 6 20000 2.5 1 17.36 
9 6 5000 10 1 22.14 
24 7 10000 5 1 63.46 
9 7 5000 10 1 74.7 
9 8 5000 10 1 9.73 
30 9 5000 10 1 466.32 
40 13 5000 10 1 137.4 
30 20 5000 10 1 57.98 
31 20 10000 5 1 41.83 
40 24 5000 10 1 543.59 
31 24 20000 2.5 1 476.26 
43 26 5000 10 1 1.48 
39 28 5000 10 1 82 
40 29 10000 5 1 129.15 
35 29 10000 5 1 56.01 
36 29 5000 10 1 428.03 
30 29 5000 10 1 144.2 
31 29 20000 2.5 1 124.8 
34 30 5000 10 1 183.49 
35 30 50000 1 1 148.93 
36 30 20000 2.5 1 455.29 
40 30 20000 2.5 1 265.01 
42 30 50000 1 1 389.38 
43 30 50000 1 1 418.45 
44 30 10000 5 1 442.67 
45 30 5000 10 1 387.01 
31 30 50000 1 1 19.33 
40 31 20000 2.5 1 247.43 
43 31 5000 10 1 436.96 
44 31 10000 5 1 460.75 
45 31 5000 10 1 403.7 
38 37 50000 1 1 18.16 
43 37 50000 1 1 116.87 
44 37 20000 2.5 1 99.91 
46 37 50000 1 1 64.62 
44 38 50000 1 1 110.6 
40 39 20000 2.5 1 15.95 
41 40 50000 1 1 44.76 
43 42 5000 10 1 598.16 
44 43 20000 2.5 1 24.75 
45 43 5000 10 1 57.65 
46 43 5000 10 1 148.78 
46 45 5000 10 1 140.4 
4 20 500 265.76 
4 43 1000 23.32 
6 45 1000 59.37 
4 5 50 381.86 
8 24 50 811.53 
29 36 100 331.48 
9 46 100 145.22 
24 38 1000 109.23 
30 8 100 272.7 
36 2 100 59.03 
2 1 500 86.72 
4 37 500 61.59 
36 45 100 205.98 
4 29 100 83.16 
42 5 1000 125.15 
3 20 50 40.53 
9 7 500 248.02 
3 2 500 128.04 
45 38 500 125.77 
42 0 50 166.75 
43 42 500 211.22 
6 30 50 291.75 
24 6 500 369.09 
43 45 50 80.31 
40 3 1000 55.38 
3 24 500 138.96 
31 46 500 80.66 
4 40 50 62.33 
31 43 100 126.92 
46 38 1000 175.17 
8 37 1000 69.28 
24 31 1000 291.25 
6 42 50 174.45 
30 24 1000 196.34 
3 38 50 128.78 
35 43 100 224.75 
31 40 1000 595.19 
1 40 50 23.51 
20 7 100 285.98 
37 4 50 61.59 
2 45 1000 98.53 
31 36 50 673.99 
2 43 1000 128.91 
8 1 1000 110.26 
43 38 500 141.8 
42 29 100 235.06 
5 20 1000 300.36 
35 24 50 251.71 
4 30 50 288.47 
35 45 500 235.81 
4 46 50 93.34 
44 31 50 125.38 
38 5 500 82.79 
44 43 500 86.98 
46 9 100 145.22 
36 0 50 42.56 
7 35 1000 69.71 
3 45 50 180.41 
1 8 50 110.26 
36 29 500 331.48 
8 45 500 64.62 
40 35 50 779.99 
7 2 1000 91.43 
30 40 50 228.06 
42 44 100 149.19 
43 29 50 226.31 
6 40 100 80.3 
46 6 500 125.8 
1 4 50 105.17 
29 40 500 719.25 
29 3 1000 37.57 
20 30 500 297.28 
40 7 500 72.58 
8 36 50 87.86 
38 46 500 175.17 
36 1 50 42.07 
9 29 100 141.73 
0 38 1000 128.78 
7 24 1000 248.02 
1 6 1000 110.98 
36 5 500 102.23 
9 4 1000 407.18 
40 36 1000 769.93 
45 4 1000 54.62 
24 37 1000 109.23 
38 42 500 70.84 
30 43 50 137.89 
38 24 1000 109.23 
29 45 50 243.22 
29 30 500 331.48 
35 9 50 109.22 
9 38 50 108.76 
6 7 50 354.87 
9 36 100 112.91 
44 35 500 215.6 
38 0 1000 128.78 
40 31 100 595.19 
8 29 1000 85.72 
29 37 100 50.98 
29 9 100 141.73 
5 44 1000 34.71 
3 31 1000 39.68 
6 9 1000 233.85 
31 0 100 36.17 
31 37 50 110.98 
0 2 500 142.13 
44 0 500 237.69 
43 3 50 209.31 
40 46 500 46.56 
37 29 500 50.98 
35 1 50 29.65 
6 3 1000 244.64 
40 9 500 128.77 
1 46 100 180.96 
5 35 500 124.44 
35 42 1000 233.85 
5 8 500 224.6 
31 3 500 39.68 
35 4 1000 80.41 
1 5 50 106.44 
7 45 1000 42.78 
9 43 500 36.71 
35 46 1000 50.92 
36 31 100 673.99 
42 20 1000 283.03 
31 8 100 305.39 
5 7 50 354.87 
37 20 1000 70.32 
42 24 1000 94.69 
45 44 1000 71.68 
8 46 500 106.37 
7 29 500 79.97 
1 0 500 99.57 
4 44 500 31.54 
45 29 50 243.22 
3 42 50 166.66 
42 31 500 310.41 
3 1 1000 167.27 
24 29 1000 220.84 
40 43 50 123.62 
31 38 50 137.19 
3 9 500 251.63 
9 45 50 85.26 
44 45 500 71.68 
36 46 1000 69.05 
31 24 500 291.25 
1 3 1000 167.27 
46 31 1000 80.66 
37 45 100 136.49 
4 7 50 844.22 
45 46 1000 151.64 
46 36 100 69.05 
35 44 1000 215.6 
45 31 1000 176.95 
46 3 500 103.72 
20 42 100 283.03 
45 20 500 232.78 
30 3 100 43.14 
30 46 50 88.88 
3 36 500 43.14 
37 43 1000 161.33 
40 37 1000 35.66 
44 46 50 161.51 
46 30 500 88.88 
8 7 1000 879.6 
9 24 100 248.02 
30 6 1000 291.75 
45 5 100 70.5 
