47 279 504 
0 1 10000 5 1 74.54 
0 1 50000 1 1 74.3 
0 1 20000 2.5 1 74.39 
0 1 20000 2.5 1 74.39 
0 2 10000 5 1 43.91 
0 2 50000 1 1 43.67 
0 3 20000 2.5 1 16.59 
0 3 20000 2.5 1 16.59 
0 3 10000 5 1 16.74 
0 3 20000 2.5 1 16.59 
0 3 50000 1 1 16.5 
0 3 20000 2.5 1 16.59 
0 37 5000 10 1 95.88 
0 37 5000 10 1 95.88 
0 37 20000 2.5 1 95.43 
0 37 5000 10 1 95.88 
0 9 20000 2.5 1 310.44 
0 9 20000 2.5 1 310.44 
0 9 5000 10 1 310.89 
0 43 5000 10 1 195.48 
0 43 10000 5 1 195.18 
0 43 10000 5 1 195.18 
0 43 50000 1 1 194.94 
0 43 50000 1 1 194.94 
0 44 20000 2.5 1 185.17 
0 44 5000 10 1 185.62 
0 44 10000 5 1 185.32 
0 44 50000 1 1 185.08 
0 44 10000 5 1 185.32 
0 45 50000 1 1 187.37 
0 45 50000 1 1 187.37 
1 2 20000 2.5 1 48.77 
1 2 10000 5 1 48.92 
1 37 5000 10 1 90.03 
1 37 5000 10 1 90.03 
1 37 50000 1 1 89.49 
2 37 10000 5 1 58.37 
2 37 5000 10 1 58.67 
3 24 10000 5 1 279.56 
3 24 20000 2.5 1 279.41 
3 24 10000 5 1 279.56 
3 45 20000 2.5 1 193.93 
3 45 5000 10 1 194.38 
3 46 10000 5 1 57.74 
3 46 5000 10 1 58.04 
3 46 20000 2.5 1 57.59 
4 5 50000 1 1 23.78 
4 5 20000 2.5 1 23.87 
4 6 10000 5 1 20.83 
4 6 50000 1 1 20.59 
5 24 10000 5 1 32.27 
5 24 5000 10 1 32.57 
5 24 20000 2.5 1 32.12 
5 8 5000 10 1 9.72 
5 8 50000 1 1 9.18 
5 32 5000 10 1 45.22 
5 32 10000 5 1 44.92 
5 9 5000 10 1 18.85 
5 9 20000 2.5 1 18.4 
5 9 20000 2.5 1 18.4 
6 24 5000 10 1 17.81 
6 24 20000 2.5 1 17.36 
6 9 5000 10 1 22.14 
6 9 5000 10 1 22.14 
7 24 10000 5 1 63.46 
7 9 5000 10 1 74.7 
8 9 50000 1 1 9.19 
8 9 5000 10 1 9.73 
9 30 5000 10 1 466.32 
9 30 10000 5 1 466.02 
9 30 50000 1 1 465.78 
9 30 10000 5 1 466.02 
9 30 5000 10 1 466.32 
9 30 5000 10 1 466.32 
13 40 5000 10 1 137.4 
20 30 5000 10 1 57.98 
20 30 20000 2.5 1 57.53 
20 30 5000 10 1 57.98 
20 31 10000 5 1 41.83 
24 40 5000 10 1 543.59 
24 31 5000 10 1 476.71 
24 31 50000 1 1 476.17 
24 31 20000 2.5 1 476.26 
26 43 5000 10 1 1.48 
28 39 5000 10 1 82 
29 40 5000 10 1 129.45 
29 40 10000 5 1 129.15 
29 35 10000 5 1 56.01 
29 36 50000 1 1 427.49 
29 36 50000 1 1 427.49 
29 36 5000 10 1 428.03 
29 30 20000 2.5 1 143.75 
29 30 10000 5 1 143.9 
29 30 50000 1 1 143.66 
29 30 5000 10 1 144.2 
29 30 5000 10 1 144.2 
29 31 10000 5 1 124.95 
29 31 50000 1 1 124.71 
29 31 10000 5 1 124.95 
29 31 10000 5 1 124.95 
29 31 20000 2.5 1 124.8 
30 34 5000 10 1 183.49 
30 35 50000 1 1 148.93 
30 36 50000 1 1 455.2 
30 36 5000 10 1 455.74 
30 36 20000 2.5 1 455.29 
30 40 20000 2.5 1 265.01 
30 40 10000 5 1 265.16 
30 40 50000 1 1 264.92 
30 40 50000 1 1 264.92 
30 40 10000 5 1 265.16 
30 40 20000 2.5 1 265.01 
30 40 20000 2.5 1 265.01 
30 42 20000 2.5 1 389.47 
30 42 50000 1 1 389.38 
30 43 20000 2.5 1 418.54 
30 43 50000 1 1 418.45 
30 43 50000 1 1 418.45 
30 43 5000 10 1 418.99 
30 43 5000 10 1 418.99 
30 43 20000 2.5 1 418.54 
30 43 10000 5 1 418.69 
30 43 20000 2.5 1 418.54 
30 43 50000 1 1 418.45 
30 44 20000 2.5 1 442.52 
30 44 5000 10 1 442.97 
30 44 20000 2.5 1 442.52 
30 44 50000 1 1 442.43 
30 44 50000 1 1 442.43 
30 44 50000 1 1 442.43 
30 44 5000 10 1 442.97 
30 44 5000 10 1 442.97 
30 44 50000 1 1 442.43 
30 44 5000 10 1 442.97 
30 44 10000 5 1 442.67 
30 45 50000 1 1 386.47 
30 45 10000 5 1 386.71 
30 45 5000 10 1 387.01 
30 45 20000 2.5 1 386.56 
30 45 5000 10 1 387.01 
30 31 5000 10 1 19.87 
30 31 5000 10 1 19.87 
30 31 50000 1 1 19.33 
30 31 5000 10 1 19.87 
30 31 20000 2.5 1 19.42 
30 31 20000 2.5 1 19.42 
30 31 50000 1 1 19.33 
30 31 50000 1 1 19.33 
30 31 20000 2.5 1 19.42 
30 31 10000 5 1 19.57 
30 31 50000 1 1 19.33 
30 31 10000 5 1 19.57 
30 31 5000 10 1 19.87 
30 31 50000 1 1 19.33 
31 40 50000 1 1 247.34 
31 40 10000 5 1 247.58 
31 40 20000 2.5 1 247.43 
31 43 50000 1 1 436.42 
31 43 10000 5 1 436.66 
31 43 5000 10 1 436.96 
31 43 50000 1 1 436.42 
31 43 20000 2.5 1 436.51 
31 43 50000 1 1 436.42 
31 43 10000 5 1 436.66 
31 43 5000 10 1 436.96 
31 44 5000 10 1 461.05 
31 44 50000 1 1 460.51 
31 44 5000 10 1 461.05 
31 44 50000 1 1 460.51 
31 44 20000 2.5 1 460.6 
31 44 10000 5 1 460.75 
31 44 10000 5 1 460.75 
31 45 20000 2.5 1 403.25 
31 45 20000 2.5 1 403.25 
31 45 5000 10 1 403.7 
31 45 50000 1 1 403.16 
31 45 5000 10 1 403.7 
37 38 50000 1 1 18.16 
37 43 5000 10 1 117.41 
37 43 20000 2.5 1 116.96 
37 43 10000 5 1 117.11 
37 43 5000 10 1 117.41 
37 43 50000 1 1 116.87 
37 44 20000 2.5 1 99.91 
37 44 10000 5 1 100.06 
37 44 5000 10 1 100.36 
37 44 20000 2.5 1 99.91 
37 44 20000 2.5 1 99.91 
37 46 50000 1 1 64.62 
37 46 10000 5 1 64.86 
37 46 50000 1 1 64.62 
38 44 50000 1 1 110.6 
39 40 50000 1 1 15.86 
39 40 20000 2.5 1 15.95 
40 41 5000 10 1 45.3 
40 41 20000 2.5 1 44.85 
40 41 50000 1 1 44.76 
40 41 50000 1 1 44.76 
40 41 50000 1 1 44.76 
42 43 5000 10 1 598.16 
42 43 50000 1 1 597.62 
42 43 5000 10 1 598.16 
43 44 10000 5 1 24.9 
43 44 5000 10 1 25.2 
43 44 50000 1 1 24.66 
43 44 20000 2.5 1 24.75 
43 45 10000 5 1 57.35 
43 45 20000 2.5 1 57.2 
43 45 50000 1 1 57.11 
43 45 5000 10 1 57.65 
43 46 5000 10 1 148.78 
43 46 50000 1 1 148.24 
43 46 5000 10 1 148.78 
45 46 10000 5 1 140.1 
45 46 10000 5 1 140.1 
45 46 5000 10 1 140.4 
1 0 20000 2.5 1 74.39 
2 0 50000 1 1 43.67 
3 0 20000 2.5 1 16.59 
37 0 5000 10 1 95.88 
9 0 5000 10 1 310.89 
43 0 50000 1 1 194.94 
44 0 10000 5 1 185.32 
45 0 50000 1 1 187.37 
2 1 10000 5 1 48.92 
37 1 50000 1 1 89.49 
37 2 5000 10 1 58.67 
24 3 10000 5 1 279.56 
45 3 5000 10 1 194.38 
46 3 20000 2.5 1 57.59 
5 4 20000 2.5 1 23.87 
6 4 50000 1 1 20.59 
24 5 20000 2.5 1 32.12 
8 5 50000 1 1 9.18 
32 5 10000 5 1 44.92 
9 5 20000 2.5 1 18.4 
24 6 20000 2.5 1 17.36 
9 6 5000 10 1 22.14 
24 7 10000 5 1 63.46 
9 7 5000 10 1 74.7 
9 8 5000 10 1 9.73 
30 9 5000 10 1 466.32 
40 13 5000 10 1 137.4 
30 20 5000 10 1 57.98 
31 20 10000 5 1 41.83 
40 24 5000 10 1 543.59 
31 24 20000 2.5 1 476.26 
43 26 5000 10 1 1.48 
39 28 5000 10 1 82 
40 29 10000 5 1 129.15 
35 29 10000 5 1 56.01 
36 29 5000 10 1 428.03 
30 29 5000 10 1 144.2 
31 29 20000 2.5 1 124.8 
34 30 5000 10 1 183.49 
35 30 50000 1 1 148.93 
36 30 20000 2.5 1 455.29 
40 30 20000 2.5 1 265.01 
42 30 50000 1 1 389.38 
43 30 50000 1 1 418.45 
44 30 10000 5 1 442.67 
45 30 5000 10 1 387.01 
31 30 50000 1 1 19.33 
40 31 20000 2.5 1 247.43 
43 31 5000 10 1 436.96 
44 31 10000 5 1 460.75 
45 31 5000 10 1 403.7 
38 37 50000 1 1 18.16 
43 37 50000 1 1 116.87 
44 37 20000 2.5 1 99.91 
46 37 50000 1 1 64.62 
44 38 50000 1 1 110.6 
40 39 20000 2.5 1 15.95 
41 40 50000 1 1 44.76 
43 42 5000 10 1 598.16 
44 43 20000 2.5 1 24.75 
45 43 5000 10 1 57.65 
46 43 5000 10 1 148.78 
46 45 5000 10 1 140.4 
4 20 500 118.59 
4 43 1000 19.55 
6 45 1000 39.73 
4 5 50 350.27 
8 24 50 767.99 
29 36 100 290.03 
9 46 100 104.5 
24 38 1000 79.23 
30 8 100 226.8 
36 2 100 42.62 
2 1 500 73.68 
4 37 500 42.02 
36 45 100 151.65 
4 29 100 50.72 
42 5 1000 118.64 
3 20 50 36.8 
9 7 500 226.84 
3 2 500 109.71 
45 38 500 83.35 
42 0 50 121.61 
43 42 500 199.14 
6 30 50 240.87 
24 6 500 349.62 
43 45 50 37.31 
40 3 1000 42 
3 24 500 92.2 
31 46 500 40.8 
4 40 50 50.34 
31 43 100 98.47 
46 38 1000 160.84 
8 37 1000 49.48 
24 31 1000 259.12 
6 42 50 159.14 
30 24 1000 182.09 
3 38 50 69.02 
35 43 100 192.43 
31 40 1000 565.49 
1 40 50 17.17 
20 7 100 225.24 
37 4 50 42.02 
2 45 1000 70.68 
31 36 50 623.03 
2 43 1000 86.32 
8 1 1000 92.33 
43 38 500 92.53 
42 29 100 129.45 
5 20 1000 252.85 
35 24 50 98.66 
4 30 50 249.67 
35 45 500 171.3 
4 46 50 76.36 
44 31 50 97.35 
38 5 500 57.93 
44 43 500 68.88 
46 9 100 104.5 
36 0 50 31.43 
7 35 1000 51.21 
3 45 50 108.73 
1 8 50 92.33 
36 29 500 290.03 
8 45 500 51.81 
40 35 50 753.38 
7 2 1000 80.15 
30 40 50 139.34 
42 44 100 127.5 
43 29 50 192.03 
6 40 100 49.5 
46 6 500 68 
1 4 50 92.27 
29 40 500 693.04 
29 3 1000 30.91 
20 30 500 265.39 
40 7 500 48.06 
8 36 50 73.43 
38 46 500 160.84 
36 1 50 27.62 
9 29 100 87.64 
0 38 1000 94.41 
7 24 1000 226.84 
1 6 1000 101.02 
36 5 500 61.25 
9 4 1000 384.49 
40 36 1000 727.48 
45 4 1000 31.02 
24 37 1000 79.23 
38 42 500 55.7 
30 43 50 125.38 
38 24 1000 79.23 
29 45 50 189.22 
29 30 500 290.03 
35 9 50 70.49 
9 38 50 78.96 
6 7 50 294.16 
9 36 100 79.96 
44 35 500 169.67 
38 0 1000 94.41 
40 31 100 565.49 
8 29 1000 60.84 
29 37 100 33.21 
29 9 100 87.64 
5 44 1000 26.59 
3 31 1000 31.24 
6 9 1000 215.28 
31 0 100 27.03 
31 37 50 86.1 
0 2 500 94.26 
44 0 500 164.01 
43 3 50 159.94 
40 46 500 39.23 
37 29 500 33.21 
35 1 50 22.36 
6 3 1000 225 
40 9 500 80.48 
1 46 100 164.73 
5 35 500 94.22 
35 42 1000 131.69 
5 8 500 202.36 
31 3 500 31.24 
35 4 1000 46.71 
1 5 50 93.29 
7 45 1000 36.68 
9 43 500 29.6 
35 46 1000 38.37 
36 31 100 623.03 
42 20 1000 255.92 
31 8 100 272.39 
5 7 50 293.95 
37 20 1000 33.68 
42 24 1000 77.21 
45 44 1000 52.45 
8 46 500 88.27 
7 29 500 49.54 
1 0 500 77.29 
4 44 500 24.73 
45 29 50 189.22 
3 42 50 129.57 
42 31 500 268.6 
3 1 1000 151.32 
24 29 1000 80.99 
40 43 50 76.6 
31 38 50 106.69 
3 9 500 231.21 
9 45 50 65.52 
44 45 500 52.45 
36 46 1000 48.97 
31 24 500 259.12 
1 3 1000 151.32 
46 31 1000 40.8 
37 45 100 92.74 
4 7 50 819.61 
45 46 1000 90.1 
46 36 100 48.97 
35 44 1000 169.67 
45 31 1000 139.77 
46 3 500 68.74 
20 42 100 255.92 
45 20 500 220.88 
30 3 100 34.95 
30 46 50 57.92 
3 36 500 34.95 
37 43 1000 86.2 
40 37 1000 27.92 
44 46 50 99.06 
46 30 500 57.92 
8 7 1000 812.43 
9 24 100 226.84 
30 6 1000 240.87 
45 5 100 61.13 
44 40 50 80.94 
8 5 500 202.36 
2 42 500 86.32 
36 44 100 101.83 
38 29 1000 41.71 
9 5 500 202.36 
1 30 50 27.62 
5 40 100 54.72 
1 2 100 73.68 
8 3 50 239.5 
36 8 100 73.43 
42 8 1000 156.61 
0 43 500 139.71 
9 42 500 130.08 
20 36 50 577.91 
38 8 1000 49.48 
29 42 500 129.45 
9 2 500 83.98 
20 8 500 138.59 
24 42 500 77.21 
24 44 1000 44.39 
0 1 50 77.29 
45 24 500 39.64 
31 29 500 416.33 
44 37 100 105.67 
45 40 50 89.09 
36 3 50 34.95 
46 43 1000 117.26 
31 42 500 268.6 
36 37 50 78.57 
1 38 500 90.99 
30 37 500 99.87 
37 24 50 79.23 
38 44 1000 105.67 
45 35 100 171.3 
44 3 1000 155.78 
45 42 50 103.78 
5 24 500 320.57 
42 46 1000 96.44 
44 4 500 24.73 
43 8 1000 20.93 
38 2 1000 90.11 
2 8 50 79.64 
43 44 1000 68.88 
2 38 100 90.11 
45 2 50 70.68 
5 3 50 245.05 
2 20 100 24.91 
20 37 100 33.68 
29 5 50 80.57 
43 24 1000 49.03 
35 31 50 442.79 
4 6 100 350.27 
40 30 50 139.34 
38 1 1000 90.99 
6 43 50 29.54 
42 7 500 174.07 
30 2 1000 42.62 
1 20 100 19.74 
8 4 50 756.39 
40 0 1000 28.79 
37 40 500 27.92 
40 38 500 9.32 
3 29 500 30.91 
9 3 1000 231.21 
9 1 1000 91.02 
31 9 100 166.64 
31 7 50 249.67 
4 3 100 223.3 
6 2 100 96.28 
30 9 100 232.53 
37 0 100 138.82 
2 36 50 42.62 
8 42 500 156.61 
38 35 50 21.23 
31 5 1000 267.8 
1 7 1000 62.39 
46 24 1000 86.2 
44 38 1000 105.67 
38 7 100 36.46 
2 9 500 83.98 
2 29 1000 26.3 
5 1 100 93.29 
6 20 50 229.34 
3 30 50 34.95 
44 7 500 29.32 
36 42 1000 179.17 
42 38 1000 55.7 
40 44 50 80.94 
38 9 50 78.96 
6 29 100 75.09 
29 46 50 30.8 
29 24 100 80.99 
37 2 100 94.26 
8 0 50 215.26 
0 4 50 204.24 
6 46 500 68 
43 9 50 29.6 
43 31 500 98.47 
0 36 1000 31.43 
44 2 1000 81.99 
44 9 100 28.46 
3 6 1000 225 
45 37 1000 92.74 
45 3 1000 108.73 
44 5 1000 26.59 
30 44 100 122.74 
38 3 1000 69.02 
0 46 50 73.68 
40 5 500 54.72 
5 4 500 350.27 
43 20 100 246.09 
30 38 1000 103.56 
20 1 1000 19.74 
30 1 500 27.62 
5 6 50 350.27 
45 1 50 77.99 
42 43 500 199.14 
20 5 1000 252.85 
5 29 50 80.57 
30 35 100 290.03 
29 8 100 60.84 
43 4 100 19.55 
1 31 100 24.96 
20 35 50 608.69 
6 44 1000 31.9 
43 36 50 122.68 
3 7 100 249.19 
9 37 50 78.96 
0 42 500 121.61 
43 1 100 60.73 
42 45 50 103.78 
2 30 1000 42.62 
35 40 500 753.38 
38 31 1000 106.69 
43 5 100 21.16 
37 31 500 86.1 
46 40 100 39.23 
2 3 500 109.71 
24 43 50 49.03 
24 46 1000 86.2 
37 42 50 55.11 
31 45 500 139.77 
20 2 50 24.91 
2 5 500 74.16 
42 9 100 130.08 
29 43 1000 192.03 
5 45 50 61.13 
43 46 1000 117.26 
42 40 100 62.23 
4 36 500 89.18 
45 43 1000 37.31 
29 31 100 416.33 
42 37 50 55.11 
8 31 100 272.39 
1 37 1000 77.29 
24 7 100 226.84 
1 44 100 84.45 
37 44 1000 105.67 
46 1 50 164.73 
30 42 100 199.14 
6 0 500 200.06 
5 31 100 267.8 
20 3 50 36.8 
38 36 50 79.42 
43 2 500 86.32 
45 7 50 36.68 
30 36 1000 290.03 
20 45 50 220.88 
31 1 50 24.96 
46 37 500 146.27 
44 42 100 127.5 
31 2 100 51.17 
3 44 50 155.78 
8 9 1000 202.36 
6 31 500 257.02 
43 0 50 139.71 
38 40 100 9.32 
37 1 500 77.29 
40 2 100 24.39 
44 8 50 21.62 
40 45 50 89.09 
1 42 1000 60.73 
40 29 50 693.04 
37 8 500 49.48 
36 24 500 98.69 
46 0 100 73.68 
35 3 100 32.19 
43 30 500 125.38 
42 36 1000 179.17 
37 7 50 36.46 
4 31 50 250.18 
44 29 500 166.57 
8 44 50 21.62 
30 5 50 229.93 
30 31 1000 265.39 
24 3 500 92.2 
40 1 50 17.17 
38 43 100 92.53 
46 5 500 68 
4 24 1000 355.38 
30 0 500 31.43 
45 0 50 108.49 
0 24 500 231.21 
46 45 1000 90.1 
1 9 1000 91.02 
0 29 100 27.26 
30 45 500 128.06 
20 40 50 753.37 
20 43 500 246.09 
46 4 100 76.36 
38 6 100 44.87 
5 42 100 118.64 
24 4 500 355.38 
2 4 100 77.68 
24 45 500 39.64 
3 8 50 239.5 
9 40 100 80.48 
0 44 50 164.01 
3 37 100 143.53 
8 30 1000 226.8 
43 40 100 76.6 
5 36 50 61.25 
42 35 1000 131.69 
36 40 50 727.48 
0 37 100 138.82 
3 0 100 63.8 
24 2 1000 103.72 
2 24 500 103.72 
38 30 500 103.56 
20 46 500 32.84 
24 9 500 226.84 
8 43 50 20.93 
1 24 1000 99.38 
37 5 500 57.93 
3 4 1000 223.3 
9 30 100 232.53 
0 30 500 31.43 
30 29 100 290.03 
24 8 500 767.99 
4 9 50 384.49 
42 3 1000 129.57 
35 30 500 290.03 
24 30 1000 182.09 
42 30 50 199.14 
44 30 100 122.74 
24 35 100 98.66 
46 2 1000 126.76 
5 9 50 202.36 
5 30 1000 229.93 
1 29 500 18.83 
38 4 500 42.02 
0 6 100 200.06 
42 2 1000 86.32 
43 35 50 192.43 
6 35 500 57.61 
44 1 500 84.45 
0 7 50 219.49 
5 0 1000 188.94 
0 40 500 28.79 
20 31 500 265.39 
20 0 500 29.74 
45 9 100 65.52 
6 37 50 44.87 
6 8 1000 733.61 
0 45 500 108.49 
2 46 1000 126.76 
40 42 50 62.23 
44 36 100 101.83 
43 7 50 29.92 
44 24 100 44.39 
31 44 100 97.35 
4 42 100 178.63 
37 36 500 78.57 
20 44 100 215.97 
46 42 500 96.44 
38 45 500 83.35 
6 4 1000 350.27 
45 30 500 128.06 
0 9 500 92.2 
20 9 500 297.36 
9 0 500 92.2 
35 0 100 33.16 
5 37 1000 57.93 
2 44 50 81.99 
20 29 1000 635.09 
29 44 50 166.57 
29 0 50 27.26 
42 4 50 178.63 
6 1 100 101.02 
24 5 500 320.57 
46 29 500 30.8 
9 35 50 70.49 
2 0 100 94.26 
43 37 100 86.2 
24 0 1000 231.21 
37 9 50 78.96 
8 6 50 733.61 
4 45 100 31.02 
24 36 50 98.69 
4 0 500 204.24 
30 7 100 259.08 
1 43 50 60.73 
5 43 1000 21.16 
45 36 1000 151.65 
24 40 100 56.54 
4 1 500 92.27 
4 8 100 756.39 
6 36 1000 64.73 
42 1 500 60.73 
6 5 1000 350.27 
3 46 500 68.74 
37 30 50 99.87 
9 44 500 28.46 
2 40 100 24.39 
37 3 500 143.53 
0 5 50 188.94 
36 9 100 79.96 
6 24 1000 349.62 
2 31 50 51.17 
37 46 500 146.27 
2 37 500 94.26 
46 44 500 99.06 
31 30 50 265.39 
8 40 100 66.05 
3 43 1000 159.94 
35 37 50 36.94 
1 36 500 27.62 
0 3 500 63.8 
1 45 100 77.99 
0 31 100 27.03 
3 40 1000 42 
31 35 100 442.79 
9 31 50 166.64 
24 1 1000 99.38 
36 43 100 122.68 
