20 52 23 
0 11 20000 2.5 1 4.02 
0 3 5000 10 1 2.64 
0 6 10000 5 1 3.15 
1 11 10000 5 1 3.89 
1 7 50000 1 1 5.97 
2 11 5000 10 1 1.83 
2 3 50000 1 1 1.39 
4 5 10000 5 1 1.83 
4 6 20000 2.5 1 4.04 
5 8 50000 1 1 1.66 
7 9 10000 5 1 5.1 
8 9 20000 2.5 1 3.52 
10 18 10000 5 1 7.22 
10 19 20000 2.5 1 4.97 
11 18 5000 10 1 3.04 
11 15 50000 1 1 1.33 
12 17 50000 1 1 1.99 
12 13 5000 10 1 2.88 
13 14 10000 5 1 1.74 
14 16 5000 10 1 1.43 
14 15 20000 2.5 1 2.81 
15 16 20000 2.5 1 3.32 
16 17 20000 2.5 1 2.49 
17 18 10000 5 1 2.4 
17 19 50000 1 1 0.06 
18 19 20000 2.5 1 2.25 
11 0 20000 2.5 1 4.02 
3 0 5000 10 1 2.64 
6 0 10000 5 1 3.15 
11 1 10000 5 1 3.89 
7 1 50000 1 1 5.97 
11 2 5000 10 1 1.83 
3 2 50000 1 1 1.39 
5 4 10000 5 1 1.83 
6 4 20000 2.5 1 4.04 
8 5 50000 1 1 1.66 
9 7 10000 5 1 5.1 
9 8 20000 2.5 1 3.52 
18 10 10000 5 1 7.22 
19 10 20000 2.5 1 4.97 
18 11 5000 10 1 3.04 
15 11 50000 1 1 1.33 
17 12 50000 1 1 1.99 
13 12 5000 10 1 2.88 
14 13 10000 5 1 1.74 
16 14 5000 10 1 1.43 
15 14 20000 2.5 1 2.81 
16 15 20000 2.5 1 3.32 
17 16 20000 2.5 1 2.49 
18 17 10000 5 1 2.4 
19 17 50000 1 1 0.06 
19 18 20000 2.5 1 2.25 
10 1 1000 23.59 
19 3 1000 18.93 
9 19 500 9.52 
19 1 500 24.55 
3 19 1000 18.93 
19 2 1000 20.75 
1 10 100 23.59 
1 19 1000 24.55 
10 0 100 7.19 
10 7 100 11.65 
9 10 50 5.01 
10 2 1000 7.21 
0 10 500 7.19 
2 19 100 20.75 
19 8 100 9.05 
19 4 100 10.86 
0 19 1000 17.33 
6 19 500 14.25 
2 10 100 7.21 
4 10 50 6.09 
5 19 50 8.06 
10 3 50 6.44 
4 19 50 10.86 
