40 178 6 
0 12 155 178 0 21.28 
0 13 155 84 0 24.74 
0 16 155 56 0 24.71 
0 19 155 169 0 24.43 
0 28 155 181 0 22.67 
1 3 155 262 0 27.31 
1 4 155 259 0 24.15 
1 31 155 226 0 25.11 
1 39 155 186 0 27.66 
2 17 155 62 0 24.12 
2 21 155 95 0 23.7 
2 23 155 216 0 22.13 
2 25 155 156 0 22.44 
3 5 155 152 0 31.16 
3 10 155 83 0 22.68 
3 13 155 168 0 22.02 
3 36 155 199 0 25.99 
4 31 155 82 0 21.95 
4 33 155 137 0 26.62 
4 37 155 96 0 21.03 
5 10 155 213 0 33.08 
5 13 155 192 0 32.42 
5 29 155 218 0 28.8 
5 36 155 104 0 27.52 
6 9 155 321 0 24.36 
6 24 155 253 0 26.83 
6 29 155 325 0 25.04 
6 35 155 280 0 29.12 
7 8 155 41 0 24.77 
7 14 155 159 0 22.9 
7 15 155 144 0 26.36 
7 32 155 164 0 22.21 
8 14 155 164 0 23.03 
8 15 155 154 0 26.76 
8 18 155 182 0 25.95 
8 32 155 164 0 26.83 
9 22 155 182 0 22.94 
9 29 155 208 0 26.27 
9 35 155 201 0 28.47 
9 39 155 234 0 29.06 
10 12 155 148 0 23.09 
10 19 155 185 0 26.49 
11 14 155 161 0 23.55 
11 15 155 186 0 25.21 
11 32 155 140 0 23.81 
11 38 155 175 0 26.63 
12 19 155 42 0 23.67 
12 28 155 123 0 22.37 
13 28 155 234 0 22.26 
13 36 155 136 0 25.64 
14 15 155 26 0 23.64 
15 27 155 72 0 22.54 
16 19 155 223 0 29.51 
16 28 155 237 0 25.44 
16 36 155 150 0 29.61 
17 21 155 114 0 23.59 
17 23 155 210 0 26.58 
17 25 155 217 0 25.61 
18 25 155 167 0 25.65 
18 26 155 136 0 26.01 
18 27 155 392 0 33.02 
18 30 155 95 0 26.05 
20 27 155 230 0 33.06 
20 33 155 346 0 24.79 
20 34 155 34 0 26.3 
20 38 155 217 0 22.66 
21 22 155 213 0 23.5 
21 23 155 125 0 24.53 
22 23 155 91 0 26.43 
22 39 155 376 0 26.63 
23 25 155 267 0 24.16 
24 31 155 761 0 29.26 
24 35 155 373 0 25.49 
24 36 155 323 0 28.87 
24 37 155 814 0 28.62 
25 26 155 185 0 24.81 
26 30 155 67 0 21.81 
26 34 155 554 0 28.32 
26 39 155 462 0 25.59 
27 38 155 299 0 33.1 
28 37 155 457 0 24.87 
29 35 155 46 0 23.76 
29 38 155 560 0 38.15 
30 34 155 608 0 27.79 
30 35 155 605 0 30.92 
31 33 155 116 0 25.62 
32 34 155 278 0 22.78 
33 37 155 41 0 25.82 
33 38 155 244 0 24.1 
12 0 155 178 0 21.28 
13 0 155 84 0 24.74 
16 0 155 56 0 24.71 
19 0 155 169 0 24.43 
28 0 155 181 0 22.67 
3 1 155 262 0 27.31 
4 1 155 259 0 24.15 
31 1 155 226 0 25.11 
39 1 155 186 0 27.66 
17 2 155 62 0 24.12 
21 2 155 95 0 23.7 
23 2 155 216 0 22.13 
25 2 155 156 0 22.44 
5 3 155 152 0 31.16 
10 3 155 83 0 22.68 
13 3 155 168 0 22.02 
36 3 155 199 0 25.99 
31 4 155 82 0 21.95 
33 4 155 137 0 26.62 
37 4 155 96 0 21.03 
10 5 155 213 0 33.08 
13 5 155 192 0 32.42 
29 5 155 218 0 28.8 
36 5 155 104 0 27.52 
9 6 155 321 0 24.36 
24 6 155 253 0 26.83 
29 6 155 325 0 25.04 
35 6 155 280 0 29.12 
8 7 155 41 0 24.77 
14 7 155 159 0 22.9 
15 7 155 144 0 26.36 
32 7 155 164 0 22.21 
14 8 155 164 0 23.03 
15 8 155 154 0 26.76 
18 8 155 182 0 25.95 
32 8 155 164 0 26.83 
22 9 155 182 0 22.94 
29 9 155 208 0 26.27 
35 9 155 201 0 28.47 
39 9 155 234 0 29.06 
12 10 155 148 0 23.09 
19 10 155 185 0 26.49 
14 11 155 161 0 23.55 
15 11 155 186 0 25.21 
32 11 155 140 0 23.81 
38 11 155 175 0 26.63 
19 12 155 42 0 23.67 
28 12 155 123 0 22.37 
28 13 155 234 0 22.26 
36 13 155 136 0 25.64 
15 14 155 26 0 23.64 
27 15 155 72 0 22.54 
19 16 155 223 0 29.51 
28 16 155 237 0 25.44 
36 16 155 150 0 29.61 
21 17 155 114 0 23.59 
23 17 155 210 0 26.58 
25 17 155 217 0 25.61 
25 18 155 167 0 25.65 
26 18 155 136 0 26.01 
27 18 155 392 0 33.02 
30 18 155 95 0 26.05 
27 20 155 230 0 33.06 
33 20 155 346 0 24.79 
34 20 155 34 0 26.3 
38 20 155 217 0 22.66 
22 21 155 213 0 23.5 
23 21 155 125 0 24.53 
23 22 155 91 0 26.43 
39 22 155 376 0 26.63 
25 23 155 267 0 24.16 
31 24 155 761 0 29.26 
35 24 155 373 0 25.49 
36 24 155 323 0 28.87 
37 24 155 814 0 28.62 
26 25 155 185 0 24.81 
30 26 155 67 0 21.81 
34 26 155 554 0 28.32 
39 26 155 462 0 25.59 
38 27 155 299 0 33.1 
37 28 155 457 0 24.87 
35 29 155 46 0 23.76 
38 29 155 560 0 38.15 
34 30 155 608 0 27.79 
35 30 155 605 0 30.92 
33 31 155 116 0 25.62 
34 32 155 278 0 22.78 
37 33 155 41 0 25.82 
38 33 155 244 0 24.1 
0 8 128 10.86 
30 14 137 27.14 
32 2 106 26.71 
2 36 151 23.98 
3 27 113 22.35 
34 31 103 41.5 
