20 62 164 
0 11 5000 10 1 114.72 
0 3 10000 5 1 3.33 
1 2 5000 10 1 166.27 
1 6 20000 2.5 1 255.82 
2 10 50000 1 1 36.36 
2 11 5000 10 1 6.67 
2 14 5000 10 1 270.7 
3 7 20000 2.5 1 354.26 
4 13 5000 10 1 421.84 
4 6 20000 2.5 1 199.76 
4 5 50000 1 1 29.72 
5 7 10000 5 1 209.58 
6 13 20000 2.5 1 312.15 
6 14 20000 2.5 1 308.23 
6 7 10000 5 1 3.33 
8 16 10000 5 1 39.64 
8 12 20000 2.5 1 80.14 
8 15 50000 1 1 61.77 
9 16 50000 1 1 66.57 
9 14 20000 2.5 1 124.87 
9 15 5000 10 1 6.67 
10 19 10000 5 1 139.83 
12 13 50000 1 1 56.11 
13 16 10000 5 1 147.88 
13 14 10000 5 1 129.03 
14 15 10000 5 1 126.53 
14 17 10000 5 1 238.46 
15 16 10000 5 1 69.23 
16 17 5000 10 1 135.1 
17 18 5000 10 1 84.9 
17 19 10000 5 1 198.24 
11 0 5000 10 1 114.72 
3 0 10000 5 1 3.33 
2 1 5000 10 1 166.27 
6 1 20000 2.5 1 255.82 
10 2 50000 1 1 36.36 
11 2 5000 10 1 6.67 
14 2 5000 10 1 270.7 
7 3 20000 2.5 1 354.26 
13 4 5000 10 1 421.84 
6 4 20000 2.5 1 199.76 
5 4 50000 1 1 29.72 
7 5 10000 5 1 209.58 
13 6 20000 2.5 1 312.15 
14 6 20000 2.5 1 308.23 
7 6 10000 5 1 3.33 
16 8 10000 5 1 39.64 
12 8 20000 2.5 1 80.14 
15 8 50000 1 1 61.77 
16 9 50000 1 1 66.57 
14 9 20000 2.5 1 124.87 
15 9 5000 10 1 6.67 
19 10 10000 5 1 139.83 
13 12 50000 1 1 56.11 
16 13 10000 5 1 147.88 
14 13 10000 5 1 129.03 
15 14 10000 5 1 126.53 
17 14 10000 5 1 238.46 
16 15 10000 5 1 69.23 
17 16 5000 10 1 135.1 
18 17 5000 10 1 84.9 
19 17 10000 5 1 198.24 
6 10 1000 32.33 
4 19 50 53.53 
11 10 100 334.51 
0 5 100 94.84 
11 16 100 201.58 
1 13 50 89.31 
5 17 100 32.18 
0 10 100 211.48 
4 0 500 94.84 
6 0 500 71.08 
1 16 100 93.33 
7 12 100 42.75 
0 1 500 42.56 
4 11 1000 52.11 
14 10 50 333.48 
9 3 1000 122.58 
2 14 1000 277.36 
15 17 50 115.05 
9 15 100 474.31 
2 13 1000 134.43 
16 4 50 42.88 
17 2 500 350.46 
8 10 100 178.77 
9 1 1000 49.21 
1 11 50 43.07 
2 9 1000 186.19 
6 8 500 125.11 
13 19 1000 122.21 
16 8 100 495.52 
11 19 50 334.51 
3 17 100 167.51 
12 16 1000 459.17 
5 15 50 73.34 
7 11 100 71.08 
13 11 50 134.43 
2 8 1000 182.12 
17 8 50 126.45 
13 12 100 482.02 
1 4 100 119.55 
3 9 50 122.58 
9 16 1000 483.02 
10 6 100 32.33 
8 4 50 42.87 
6 15 1000 165.13 
0 9 100 122.58 
0 6 1000 71.08 
12 15 50 258.27 
19 1 500 122.07 
11 12 50 91.36 
6 7 100 77.69 
7 9 500 132.95 
12 14 100 184.95 
19 5 1000 69.65 
11 15 500 206.65 
10 0 100 211.48 
15 14 1000 475.15 
8 5 50 43.46 
15 11 50 206.65 
13 2 500 134.43 
6 2 50 71.08 
2 4 100 52.11 
8 2 1000 182.12 
17 3 50 167.51 
3 5 1000 101.5 
13 0 100 99.57 
4 13 50 34.54 
16 6 100 121.1 
14 0 100 162.86 
17 16 50 287.3 
11 6 500 71.08 
19 16 100 172.35 
1 14 50 46.26 
8 13 100 482.02 
7 17 500 124.58 
1 7 500 71.08 
16 7 50 121.1 
15 6 100 165.13 
8 15 1000 440.08 
16 3 100 103.88 
12 6 100 43.46 
9 4 50 88.01 
8 3 100 153.13 
16 15 1000 509.75 
15 8 100 440.08 
14 9 50 461.81 
7 19 100 127.94 
12 10 500 77.36 
9 14 500 461.81 
15 3 50 123.58 
3 13 50 99.57 
6 9 500 132.95 
12 11 50 91.36 
4 12 50 47.1 
15 12 50 258.27 
5 6 50 164.94 
14 12 1000 184.95 
13 7 500 171.86 
9 8 50 230.95 
16 14 500 709.44 
5 8 100 43.46 
16 12 100 459.17 
4 16 50 42.88 
6 16 500 121.1 
9 5 500 71.39 
8 16 50 495.52 
17 13 100 122.05 
16 5 100 49.75 
15 13 500 325.03 
15 4 50 90.07 
14 6 100 149.79 
6 4 100 172.79 
15 5 1000 73.34 
6 17 1000 124.58 
8 12 100 482.02 
6 5 100 164.94 
13 14 50 552.45 
6 14 100 149.79 
7 13 100 171.86 
4 6 500 172.79 
6 12 1000 43.46 
12 13 1000 482.02 
9 6 50 132.95 
7 14 1000 103.04 
7 5 50 172.79 
14 16 100 709.44 
12 7 1000 42.75 
13 9 50 263.28 
12 17 50 115.14 
14 13 1000 552.45 
5 7 500 172.79 
4 8 500 42.87 
5 9 100 71.39 
7 8 50 125.11 
9 12 1000 224.9 
16 13 100 491.35 
6 13 50 193.21 
4 15 100 90.07 
13 16 500 491.35 
14 7 100 103.04 
4 14 50 81.74 
8 9 1000 230.95 
13 8 1000 482.02 
12 9 100 224.9 
7 16 1000 121.1 
7 15 50 165.13 
14 8 500 348.72 
13 6 500 193.21 
16 9 50 483.02 
8 14 1000 348.72 
9 7 500 132.95 
14 15 100 475.15 
14 17 50 633.59 
5 16 1000 49.75 
4 9 500 88.01 
8 6 1000 125.11 
9 17 100 90.48 
4 17 50 44.87 
9 13 500 263.28 
15 9 500 474.31 
15 16 100 509.75 
12 8 1000 482.02 
8 17 100 126.45 
4 7 50 172.79 
13 15 50 325.03 
