20 62 54 
0 11 5000 10 0 114.72 
0 3 10000 5 0 3.33 
1 2 5000 10 0 166.27 
1 6 20000 2.5 0 255.82 
2 10 50000 1 0 36.36 
2 11 5000 10 0 6.67 
2 14 5000 10 0 270.7 
3 7 20000 2.5 0 354.26 
4 13 5000 10 0 421.84 
4 6 20000 2.5 0 199.76 
4 5 50000 1 0 29.72 
5 7 10000 5 0 209.58 
6 13 20000 2.5 0 312.15 
6 14 20000 2.5 0 308.23 
6 7 10000 5 0 3.33 
8 16 10000 5 0 39.64 
8 12 20000 2.5 0 80.14 
8 15 50000 1 0 61.77 
9 16 50000 1 0 66.57 
9 14 20000 2.5 0 124.87 
9 15 5000 10 0 6.67 
10 19 10000 5 0 139.83 
12 13 50000 1 0 56.11 
13 16 10000 5 0 147.88 
13 14 10000 5 0 129.03 
14 15 10000 5 0 126.53 
14 17 10000 5 0 238.46 
15 16 10000 5 0 69.23 
16 17 5000 10 0 135.1 
17 18 5000 10 0 84.9 
17 19 10000 5 0 198.24 
11 0 5000 10 0 114.72 
3 0 10000 5 0 3.33 
2 1 5000 10 0 166.27 
6 1 20000 2.5 0 255.82 
10 2 50000 1 0 36.36 
11 2 5000 10 0 6.67 
14 2 5000 10 0 270.7 
7 3 20000 2.5 0 354.26 
13 4 5000 10 0 421.84 
6 4 20000 2.5 0 199.76 
5 4 50000 1 0 29.72 
7 5 10000 5 0 209.58 
13 6 20000 2.5 0 312.15 
14 6 20000 2.5 0 308.23 
7 6 10000 5 0 3.33 
16 8 10000 5 0 39.64 
12 8 20000 2.5 0 80.14 
15 8 50000 1 0 61.77 
16 9 50000 1 0 66.57 
14 9 20000 2.5 0 124.87 
15 9 5000 10 0 6.67 
19 10 10000 5 0 139.83 
13 12 50000 1 0 56.11 
16 13 10000 5 0 147.88 
14 13 10000 5 0 129.03 
15 14 10000 5 0 126.53 
17 14 10000 5 0 238.46 
16 15 10000 5 0 69.23 
17 16 5000 10 0 135.1 
18 17 5000 10 0 84.9 
19 17 10000 5 0 198.24 
6 10 1000 32.33 
4 19 50 53.53 
11 10 100 334.51 
0 5 100 94.84 
11 16 100 201.58 
1 13 50 89.31 
5 17 100 32.18 
0 10 100 211.48 
4 0 500 94.84 
6 0 500 71.08 
1 16 100 93.33 
7 12 100 42.75 
0 1 500 42.56 
4 11 1000 52.11 
14 10 50 333.48 
9 3 1000 122.58 
2 14 1000 277.36 
15 17 50 115.05 
9 15 100 474.31 
2 13 1000 134.43 
16 4 50 42.88 
17 2 500 350.46 
8 10 100 178.77 
9 1 1000 49.21 
1 11 50 43.07 
2 9 1000 186.19 
6 8 500 125.11 
13 19 1000 122.21 
16 8 100 495.52 
11 19 50 334.51 
3 17 100 167.51 
12 16 1000 459.17 
5 15 50 73.34 
7 11 100 71.08 
13 11 50 134.43 
2 8 1000 182.12 
17 8 50 126.45 
13 12 100 482.02 
1 4 100 119.55 
3 9 50 122.58 
9 16 1000 483.02 
10 6 100 32.33 
8 4 50 42.87 
6 15 1000 165.13 
0 9 100 122.58 
0 6 1000 71.08 
12 15 50 258.27 
19 1 500 122.07 
11 12 50 91.36 
6 7 100 77.69 
7 9 500 132.95 
12 14 100 184.95 
19 5 1000 69.65 
11 15 500 206.65 
