20 62 164 
0 11 5000 10 1 114.72 
0 3 10000 5 1 3.33 
1 2 5000 10 1 166.27 
1 6 20000 2.5 1 255.82 
2 10 50000 1 1 36.36 
2 11 5000 10 1 6.67 
2 14 5000 10 1 270.7 
3 7 20000 2.5 1 354.26 
4 13 5000 10 1 421.84 
4 6 20000 2.5 1 199.76 
4 5 50000 1 1 29.72 
5 7 10000 5 1 209.58 
6 13 20000 2.5 1 312.15 
6 14 20000 2.5 1 308.23 
6 7 10000 5 1 3.33 
8 16 10000 5 1 39.64 
8 12 20000 2.5 1 80.14 
8 15 50000 1 1 61.77 
9 16 50000 1 1 66.57 
9 14 20000 2.5 1 124.87 
9 15 5000 10 1 6.67 
10 19 10000 5 1 139.83 
12 13 50000 1 1 56.11 
13 16 10000 5 1 147.88 
13 14 10000 5 1 129.03 
14 15 10000 5 1 126.53 
14 17 10000 5 1 238.46 
15 16 10000 5 1 69.23 
16 17 5000 10 1 135.1 
17 18 5000 10 1 84.9 
17 19 10000 5 1 198.24 
11 0 5000 10 1 114.72 
3 0 10000 5 1 3.33 
2 1 5000 10 1 166.27 
6 1 20000 2.5 1 255.82 
10 2 50000 1 1 36.36 
11 2 5000 10 1 6.67 
14 2 5000 10 1 270.7 
7 3 20000 2.5 1 354.26 
13 4 5000 10 1 421.84 
6 4 20000 2.5 1 199.76 
5 4 50000 1 1 29.72 
7 5 10000 5 1 209.58 
13 6 20000 2.5 1 312.15 
14 6 20000 2.5 1 308.23 
7 6 10000 5 1 3.33 
16 8 10000 5 1 39.64 
12 8 20000 2.5 1 80.14 
15 8 50000 1 1 61.77 
16 9 50000 1 1 66.57 
14 9 20000 2.5 1 124.87 
15 9 5000 10 1 6.67 
19 10 10000 5 1 139.83 
13 12 50000 1 1 56.11 
16 13 10000 5 1 147.88 
14 13 10000 5 1 129.03 
15 14 10000 5 1 126.53 
17 14 10000 5 1 238.46 
16 15 10000 5 1 69.23 
17 16 5000 10 1 135.1 
18 17 5000 10 1 84.9 
19 17 10000 5 1 198.24 
6 10 1000 183.76 
4 19 50 129.59 
11 10 100 429.36 
0 5 100 159.85 
11 16 100 362.97 
1 13 50 196.29 
5 17 100 128.63 
0 10 100 280.42 
4 0 500 184.91 
6 0 500 224.99 
1 16 100 265.21 
7 12 100 257.93 
0 1 500 167.81 
4 11 1000 146.35 
14 10 50 439.96 
9 3 1000 255.33 
2 14 1000 383.84 
15 17 50 569.43 
9 15 100 843.67 
2 13 1000 315.18 
16 4 50 166.13 
17 2 500 479.09 
8 10 100 346.8 
9 1 1000 203.31 
1 11 50 219.98 
2 9 1000 353.19 
6 8 500 332.84 
13 19 1000 247.29 
16 8 100 875.07 
11 19 50 448.08 
3 17 100 350.46 
12 16 1000 838.66 
5 15 50 187.01 
7 11 100 221.12 
13 11 50 315.18 
2 8 1000 372.58 
17 8 50 604.3 
13 12 100 800.8 
1 4 100 209.62 
3 9 50 255.33 
9 16 1000 926.6 
10 6 100 183.76 
8 4 50 134.23 
6 15 1000 315.07 
0 9 100 261.99 
0 6 1000 224.99 
12 15 50 709.53 
19 1 500 325.96 
11 12 50 265.05 
6 7 100 187.82 
7 9 500 301.7 
12 14 100 933.07 
19 5 1000 145.06 
11 15 500 362.52 
10 0 100 280.42 
15 14 1000 847.74 
8 5 50 133.53 
15 11 50 362.52 
13 2 500 315.18 
6 2 50 224.99 
2 4 100 146.35 
8 2 1000 372.58 
17 3 50 350.46 
3 5 1000 166.51 
13 0 100 254.99 
4 13 50 293.16 
16 6 100 352.32 
14 0 100 340.41 
17 16 50 709.44 
11 6 500 224.99 
19 16 100 502.86 
1 14 50 315.26 
8 13 100 800.8 
7 17 500 251.8 
1 7 500 217.64 
16 7 50 342.33 
15 6 100 315.07 
8 15 1000 838.66 
16 3 100 262.74 
12 6 100 266.98 
9 4 50 193.46 
8 3 100 264.51 
16 15 1000 867.49 
15 8 100 838.66 
14 9 50 839.5 
7 19 100 265.35 
12 10 500 212.77 
9 14 500 839.5 
15 3 50 284.89 
3 13 50 248.73 
6 9 500 307 
12 11 50 265.05 
4 12 50 136.37 
15 12 50 709.53 
5 6 50 422.62 
14 12 1000 933.07 
13 7 500 415.81 
9 8 50 798.28 
16 14 500 1094 
5 8 100 133.53 
16 12 100 838.66 
4 16 50 166.13 
6 16 500 352.32 
9 5 500 169.64 
8 16 50 875.07 
17 13 100 520.39 
16 5 100 145.51 
15 13 500 768.62 
15 4 50 208.75 
14 6 100 328.32 
6 4 100 422.62 
15 5 1000 187.01 
6 17 1000 251.8 
8 12 100 800.8 
6 5 100 422.62 
13 14 50 1072.29 
6 14 100 328.32 
7 13 100 415.81 
4 6 500 422.62 
6 12 1000 266.98 
12 13 1000 800.8 
9 6 50 307 
7 14 1000 317.65 
7 5 50 419.03 
14 16 100 1094 
12 7 1000 257.93 
13 9 50 706.21 
12 17 50 487.34 
14 13 1000 1072.29 
5 7 500 419.03 
4 8 500 134.23 
5 9 100 169.64 
7 8 50 313.46 
9 12 1000 709.96 
16 13 100 843.73 
6 13 50 432.18 
4 15 100 208.75 
13 16 500 843.73 
14 7 100 317.65 
4 14 50 160.95 
8 9 1000 798.28 
13 8 1000 800.8 
12 9 100 709.96 
7 16 1000 342.33 
7 15 50 308.26 
14 8 500 871.58 
13 6 500 432.18 
16 9 50 926.6 
8 14 1000 871.58 
9 7 500 301.7 
14 15 100 847.74 
14 17 50 920.93 
5 16 1000 145.51 
4 9 500 193.46 
8 6 1000 332.84 
9 17 100 540.32 
4 17 50 137.27 
9 13 500 706.21 
15 9 500 843.67 
15 16 100 867.49 
12 8 1000 800.8 
8 17 100 604.3 
4 7 50 419.03 
13 15 50 768.62 
