20 62 164 
0 11 5000 10 0 114.72 
0 3 10000 5 0 3.33 
1 2 5000 10 0 166.27 
1 6 20000 2.5 0 255.82 
2 10 50000 1 0 36.36 
2 11 5000 10 0 6.67 
2 14 5000 10 0 270.7 
3 7 20000 2.5 0 354.26 
4 13 5000 10 0 421.84 
4 6 20000 2.5 0 199.76 
4 5 50000 1 0 29.72 
5 7 10000 5 0 209.58 
6 13 20000 2.5 0 312.15 
6 14 20000 2.5 0 308.23 
6 7 10000 5 0 3.33 
8 16 10000 5 0 39.64 
8 12 20000 2.5 0 80.14 
8 15 50000 1 0 61.77 
9 16 50000 1 0 66.57 
9 14 20000 2.5 0 124.87 
9 15 5000 10 0 6.67 
10 19 10000 5 0 139.83 
12 13 50000 1 0 56.11 
13 16 10000 5 0 147.88 
13 14 10000 5 0 129.03 
14 15 10000 5 0 126.53 
14 17 10000 5 0 238.46 
15 16 10000 5 0 69.23 
16 17 5000 10 0 135.1 
17 18 5000 10 0 84.9 
17 19 10000 5 0 198.24 
11 0 5000 10 0 114.72 
3 0 10000 5 0 3.33 
2 1 5000 10 0 166.27 
6 1 20000 2.5 0 255.82 
10 2 50000 1 0 36.36 
11 2 5000 10 0 6.67 
14 2 5000 10 0 270.7 
7 3 20000 2.5 0 354.26 
13 4 5000 10 0 421.84 
6 4 20000 2.5 0 199.76 
5 4 50000 1 0 29.72 
7 5 10000 5 0 209.58 
13 6 20000 2.5 0 312.15 
14 6 20000 2.5 0 308.23 
7 6 10000 5 0 3.33 
16 8 10000 5 0 39.64 
12 8 20000 2.5 0 80.14 
15 8 50000 1 0 61.77 
16 9 50000 1 0 66.57 
14 9 20000 2.5 0 124.87 
15 9 5000 10 0 6.67 
19 10 10000 5 0 139.83 
13 12 50000 1 0 56.11 
16 13 10000 5 0 147.88 
14 13 10000 5 0 129.03 
15 14 10000 5 0 126.53 
17 14 10000 5 0 238.46 
16 15 10000 5 0 69.23 
17 16 5000 10 0 135.1 
18 17 5000 10 0 84.9 
19 17 10000 5 0 198.24 
6 10 1000 99.16 
4 19 50 96.4 
11 10 100 406.72 
0 5 100 133.74 
11 16 100 312.75 
1 13 50 135.41 
5 17 100 75.41 
0 10 100 244.49 
4 0 500 152.73 
6 0 500 137.71 
1 16 100 172.52 
7 12 100 130.4 
0 1 500 129.59 
4 11 1000 114.17 
14 10 50 384.75 
9 3 1000 183.74 
2 14 1000 328.63 
15 17 50 484.75 
9 15 100 771.79 
2 13 1000 225.15 
16 4 50 105.15 
17 2 500 414.69 
8 10 100 244.73 
9 1 1000 129.13 
1 11 50 127.58 
2 9 1000 296.13 
6 8 500 218.09 
13 19 1000 151.08 
16 8 100 804.97 
11 19 50 393.02 
3 17 100 289.87 
12 16 1000 763.61 
5 15 50 101.35 
7 11 100 127.58 
13 11 50 225.15 
2 8 1000 285.03 
17 8 50 401.66 
13 12 100 748.69 
1 4 100 177.6 
3 9 50 183.74 
9 16 1000 815.66 
10 6 100 99.16 
8 4 50 77.07 
6 15 1000 273.82 
0 9 100 186.58 
0 6 1000 137.71 
12 15 50 588.79 
19 1 500 218.52 
11 12 50 218.72 
6 7 100 128.8 
7 9 500 247.1 
12 14 100 595.63 
19 5 1000 114.39 
11 15 500 311.41 
10 0 100 244.49 
15 14 1000 796.63 
8 5 50 90.07 
15 11 50 311.41 
13 2 500 225.15 
6 2 50 137.71 
2 4 100 114.17 
8 2 1000 285.03 
17 3 50 289.87 
3 5 1000 140.4 
13 0 100 218.78 
4 13 50 111.04 
16 6 100 300.82 
14 0 100 244.49 
17 16 50 621.81 
11 6 500 137.71 
19 16 100 437.63 
1 14 50 174.55 
8 13 100 748.69 
7 17 500 219.62 
1 7 500 127.58 
16 7 50 300.82 
15 6 100 273.82 
8 15 1000 747.81 
16 3 100 196.57 
12 6 100 130.4 
9 4 50 132.94 
8 3 100 200.52 
16 15 1000 779.26 
15 8 100 747.81 
14 9 50 768.62 
7 19 100 241.25 
12 10 500 174.77 
9 14 500 768.62 
15 3 50 187.19 
3 13 50 217 
6 9 500 247.1 
12 11 50 218.72 
4 12 50 93.5 
15 12 50 588.79 
5 6 50 379.55 
14 12 1000 595.63 
13 7 500 382.63 
9 8 50 554.59 
16 14 500 844.77 
5 8 100 90.07 
16 12 100 763.61 
4 16 50 105.15 
6 16 500 300.82 
9 5 500 94.58 
8 16 50 804.97 
17 13 100 463.18 
16 5 100 91.98 
15 13 500 639.49 
15 4 50 134.13 
14 6 100 305.13 
6 4 100 379.55 
15 5 1000 101.35 
6 17 1000 219.62 
8 12 100 748.69 
6 5 100 379.55 
13 14 50 981.6 
6 14 100 305.13 
7 13 100 382.63 
4 6 500 379.55 
6 12 1000 130.4 
12 13 1000 748.69 
9 6 50 247.1 
7 14 1000 285.45 
7 5 50 379.55 
14 16 100 844.77 
12 7 1000 130.4 
13 9 50 593.8 
12 17 50 210.51 
14 13 1000 981.6 
5 7 500 379.55 
4 8 500 77.07 
5 9 100 94.58 
7 8 50 218.09 
9 12 1000 416.38 
16 13 100 800.8 
6 13 50 395.65 
4 15 100 134.13 
13 16 500 800.8 
14 7 100 285.45 
4 14 50 118.24 
8 9 1000 554.59 
13 8 1000 748.69 
12 9 100 416.38 
7 16 1000 300.82 
7 15 50 273.82 
14 8 500 709.44 
13 6 500 395.65 
16 9 50 815.66 
8 14 1000 709.44 
9 7 500 247.1 
14 15 100 796.63 
14 17 50 804.81 
5 16 1000 91.98 
4 9 500 132.94 
8 6 1000 218.09 
9 17 100 455.64 
4 17 50 83.74 
9 13 500 593.8 
15 9 500 771.79 
15 16 100 779.26 
12 8 1000 748.69 
8 17 100 401.66 
4 7 50 379.55 
13 15 50 639.49 
