30 216 279 
7 23 50000 1 0 895.1 
21 24 5000 10 0 791.6 
13 27 20000 2.5 0 995.96 
15 16 50000 1 0 612.78 
11 24 10000 5 0 722.67 
13 19 10000 5 0 866.22 
7 21 20000 2.5 0 809.74 
7 12 20000 2.5 0 480.78 
1 10 10000 5 0 625.05 
11 18 10000 5 0 86.21 
15 18 5000 10 0 903.85 
17 20 5000 10 0 941.7 
3 26 20000 2.5 0 736.44 
3 23 20000 2.5 0 656.08 
3 27 50000 1 0 340.11 
4 13 5000 10 0 906.69 
14 23 5000 10 0 461.21 
0 4 10000 5 0 667.99 
4 20 5000 10 0 147.2 
2 11 10000 5 0 455.93 
16 21 50000 1 0 60.91 
11 14 50000 1 0 767.69 
6 20 50000 1 0 541.77 
0 12 10000 5 0 312.61 
12 24 5000 10 0 584.28 
3 17 5000 10 0 674.03 
4 27 10000 5 0 107.69 
0 24 5000 10 0 679.1 
6 28 10000 5 0 513.67 
19 20 50000 1 0 199.7 
10 11 20000 2.5 0 699.54 
8 14 10000 5 0 291.36 
27 29 20000 2.5 0 84.84 
1 6 50000 1 0 536.57 
2 5 5000 10 0 545.5 
22 24 20000 2.5 0 64.85 
6 7 10000 5 0 285.38 
25 27 50000 1 0 747.89 
5 28 20000 2.5 0 821.98 
15 25 10000 5 0 624.89 
27 28 20000 2.5 0 782.65 
3 8 50000 1 0 496.09 
0 6 50000 1 0 862.4 
9 16 5000 10 0 441.46 
12 19 10000 5 0 522.28 
2 24 10000 5 0 275.45 
18 23 10000 5 0 591.82 
5 11 10000 5 0 823.21 
2 12 50000 1 0 326.92 
17 25 20000 2.5 0 244.72 
5 10 20000 2.5 0 130 
10 25 10000 5 0 449.19 
20 27 20000 2.5 0 76.99 
16 25 5000 10 0 430.47 
12 29 5000 10 0 506.13 
7 24 50000 1 0 314.84 
11 23 50000 1 0 644.17 
12 25 10000 5 0 507.02 
9 21 20000 2.5 0 400.02 
2 19 10000 5 0 196.73 
9 19 50000 1 0 655.03 
0 26 20000 2.5 0 703.88 
11 21 50000 1 0 496.73 
9 10 20000 2.5 0 575.11 
3 5 20000 2.5 0 630.45 
6 25 50000 1 0 293.31 
10 16 5000 10 0 544.52 
6 14 20000 2.5 0 643.57 
14 19 50000 1 0 323.49 
19 24 5000 10 0 144.28 
19 25 10000 5 0 633.87 
12 27 50000 1 0 578.27 
16 18 50000 1 0 477.24 
0 14 10000 5 0 495.58 
9 28 50000 1 0 121.3 
12 16 10000 5 0 581.02 
0 15 5000 10 0 773.4 
0 28 50000 1 0 385.39 
5 27 50000 1 0 290.46 
5 6 50000 1 0 316.47 
10 13 50000 1 0 615.53 
0 11 50000 1 0 410.16 
21 28 50000 1 0 435.63 
1 25 10000 5 0 259.58 
6 16 5000 10 0 600.68 
6 18 10000 5 0 589.84 
1 23 20000 2.5 0 383.04 
4 19 5000 10 0 82.22 
14 17 20000 2.5 0 815.68 
0 2 20000 2.5 0 575.53 
1 20 10000 5 0 925.09 
7 11 5000 10 0 460.53 
5 19 20000 2.5 0 349.56 
10 28 5000 10 0 698.7 
19 28 5000 10 0 662.57 
2 15 50000 1 0 470.68 
18 20 20000 2.5 0 720.2 
1 7 50000 1 0 689.21 
3 14 5000 10 0 328.81 
3 11 10000 5 0 451.08 
23 28 5000 10 0 594.66 
2 23 10000 5 0 797.62 
4 21 5000 10 0 895.38 
1 27 50000 1 0 997.37 
1 19 50000 1 0 865.7 
0 22 50000 1 0 712.92 
23 24 5000 10 0 623.15 
4 8 50000 1 0 237.43 
23 7 50000 1 0 895.1 
24 21 5000 10 0 791.6 
27 13 20000 2.5 0 995.96 
16 15 50000 1 0 612.78 
24 11 10000 5 0 722.67 
19 13 10000 5 0 866.22 
21 7 20000 2.5 0 809.74 
12 7 20000 2.5 0 480.78 
10 1 10000 5 0 625.05 
18 11 10000 5 0 86.21 
18 15 5000 10 0 903.85 
20 17 5000 10 0 941.7 
26 3 20000 2.5 0 736.44 
23 3 20000 2.5 0 656.08 
27 3 50000 1 0 340.11 
13 4 5000 10 0 906.69 
23 14 5000 10 0 461.21 
4 0 10000 5 0 667.99 
20 4 5000 10 0 147.2 
11 2 10000 5 0 455.93 
21 16 50000 1 0 60.91 
14 11 50000 1 0 767.69 
20 6 50000 1 0 541.77 
12 0 10000 5 0 312.61 
24 12 5000 10 0 584.28 
17 3 5000 10 0 674.03 
27 4 10000 5 0 107.69 
24 0 5000 10 0 679.1 
28 6 10000 5 0 513.67 
20 19 50000 1 0 199.7 
11 10 20000 2.5 0 699.54 
14 8 10000 5 0 291.36 
29 27 20000 2.5 0 84.84 
6 1 50000 1 0 536.57 
5 2 5000 10 0 545.5 
24 22 20000 2.5 0 64.85 
7 6 10000 5 0 285.38 
27 25 50000 1 0 747.89 
28 5 20000 2.5 0 821.98 
25 15 10000 5 0 624.89 
28 27 20000 2.5 0 782.65 
8 3 50000 1 0 496.09 
6 0 50000 1 0 862.4 
16 9 5000 10 0 441.46 
19 12 10000 5 0 522.28 
24 2 10000 5 0 275.45 
23 18 10000 5 0 591.82 
11 5 10000 5 0 823.21 
12 2 50000 1 0 326.92 
25 17 20000 2.5 0 244.72 
10 5 20000 2.5 0 130 
25 10 10000 5 0 449.19 
27 20 20000 2.5 0 76.99 
25 16 5000 10 0 430.47 
29 12 5000 10 0 506.13 
24 7 50000 1 0 314.84 
23 11 50000 1 0 644.17 
25 12 10000 5 0 507.02 
21 9 20000 2.5 0 400.02 
19 2 10000 5 0 196.73 
19 9 50000 1 0 655.03 
26 0 20000 2.5 0 703.88 
21 11 50000 1 0 496.73 
10 9 20000 2.5 0 575.11 
5 3 20000 2.5 0 630.45 
25 6 50000 1 0 293.31 
16 10 5000 10 0 544.52 
14 6 20000 2.5 0 643.57 
19 14 50000 1 0 323.49 
24 19 5000 10 0 144.28 
25 19 10000 5 0 633.87 
27 12 50000 1 0 578.27 
18 16 50000 1 0 477.24 
14 0 10000 5 0 495.58 
28 9 50000 1 0 121.3 
16 12 10000 5 0 581.02 
15 0 5000 10 0 773.4 
28 0 50000 1 0 385.39 
27 5 50000 1 0 290.46 
6 5 50000 1 0 316.47 
13 10 50000 1 0 615.53 
11 0 50000 1 0 410.16 
28 21 50000 1 0 435.63 
25 1 10000 5 0 259.58 
16 6 5000 10 0 600.68 
18 6 10000 5 0 589.84 
23 1 20000 2.5 0 383.04 
19 4 5000 10 0 82.22 
17 14 20000 2.5 0 815.68 
2 0 20000 2.5 0 575.53 
20 1 10000 5 0 925.09 
11 7 5000 10 0 460.53 
19 5 20000 2.5 0 349.56 
28 10 5000 10 0 698.7 
28 19 5000 10 0 662.57 
15 2 50000 1 0 470.68 
20 18 20000 2.5 0 720.2 
7 1 50000 1 0 689.21 
14 3 5000 10 0 328.81 
11 3 10000 5 0 451.08 
28 23 5000 10 0 594.66 
23 2 10000 5 0 797.62 
21 4 5000 10 0 895.38 
27 1 50000 1 0 997.37 
19 1 50000 1 0 865.7 
22 0 50000 1 0 712.92 
24 23 5000 10 0 623.15 
8 4 50000 1 0 237.43 
13 3 100 305.12 
6 5 50 264.68 
19 8 50 415.15 
21 17 50 286.46 
26 18 500 141.89 
1 13 100 148.86 
28 8 50 194.07 
15 19 100 109.06 
13 6 500 203.42 
15 0 50 283.21 
26 6 1000 284.43 
22 25 1000 226.56 
13 5 500 431.09 
8 11 100 263.9 
5 17 1000 266.82 
22 18 500 263.28 
20 19 1000 237.07 
15 21 100 251.83 
27 4 1000 277.38 
27 23 50 254.39 
14 12 100 219.58 
22 15 100 210.09 
25 1 1000 179.82 
20 12 1000 440.02 
10 18 1000 260.33 
20 15 500 177.9 
16 8 50 164.23 
10 19 100 288.89 
7 13 500 198.02 
22 23 100 168.85 
24 5 50 513.16 
9 2 1000 148.33 
23 7 50 326.19 
5 14 500 450.67 
3 15 1000 271.14 
19 10 100 288.89 
17 6 500 213.45 
6 3 500 225.59 
1 14 1000 141.92 
18 15 100 272.52 
14 8 1000 355.09 
10 27 50 309.03 
8 4 50 452.57 
22 28 500 217.51 
2 1 50 161.59 
18 29 50 193.04 
22 29 1000 308.99 
16 24 50 168.09 
14 22 50 333.49 
28 11 500 392.33 
6 1 100 183 
24 8 100 349.98 
19 17 100 199.43 
18 5 1000 319.04 
24 7 100 317.4 
13 27 50 621.88 
18 16 500 302.86 
26 10 100 162.35 
28 6 500 238 
14 3 500 463.21 
11 8 100 263.9 
25 17 1000 236.73 
15 28 50 292.98 
0 9 50 245.46 
0 28 500 173.13 
1 9 1000 200.55 
22 10 100 442.16 
1 10 500 255.34 
18 14 500 305.82 
10 3 100 284.79 
14 21 1000 163.3 
27 20 500 297.99 
28 13 500 232.97 
3 4 50 425.89 
2 19 50 320.54 
25 3 50 299.11 
8 12 100 307.86 
21 2 50 213.13 
5 27 100 402.84 
19 4 50 235.7 
29 16 500 135.2 
5 0 50 184.68 
18 13 500 146.88 
27 3 1000 468.21 
23 24 1000 168.85 
7 24 500 317.4 
8 0 50 196.49 
6 11 50 213.88 
29 14 50 330.19 
1 29 1000 225.97 
28 17 50 266.12 
11 10 50 303.74 
17 7 1000 151.66 
23 16 100 284.26 
5 3 1000 287.94 
13 22 100 396.22 
7 10 500 188.24 
27 18 100 195.09 
6 10 50 333.7 
11 6 500 213.88 
19 3 1000 361.61 
16 12 100 236.56 
7 17 50 151.66 
0 6 500 132.52 
16 6 50 463.63 
2 3 100 333.67 
8 13 500 429.92 
10 11 500 303.74 
9 6 500 210.76 
14 10 100 374.46 
16 5 50 126.76 
27 19 500 344.67 
21 27 100 132.6 
21 10 50 344.49 
5 28 500 276.7 
4 9 100 249.87 
28 5 1000 276.7 
13 28 100 232.97 
25 11 500 259.97 
21 1 1000 165.61 
29 20 1000 229.5 
28 27 500 295.13 
7 0 100 335.89 
16 29 50 135.2 
23 17 50 220.69 
23 2 500 160.36 
9 13 50 242.88 
26 21 500 236.2 
19 11 50 259.81 
12 25 50 89.16 
12 4 50 429.96 
15 3 500 271.14 
15 12 50 309.78 
17 25 500 236.73 
21 0 100 195.83 
21 14 100 163.3 
6 16 100 463.63 
9 24 1000 218.36 
16 11 100 332.86 
22 14 500 333.49 
0 5 500 184.68 
11 17 1000 259.47 
18 8 100 269.81 
2 11 500 223 
4 8 1000 452.57 
6 27 500 315.93 
6 14 100 219.11 
29 17 1000 316.67 
22 4 100 159.69 
8 3 100 386.81 
2 21 100 213.13 
22 8 100 337.28 
22 9 500 246.77 
2 28 1000 152.82 
0 7 50 335.89 
24 12 500 376.03 
4 2 500 319.55 
13 29 50 579.86 
9 20 1000 311.89 
7 26 500 276.75 
27 8 100 533.54 
4 20 1000 254.25 
17 1 50 213.72 
27 25 100 224.53 
0 20 50 190.09 
27 21 50 132.6 
7 29 1000 280.22 
4 19 500 235.7 
2 23 50 160.36 
6 26 100 284.43 
23 28 50 176.01 
6 9 50 210.76 
17 21 50 286.46 
28 20 50 214.81 
7 14 50 206.28 
19 25 100 300.53 
29 4 100 294.64 
13 15 50 299.47 
8 6 50 251.64 
9 27 50 255.73 
6 22 1000 291.36 
4 13 50 585.41 
20 9 50 311.89 
23 15 1000 272.13 
28 12 500 259.97 
14 23 50 231.99 
2 20 50 312.62 
0 15 100 283.21 
17 13 500 104.94 
26 28 50 147.02 
25 27 100 224.53 
2 27 100 475.33 
1 2 100 161.59 
21 11 1000 300.21 
18 20 50 263.7 
11 15 50 305.82 
1 20 500 274.21 
27 2 1000 475.33 
3 9 50 236.86 
18 17 100 192.54 
26 2 100 283.35 
24 18 1000 241.75 
20 25 500 167.75 
21 25 50 284.48 
12 17 500 100.23 
3 8 500 386.81 
26 29 100 169.89 
20 16 500 118.31 
12 10 1000 189.21 
4 21 50 155.52 
8 18 100 269.81 
15 17 1000 155.21 
0 24 500 482.08 
9 23 100 197.67 
29 6 1000 303.23 
4 24 100 163.74 
4 3 1000 425.89 
15 22 500 210.09 
10 9 50 365.78 
16 23 50 284.26 
4 27 50 277.38 
17 0 500 171.03 
13 21 1000 218.63 
29 15 50 318.86 
23 8 500 281.31 
2 18 50 259.45 
29 25 100 226.04 
9 1 100 200.55 
5 19 500 358.53 
20 4 1000 254.25 
3 10 500 284.79 
5 29 50 375.3 
3 23 50 303.47 
9 10 1000 365.78 
8 15 500 261.25 
8 7 1000 262.31 
15 7 500 206.45 
20 22 1000 208.32 
0 25 50 224.58 
22 26 50 281.67 
26 4 500 251.04 
0 19 500 313.24 
20 18 50 263.7 
4 25 50 312.11 
7 2 1000 205.35 
10 2 50 392.95 
11 2 1000 223 
28 21 1000 336.4 
20 5 1000 463.94 
19 7 50 328.44 
25 15 1000 213.95 
4 0 1000 225.42 
21 24 1000 193.25 
25 7 50 183.69 
24 26 50 281.67 
19 15 500 109.06 
14 16 100 174.9 
16 13 100 190.24 
15 8 100 261.25 
17 5 100 266.82 
7 19 500 328.44 
7 4 1000 263.31 
27 28 1000 295.13 
26 17 500 155.89 
17 26 500 155.89 
16 10 100 318.29 
11 13 100 172.43 
23 5 50 188.07 
15 26 100 170.33 
4 29 50 294.64 
22 21 50 193.25 
26 13 50 205.27 
19 9 500 164.69 
7 22 50 308.89 
14 18 50 305.82 
1 22 500 144.09 
16 9 1000 328.85 
10 15 500 307 
10 22 100 442.16 
