30 216 279 
7 23 50000 1 1 895.1 
21 24 5000 10 1 791.6 
13 27 20000 2.5 1 995.96 
15 16 50000 1 1 612.78 
11 24 10000 5 1 722.67 
13 19 10000 5 1 866.22 
7 21 20000 2.5 1 809.74 
7 12 20000 2.5 1 480.78 
1 10 10000 5 1 625.05 
11 18 10000 5 1 86.21 
15 18 5000 10 1 903.85 
17 20 5000 10 1 941.7 
3 26 20000 2.5 1 736.44 
3 23 20000 2.5 1 656.08 
3 27 50000 1 1 340.11 
4 13 5000 10 1 906.69 
14 23 5000 10 1 461.21 
0 4 10000 5 1 667.99 
4 20 5000 10 1 147.2 
2 11 10000 5 1 455.93 
16 21 50000 1 1 60.91 
11 14 50000 1 1 767.69 
6 20 50000 1 1 541.77 
0 12 10000 5 1 312.61 
12 24 5000 10 1 584.28 
3 17 5000 10 1 674.03 
4 27 10000 5 1 107.69 
0 24 5000 10 1 679.1 
6 28 10000 5 1 513.67 
19 20 50000 1 1 199.7 
10 11 20000 2.5 1 699.54 
8 14 10000 5 1 291.36 
27 29 20000 2.5 1 84.84 
1 6 50000 1 1 536.57 
2 5 5000 10 1 545.5 
22 24 20000 2.5 1 64.85 
6 7 10000 5 1 285.38 
25 27 50000 1 1 747.89 
5 28 20000 2.5 1 821.98 
15 25 10000 5 1 624.89 
27 28 20000 2.5 1 782.65 
3 8 50000 1 1 496.09 
0 6 50000 1 1 862.4 
9 16 5000 10 1 441.46 
12 19 10000 5 1 522.28 
2 24 10000 5 1 275.45 
18 23 10000 5 1 591.82 
5 11 10000 5 1 823.21 
2 12 50000 1 1 326.92 
17 25 20000 2.5 1 244.72 
5 10 20000 2.5 1 130 
10 25 10000 5 1 449.19 
20 27 20000 2.5 1 76.99 
16 25 5000 10 1 430.47 
12 29 5000 10 1 506.13 
7 24 50000 1 1 314.84 
11 23 50000 1 1 644.17 
12 25 10000 5 1 507.02 
9 21 20000 2.5 1 400.02 
2 19 10000 5 1 196.73 
9 19 50000 1 1 655.03 
0 26 20000 2.5 1 703.88 
11 21 50000 1 1 496.73 
9 10 20000 2.5 1 575.11 
3 5 20000 2.5 1 630.45 
6 25 50000 1 1 293.31 
10 16 5000 10 1 544.52 
6 14 20000 2.5 1 643.57 
14 19 50000 1 1 323.49 
19 24 5000 10 1 144.28 
19 25 10000 5 1 633.87 
12 27 50000 1 1 578.27 
16 18 50000 1 1 477.24 
0 14 10000 5 1 495.58 
9 28 50000 1 1 121.3 
12 16 10000 5 1 581.02 
0 15 5000 10 1 773.4 
0 28 50000 1 1 385.39 
5 27 50000 1 1 290.46 
5 6 50000 1 1 316.47 
10 13 50000 1 1 615.53 
0 11 50000 1 1 410.16 
21 28 50000 1 1 435.63 
1 25 10000 5 1 259.58 
6 16 5000 10 1 600.68 
6 18 10000 5 1 589.84 
1 23 20000 2.5 1 383.04 
4 19 5000 10 1 82.22 
14 17 20000 2.5 1 815.68 
0 2 20000 2.5 1 575.53 
1 20 10000 5 1 925.09 
7 11 5000 10 1 460.53 
5 19 20000 2.5 1 349.56 
10 28 5000 10 1 698.7 
19 28 5000 10 1 662.57 
2 15 50000 1 1 470.68 
18 20 20000 2.5 1 720.2 
1 7 50000 1 1 689.21 
3 14 5000 10 1 328.81 
3 11 10000 5 1 451.08 
23 28 5000 10 1 594.66 
2 23 10000 5 1 797.62 
4 21 5000 10 1 895.38 
1 27 50000 1 1 997.37 
1 19 50000 1 1 865.7 
0 22 50000 1 1 712.92 
23 24 5000 10 1 623.15 
4 8 50000 1 1 237.43 
23 7 50000 1 1 895.1 
24 21 5000 10 1 791.6 
27 13 20000 2.5 1 995.96 
16 15 50000 1 1 612.78 
24 11 10000 5 1 722.67 
19 13 10000 5 1 866.22 
21 7 20000 2.5 1 809.74 
12 7 20000 2.5 1 480.78 
10 1 10000 5 1 625.05 
18 11 10000 5 1 86.21 
18 15 5000 10 1 903.85 
20 17 5000 10 1 941.7 
26 3 20000 2.5 1 736.44 
23 3 20000 2.5 1 656.08 
27 3 50000 1 1 340.11 
13 4 5000 10 1 906.69 
23 14 5000 10 1 461.21 
4 0 10000 5 1 667.99 
20 4 5000 10 1 147.2 
11 2 10000 5 1 455.93 
21 16 50000 1 1 60.91 
14 11 50000 1 1 767.69 
20 6 50000 1 1 541.77 
12 0 10000 5 1 312.61 
24 12 5000 10 1 584.28 
17 3 5000 10 1 674.03 
27 4 10000 5 1 107.69 
24 0 5000 10 1 679.1 
28 6 10000 5 1 513.67 
20 19 50000 1 1 199.7 
11 10 20000 2.5 1 699.54 
14 8 10000 5 1 291.36 
29 27 20000 2.5 1 84.84 
6 1 50000 1 1 536.57 
5 2 5000 10 1 545.5 
24 22 20000 2.5 1 64.85 
7 6 10000 5 1 285.38 
27 25 50000 1 1 747.89 
28 5 20000 2.5 1 821.98 
25 15 10000 5 1 624.89 
28 27 20000 2.5 1 782.65 
8 3 50000 1 1 496.09 
6 0 50000 1 1 862.4 
16 9 5000 10 1 441.46 
19 12 10000 5 1 522.28 
24 2 10000 5 1 275.45 
23 18 10000 5 1 591.82 
11 5 10000 5 1 823.21 
12 2 50000 1 1 326.92 
25 17 20000 2.5 1 244.72 
10 5 20000 2.5 1 130 
25 10 10000 5 1 449.19 
27 20 20000 2.5 1 76.99 
25 16 5000 10 1 430.47 
29 12 5000 10 1 506.13 
24 7 50000 1 1 314.84 
23 11 50000 1 1 644.17 
25 12 10000 5 1 507.02 
21 9 20000 2.5 1 400.02 
19 2 10000 5 1 196.73 
19 9 50000 1 1 655.03 
26 0 20000 2.5 1 703.88 
21 11 50000 1 1 496.73 
10 9 20000 2.5 1 575.11 
5 3 20000 2.5 1 630.45 
25 6 50000 1 1 293.31 
16 10 5000 10 1 544.52 
14 6 20000 2.5 1 643.57 
19 14 50000 1 1 323.49 
24 19 5000 10 1 144.28 
25 19 10000 5 1 633.87 
27 12 50000 1 1 578.27 
18 16 50000 1 1 477.24 
14 0 10000 5 1 495.58 
28 9 50000 1 1 121.3 
16 12 10000 5 1 581.02 
15 0 5000 10 1 773.4 
28 0 50000 1 1 385.39 
27 5 50000 1 1 290.46 
6 5 50000 1 1 316.47 
13 10 50000 1 1 615.53 
11 0 50000 1 1 410.16 
28 21 50000 1 1 435.63 
25 1 10000 5 1 259.58 
16 6 5000 10 1 600.68 
18 6 10000 5 1 589.84 
23 1 20000 2.5 1 383.04 
19 4 5000 10 1 82.22 
17 14 20000 2.5 1 815.68 
2 0 20000 2.5 1 575.53 
20 1 10000 5 1 925.09 
11 7 5000 10 1 460.53 
19 5 20000 2.5 1 349.56 
28 10 5000 10 1 698.7 
28 19 5000 10 1 662.57 
15 2 50000 1 1 470.68 
20 18 20000 2.5 1 720.2 
7 1 50000 1 1 689.21 
14 3 5000 10 1 328.81 
11 3 10000 5 1 451.08 
28 23 5000 10 1 594.66 
23 2 10000 5 1 797.62 
21 4 5000 10 1 895.38 
27 1 50000 1 1 997.37 
19 1 50000 1 1 865.7 
22 0 50000 1 1 712.92 
24 23 5000 10 1 623.15 
8 4 50000 1 1 237.43 
13 3 100 363.21 
6 5 50 339.06 
19 8 50 461.93 
21 17 50 354.95 
26 18 500 210.18 
1 13 100 197 
28 8 50 274.16 
15 19 100 161.4 
13 6 500 291.78 
15 0 50 388.17 
26 6 1000 342.55 
22 25 1000 294.12 
13 5 500 514.45 
8 11 100 336.18 
5 17 1000 318.55 
22 18 500 340.9 
20 19 1000 355.48 
15 21 100 351.44 
27 4 1000 417.62 
27 23 50 336.34 
14 12 100 289.44 
22 15 100 259.66 
25 1 1000 219.36 
20 12 1000 515.24 
10 18 1000 335.91 
20 15 500 280.16 
16 8 50 193.62 
10 19 100 330.04 
7 13 500 261.57 
22 23 100 280.45 
24 5 50 582.74 
9 2 1000 177.4 
23 7 50 377.34 
5 14 500 533.54 
3 15 1000 363.21 
19 10 100 330.04 
17 6 500 269.83 
6 3 500 293.15 
1 14 1000 172.13 
18 15 100 339.09 
14 8 1000 419.56 
10 27 50 370.25 
8 4 50 554.9 
22 28 500 304.29 
2 1 50 197.43 
18 29 50 255.43 
22 29 1000 407.43 
16 24 50 258.6 
14 22 50 391.66 
28 11 500 438.82 
6 1 100 278.88 
24 8 100 402.64 
19 17 100 327.43 
18 5 1000 390.88 
24 7 100 410.07 
13 27 50 666.64 
18 16 500 369.52 
26 10 100 246.26 
28 6 500 289.37 
14 3 500 587.34 
11 8 100 336.18 
25 17 1000 264.2 
15 28 50 311.06 
0 9 50 287 
0 28 500 227.88 
1 9 1000 282.31 
22 10 100 500.46 
1 10 500 316.87 
18 14 500 367.36 
10 3 100 362.71 
14 21 1000 207.26 
27 20 500 359.63 
28 13 500 302.2 
3 4 50 474.72 
2 19 50 415.54 
25 3 50 336.08 
8 12 100 402.18 
21 2 50 263.26 
5 27 100 466.92 
19 4 50 294.64 
29 16 500 183.46 
5 0 50 218.23 
18 13 500 216.41 
27 3 1000 507.64 
23 24 1000 283.6 
7 24 500 410.07 
8 0 50 251.22 
6 11 50 256.78 
29 14 50 392.82 
1 29 1000 312.62 
28 17 50 316.63 
11 10 50 368.37 
17 7 1000 207.53 
23 16 100 311.48 
5 3 1000 388.76 
13 22 100 543.3 
7 10 500 268.79 
27 18 100 260.62 
6 10 50 408.23 
11 6 500 256.78 
19 3 1000 494.18 
16 12 100 329.96 
7 17 50 207.53 
0 6 500 171.85 
16 6 50 488.77 
2 3 100 429.47 
8 13 500 498.66 
10 11 500 368.37 
9 6 500 275.29 
14 10 100 440.52 
16 5 50 183.22 
27 19 500 444.06 
21 27 100 164.03 
21 10 50 401.87 
5 28 500 338.31 
4 9 100 337.01 
28 5 1000 338.31 
13 28 100 302.2 
25 11 500 304.26 
21 1 1000 251.28 
29 20 1000 360.15 
28 27 500 344.36 
7 0 100 439.29 
16 29 50 183.46 
23 17 50 259.97 
23 2 500 218.25 
9 13 50 324.82 
26 21 500 271.83 
19 11 50 329.37 
12 25 50 156.38 
12 4 50 515.94 
15 3 500 363.21 
15 12 50 372.71 
17 25 500 264.2 
21 0 100 248.15 
21 14 100 207.26 
6 16 100 488.77 
9 24 1000 291.63 
16 11 100 388.38 
22 14 500 391.66 
0 5 500 218.23 
11 17 1000 291.54 
18 8 100 306.76 
2 11 500 274.08 
4 8 1000 554.9 
6 27 500 355.35 
6 14 100 308.72 
29 17 1000 374.91 
22 4 100 212.71 
8 3 100 481.79 
2 21 100 263.26 
22 8 100 393.71 
22 9 500 320.04 
2 28 1000 216.89 
0 7 50 439.29 
24 12 500 506.28 
4 2 500 462.58 
13 29 50 659.51 
9 20 1000 348.72 
7 26 500 323.91 
27 8 100 598.61 
4 20 1000 353.87 
17 1 50 226.73 
27 25 100 324.94 
0 20 50 243.75 
27 21 50 164.03 
7 29 1000 362.54 
4 19 500 294.64 
2 23 50 218.25 
6 26 100 342.55 
23 28 50 227.19 
6 9 50 275.29 
17 21 50 354.95 
28 20 50 261.62 
7 14 50 246.51 
19 25 100 350.1 
29 4 100 385.05 
13 15 50 409.29 
8 6 50 320.38 
9 27 50 299.85 
6 22 1000 355.55 
4 13 50 702.79 
20 9 50 348.72 
23 15 1000 347.87 
28 12 500 352.64 
14 23 50 349.59 
2 20 50 424.33 
0 15 100 388.17 
17 13 500 136.22 
26 28 50 168.35 
25 27 100 324.94 
2 27 100 592.09 
1 2 100 197.43 
21 11 1000 366.64 
18 20 50 281.66 
11 15 50 366.59 
1 20 500 309.15 
27 2 1000 592.09 
3 9 50 353.36 
18 17 100 255.53 
26 2 100 335.67 
24 18 1000 319.37 
20 25 500 226.25 
21 25 50 357.02 
12 17 500 122.6 
3 8 500 481.79 
26 29 100 264.68 
20 16 500 171.42 
12 10 1000 274.27 
4 21 50 198.67 
8 18 100 306.76 
15 17 1000 219.94 
0 24 500 539.6 
9 23 100 294.07 
29 6 1000 355.35 
4 24 100 216.05 
4 3 1000 474.72 
15 22 500 259.66 
10 9 50 439.05 
16 23 50 311.48 
4 27 50 417.62 
17 0 500 266.71 
13 21 1000 266.38 
29 15 50 405.92 
23 8 500 353.4 
2 18 50 326.13 
29 25 100 326.45 
9 1 100 282.31 
5 19 500 482.61 
20 4 1000 353.87 
3 10 500 362.71 
5 29 50 441.11 
3 23 50 333.68 
9 10 1000 439.05 
8 15 500 295.37 
8 7 1000 317.7 
15 7 500 306.29 
20 22 1000 256.17 
0 25 50 273.21 
22 26 50 365.6 
26 4 500 315.04 
0 19 500 399.64 
20 18 50 281.66 
4 25 50 356.44 
7 2 1000 291.87 
10 2 50 428.06 
11 2 1000 274.08 
28 21 1000 392.05 
20 5 1000 503.82 
19 7 50 420.65 
25 15 1000 290.76 
4 0 1000 334.96 
21 24 1000 308.17 
25 7 50 241.38 
24 26 50 365.6 
19 15 500 161.4 
14 16 100 249.17 
16 13 100 230.57 
15 8 100 295.37 
17 5 100 318.55 
7 19 500 420.65 
7 4 1000 344.01 
27 28 1000 344.36 
26 17 500 214.83 
17 26 500 214.83 
16 10 100 377.21 
11 13 100 218.38 
23 5 50 249.01 
15 26 100 268.94 
4 29 50 385.05 
22 21 50 305.22 
26 13 50 270.62 
19 9 500 223 
7 22 50 405.05 
14 18 50 367.36 
1 22 500 209.65 
16 9 1000 401.39 
10 15 500 377.52 
10 22 100 500.46 
