20 56 58 
7 15 50000 1 1 488.63 
0 14 50000 1 1 152.06 
4 16 20000 2.5 1 506.46 
5 16 10000 5 1 567.73 
3 4 10000 5 1 548.51 
17 18 10000 5 1 305.94 
10 16 10000 5 1 337.43 
7 17 20000 2.5 1 155.21 
3 11 50000 1 1 445.26 
2 16 10000 5 1 546.68 
3 12 50000 1 1 371.5 
0 12 5000 10 1 388.71 
9 11 50000 1 1 574.27 
9 16 5000 10 1 401.16 
1 19 50000 1 1 564.74 
3 17 20000 2.5 1 336.51 
5 17 50000 1 1 661.23 
12 19 20000 2.5 1 445.55 
1 8 50000 1 1 628.62 
2 6 10000 5 1 168.43 
4 14 10000 5 1 828.65 
5 11 20000 2.5 1 510.89 
15 16 50000 1 1 671.97 
2 4 10000 5 1 836.13 
0 7 20000 2.5 1 838.43 
2 13 10000 5 1 81.18 
1 10 20000 2.5 1 521.83 
2 12 10000 5 1 651.19 
15 7 50000 1 1 488.63 
14 0 50000 1 1 152.06 
16 4 20000 2.5 1 506.46 
16 5 10000 5 1 567.73 
4 3 10000 5 1 548.51 
18 17 10000 5 1 305.94 
16 10 10000 5 1 337.43 
17 7 20000 2.5 1 155.21 
11 3 50000 1 1 445.26 
16 2 10000 5 1 546.68 
12 3 50000 1 1 371.5 
12 0 5000 10 1 388.71 
11 9 50000 1 1 574.27 
16 9 5000 10 1 401.16 
19 1 50000 1 1 564.74 
17 3 20000 2.5 1 336.51 
17 5 50000 1 1 661.23 
19 12 20000 2.5 1 445.55 
8 1 50000 1 1 628.62 
6 2 10000 5 1 168.43 
14 4 10000 5 1 828.65 
11 5 20000 2.5 1 510.89 
16 15 50000 1 1 671.97 
4 2 10000 5 1 836.13 
7 0 20000 2.5 1 838.43 
13 2 10000 5 1 81.18 
10 1 20000 2.5 1 521.83 
12 2 10000 5 1 651.19 
16 0 50 731.17 
15 5 100 516.02 
7 1 50 436.34 
0 5 1000 734.74 
16 14 50 528.35 
0 16 1000 731.17 
4 7 500 752.52 
12 17 100 468.91 
0 17 500 414.99 
10 11 1000 864.47 
7 17 500 574.42 
3 0 50 408.67 
17 15 100 705.94 
5 2 1000 720.24 
14 1 500 526.38 
7 4 100 752.52 
9 2 500 490.39 
5 19 50 428.06 
3 12 1000 593.14 
16 7 1000 776.94 
0 3 1000 408.67 
7 10 100 780.12 
16 4 100 402.96 
16 5 1000 582.58 
5 16 1000 582.58 
17 16 1000 700.17 
3 15 500 798.5 
0 7 50 523.21 
0 10 500 689.58 
11 5 500 901.58 
2 9 50 490.39 
5 11 100 901.58 
12 16 50 1035.8 
2 7 100 582.99 
15 3 500 798.5 
9 1 500 455.82 
19 7 1000 473.94 
4 17 50 876.35 
7 3 50 795.91 
19 11 100 514.4 
10 5 1000 678.01 
15 1 500 363.92 
7 12 500 468.91 
4 16 500 402.96 
10 2 500 701.42 
17 19 50 544.58 
3 9 1000 851.7 
19 17 1000 544.58 
17 9 100 508.34 
3 4 500 741.76 
9 5 1000 630.32 
1 2 50 423.04 
3 7 100 795.91 
12 0 100 528.43 
12 11 1000 547.97 
15 14 500 474.66 
9 0 50 554.22 
4 10 1000 740.46 
