20 76 81 
3 10 50000 1 0 179.8 
3 16 50000 1 0 82.38 
1 14 50000 1 0 699.96 
9 11 20000 2.5 0 93.63 
11 15 10000 5 0 694.11 
6 13 20000 2.5 0 364.34 
0 7 10000 5 0 592.33 
9 13 50000 1 0 267.77 
12 16 50000 1 0 283.26 
8 11 10000 5 0 197.21 
3 17 50000 1 0 597.45 
0 3 50000 1 0 780.79 
2 16 20000 2.5 0 922.19 
4 15 50000 1 0 130.87 
1 16 50000 1 0 105.29 
11 16 5000 10 0 346.71 
7 17 10000 5 0 715.12 
1 11 10000 5 0 424.61 
0 18 20000 2.5 0 773.77 
9 12 5000 10 0 341.35 
6 19 10000 5 0 599.22 
3 7 50000 1 0 263.88 
2 12 20000 2.5 0 788.49 
3 12 10000 5 0 259.73 
1 15 10000 5 0 814.42 
1 18 10000 5 0 145.1 
4 16 10000 5 0 811.35 
0 15 5000 10 0 155.94 
7 15 5000 10 0 743.02 
1 9 20000 2.5 0 330.98 
3 5 5000 10 0 420.81 
3 9 5000 10 0 330.15 
6 11 5000 10 0 258.76 
1 17 20000 2.5 0 632.44 
2 3 10000 5 0 888.2 
8 16 5000 10 0 540.52 
1 19 5000 10 0 727.1 
10 11 50000 1 0 297.42 
10 3 50000 1 0 179.8 
16 3 50000 1 0 82.38 
14 1 50000 1 0 699.96 
11 9 20000 2.5 0 93.63 
15 11 10000 5 0 694.11 
13 6 20000 2.5 0 364.34 
7 0 10000 5 0 592.33 
13 9 50000 1 0 267.77 
16 12 50000 1 0 283.26 
11 8 10000 5 0 197.21 
17 3 50000 1 0 597.45 
3 0 50000 1 0 780.79 
16 2 20000 2.5 0 922.19 
15 4 50000 1 0 130.87 
16 1 50000 1 0 105.29 
16 11 5000 10 0 346.71 
17 7 10000 5 0 715.12 
11 1 10000 5 0 424.61 
18 0 20000 2.5 0 773.77 
12 9 5000 10 0 341.35 
19 6 10000 5 0 599.22 
7 3 50000 1 0 263.88 
12 2 20000 2.5 0 788.49 
12 3 10000 5 0 259.73 
15 1 10000 5 0 814.42 
18 1 10000 5 0 145.1 
16 4 10000 5 0 811.35 
15 0 5000 10 0 155.94 
15 7 5000 10 0 743.02 
9 1 20000 2.5 0 330.98 
5 3 5000 10 0 420.81 
9 3 5000 10 0 330.15 
11 6 5000 10 0 258.76 
17 1 20000 2.5 0 632.44 
3 2 10000 5 0 888.2 
16 8 5000 10 0 540.52 
19 1 5000 10 0 727.1 
11 10 50000 1 0 297.42 
19 4 1000 176.39 
7 2 500 236.63 
9 17 1000 265.73 
13 12 1000 261.7 
19 8 500 291.1 
19 11 1000 429.22 
6 1 50 270.93 
0 3 50 277.42 
12 0 100 173.44 
11 12 50 465.21 
13 1 1000 430.38 
0 9 500 109.67 
2 0 50 156.92 
11 13 50 391.02 
12 8 50 335.56 
10 4 50 165.35 
0 19 500 128.86 
0 16 100 246.75 
9 7 100 395.51 
10 9 500 367.28 
15 7 500 361.73 
3 17 100 342.89 
10 19 100 216.02 
11 1 1000 424.97 
15 11 100 68.74 
3 6 100 223.43 
19 9 1000 297.38 
13 19 50 240.28 
4 12 100 159.45 
6 10 50 293.02 
16 11 1000 554.12 
0 2 1000 156.92 
4 13 50 121.11 
2 8 50 149.56 
8 3 1000 408.37 
17 18 500 323.4 
16 18 50 348.99 
15 16 50 361.73 
7 10 500 349.65 
10 7 500 349.65 
18 12 100 212.89 
16 4 500 361.73 
12 2 1000 247.19 
15 18 100 367.72 
7 6 100 223.43 
11 6 50 189.68 
1 13 500 430.38 
16 7 1000 315.26 
19 7 1000 116.61 
18 17 100 323.4 
7 0 500 277.42 
18 6 50 270.93 
12 3 1000 511.25 
10 13 100 275.63 
6 2 50 129.65 
6 4 50 174.82 
11 4 100 97.06 
1 3 1000 337.58 
17 0 1000 179.01 
8 6 500 212.33 
16 8 1000 554.12 
1 15 1000 367.72 
15 19 100 317.82 
16 9 1000 442.8 
16 2 1000 236.63 
11 19 500 429.22 
16 3 50 666.03 
17 6 50 183.3 
3 15 50 361.73 
16 1 500 425.71 
3 12 100 511.25 
10 1 500 335.98 
13 10 500 275.63 
10 2 500 187.38 
7 13 100 352.13 
8 2 500 149.56 
2 16 100 236.63 
9 6 1000 372.87 
7 15 50 361.73 
15 6 1000 63.5 
18 2 100 124.33 
