30 130 508 
20 22 20000 2.5 0 736.49 
4 17 20000 2.5 0 571.77 
10 26 5000 10 0 724.23 
13 27 10000 5 0 576.74 
8 19 5000 10 0 698.63 
5 29 20000 2.5 0 608.13 
7 17 5000 10 0 754.06 
7 27 5000 10 0 193.09 
6 24 10000 5 0 459.75 
6 20 20000 2.5 0 867.55 
19 26 50000 1 0 870.53 
19 23 5000 10 0 966.08 
1 11 20000 2.5 0 590.18 
1 3 5000 10 0 469.64 
9 12 5000 10 0 639.62 
3 17 10000 5 0 431.17 
8 20 10000 5 0 668.24 
27 29 20000 2.5 0 430.17 
6 7 5000 10 0 219.25 
9 19 5000 10 0 726.61 
3 11 5000 10 0 203.7 
10 28 20000 2.5 0 724.85 
5 12 10000 5 0 209.83 
20 28 5000 10 0 880.47 
5 7 20000 2.5 0 999.38 
4 20 20000 2.5 0 302.51 
5 21 5000 10 0 93.42 
14 18 5000 10 0 675.62 
3 5 10000 5 0 619.73 
15 24 50000 1 0 510.36 
7 24 50000 1 0 599.58 
9 10 5000 10 0 566.64 
10 17 50000 1 0 261.34 
2 15 20000 2.5 0 163.18 
19 22 20000 2.5 0 656.85 
4 23 10000 5 0 626.8 
17 18 50000 1 0 779.92 
4 14 50000 1 0 136.93 
11 23 10000 5 0 395.86 
8 26 20000 2.5 0 439.89 
21 23 10000 5 0 790.44 
15 23 50000 1 0 125.36 
5 11 5000 10 0 518.66 
5 8 50000 1 0 702.96 
11 13 10000 5 0 854.96 
9 20 50000 1 0 639 
16 28 10000 5 0 615.07 
14 20 5000 10 0 253.53 
8 9 5000 10 0 245.35 
24 29 5000 10 0 744.13 
17 27 5000 10 0 827.12 
5 6 5000 10 0 793.98 
2 3 20000 2.5 0 362.32 
18 24 50000 1 0 408.61 
4 5 20000 2.5 0 328.41 
16 24 5000 10 0 463.02 
6 8 50000 1 0 304.49 
20 25 50000 1 0 162.14 
6 17 5000 10 0 769.18 
0 13 50000 1 0 643.11 
13 15 50000 1 0 428.91 
13 18 50000 1 0 644.47 
9 29 10000 5 0 579.93 
4 28 10000 5 0 643.08 
1 13 20000 2.5 0 321.35 
22 20 20000 2.5 0 736.49 
17 4 20000 2.5 0 571.77 
26 10 5000 10 0 724.23 
27 13 10000 5 0 576.74 
19 8 5000 10 0 698.63 
29 5 20000 2.5 0 608.13 
17 7 5000 10 0 754.06 
27 7 5000 10 0 193.09 
24 6 10000 5 0 459.75 
20 6 20000 2.5 0 867.55 
26 19 50000 1 0 870.53 
23 19 5000 10 0 966.08 
11 1 20000 2.5 0 590.18 
3 1 5000 10 0 469.64 
12 9 5000 10 0 639.62 
17 3 10000 5 0 431.17 
20 8 10000 5 0 668.24 
29 27 20000 2.5 0 430.17 
7 6 5000 10 0 219.25 
19 9 5000 10 0 726.61 
11 3 5000 10 0 203.7 
28 10 20000 2.5 0 724.85 
12 5 10000 5 0 209.83 
28 20 5000 10 0 880.47 
7 5 20000 2.5 0 999.38 
20 4 20000 2.5 0 302.51 
21 5 5000 10 0 93.42 
18 14 5000 10 0 675.62 
5 3 10000 5 0 619.73 
24 15 50000 1 0 510.36 
24 7 50000 1 0 599.58 
10 9 5000 10 0 566.64 
17 10 50000 1 0 261.34 
15 2 20000 2.5 0 163.18 
22 19 20000 2.5 0 656.85 
23 4 10000 5 0 626.8 
18 17 50000 1 0 779.92 
14 4 50000 1 0 136.93 
23 11 10000 5 0 395.86 
26 8 20000 2.5 0 439.89 
23 21 10000 5 0 790.44 
23 15 50000 1 0 125.36 
11 5 5000 10 0 518.66 
8 5 50000 1 0 702.96 
13 11 10000 5 0 854.96 
20 9 50000 1 0 639 
28 16 10000 5 0 615.07 
20 14 5000 10 0 253.53 
9 8 5000 10 0 245.35 
29 24 5000 10 0 744.13 
27 17 5000 10 0 827.12 
6 5 5000 10 0 793.98 
3 2 20000 2.5 0 362.32 
24 18 50000 1 0 408.61 
5 4 20000 2.5 0 328.41 
24 16 5000 10 0 463.02 
8 6 50000 1 0 304.49 
25 20 50000 1 0 162.14 
17 6 5000 10 0 769.18 
13 0 50000 1 0 643.11 
15 13 50000 1 0 428.91 
18 13 50000 1 0 644.47 
29 9 10000 5 0 579.93 
28 4 10000 5 0 643.08 
13 1 20000 2.5 0 321.35 
16 29 50 531.17 
29 9 50 688.24 
23 29 500 554.67 
29 12 50 507.24 
26 7 50 704.49 
14 27 50 569.04 
13 14 1000 374.55 
15 1 50 887.02 
10 9 50 543.69 
9 26 100 598.28 
14 17 100 495.22 
11 23 500 1040.53 
3 20 500 709.09 
2 20 500 719.92 
8 20 100 568.52 
11 5 100 396.51 
4 9 1000 790.51 
2 16 1000 409.05 
14 4 50 587.24 
16 23 50 356.07 
17 26 50 618.68 
23 21 500 581.12 
27 6 50 687.68 
9 17 100 669.12 
26 24 500 345.23 
5 1 500 776.02 
9 6 1000 702.78 
8 6 50 579.03 
14 23 100 780.18 
14 15 100 664.27 
10 23 100 362.54 
26 22 100 737.52 
19 13 50 448.92 
4 21 100 525.25 
17 1 500 757.78 
7 14 50 726.1 
10 12 50 504.51 
22 17 100 428.55 
1 21 50 827.17 
24 26 1000 345.23 
28 14 1000 520.68 
15 6 500 435.28 
4 18 100 358.97 
11 14 100 711.73 
27 19 50 403.45 
6 16 100 426.03 
28 5 500 409.56 
29 10 500 647.7 
6 17 50 631.39 
18 17 100 582.57 
10 4 50 668.06 
19 5 50 730.56 
29 23 100 554.67 
16 6 50 426.03 
12 3 100 722.99 
19 11 1000 333.83 
8 10 50 547.64 
23 18 100 643.45 
28 7 50 710.39 
28 20 500 454.87 
13 24 500 679.01 
17 8 500 694.06 
28 11 1000 629.81 
4 14 500 587.24 
19 10 100 638.23 
22 1 1000 586.13 
11 1 100 662.98 
7 4 100 800.89 
26 3 100 440.57 
7 12 1000 422.9 
15 8 50 549.07 
13 17 500 761.85 
5 24 1000 711.62 
4 23 100 565.65 
18 5 50 458.75 
11 3 100 1005.59 
8 14 1000 917.39 
17 12 1000 470.28 
23 9 50 548.64 
19 8 50 525.53 
24 7 500 446.23 
2 11 100 856.12 
7 11 1000 703.02 
4 15 50 699.72 
1 29 50 329.74 
2 3 500 939.18 
24 20 100 489.81 
9 8 1000 832.83 
12 15 1000 530.47 
4 2 50 668.28 
2 13 50 680.18 
18 3 50 753.52 
6 21 50 677.47 
20 2 500 719.92 
1 4 1000 790.07 
2 1 50 819.4 
24 18 1000 507.2 
26 29 50 583.54 
20 9 1000 778.3 
8 15 100 549.07 
28 18 500 508.48 
1 18 1000 628.95 
23 26 50 623.03 
26 6 500 701.41 
24 4 100 501.92 
19 7 1000 487.83 
21 15 500 637.83 
6 19 100 470.28 
17 10 50 573.93 
5 6 500 679.15 
18 1 500 628.95 
2 17 100 658.48 
6 22 100 643.32 
22 18 50 405.71 
19 9 1000 541.08 
13 7 100 298.27 
24 6 500 441.63 
4 20 500 722.02 
15 14 50 664.27 
13 20 500 295.06 
18 9 500 523.37 
28 8 500 808.73 
17 22 50 428.55 
23 4 1000 565.65 
27 14 100 569.04 
5 7 500 432.27 
7 28 100 710.39 
15 22 500 542.76 
16 3 500 397.87 
19 18 50 512.51 
12 27 100 400.89 
3 2 100 939.18 
9 14 500 764.1 
14 2 100 704.28 
17 7 50 487.95 
21 26 50 676.85 
20 4 1000 722.02 
23 5 500 581.12 
20 19 50 756.79 
14 29 50 470.77 
7 16 100 367.92 
28 22 500 476.68 
18 22 100 405.71 
3 23 500 1113.96 
13 4 500 516.76 
24 29 100 596.61 
23 11 500 1040.53 
1 22 100 586.13 
16 27 100 434.46 
28 21 100 403.3 
23 12 500 374.86 
13 8 1000 351.22 
13 22 1000 257.03 
8 9 500 832.83 
23 15 50 729.7 
8 26 50 618.73 
1 26 1000 349.35 
20 7 500 593.69 
16 1 100 471.87 
27 15 500 430.84 
4 3 100 540.96 
4 26 500 640.71 
21 11 500 449.5 
12 29 50 507.24 
3 7 100 719.41 
11 13 100 733.65 
3 17 50 279.04 
18 26 50 527.99 
8 7 1000 543.5 
3 5 100 534.74 
10 6 100 464.8 
3 22 100 694.4 
15 12 500 530.47 
17 24 100 664.01 
29 7 500 466.98 
8 16 500 404.35 
29 15 500 615.34 
26 27 50 574.26 
13 12 100 729.7 
19 24 500 391.79 
2 27 100 480.44 
26 14 500 633.06 
22 11 50 597.54 
9 1 1000 428 
2 7 100 362.86 
10 13 1000 722.83 
24 22 100 612.55 
12 21 50 824.03 
26 23 50 623.03 
24 13 1000 679.01 
3 26 50 440.57 
4 12 1000 663.39 
24 2 50 408.48 
24 23 500 255.15 
5 15 50 636.18 
23 24 1000 255.15 
15 24 100 281.49 
15 23 100 729.7 
27 1 100 489.03 
18 29 1000 553.19 
3 9 50 415.47 
10 14 50 607.7 
9 4 100 790.51 
3 6 100 531.26 
9 20 50 778.3 
9 21 50 755.24 
12 24 100 737.18 
15 19 500 336.93 
19 29 100 498.87 
16 7 500 367.92 
16 14 50 524.88 
8 23 500 500.09 
13 1 100 522.95 
26 15 500 524.85 
23 28 1000 693.83 
26 4 500 640.71 
27 13 500 417.07 
14 9 100 764.1 
11 7 100 703.02 
3 24 50 349.33 
23 10 50 362.54 
9 28 100 807.54 
1 13 1000 522.95 
7 20 500 593.69 
2 18 1000 624.01 
20 28 100 454.87 
15 3 500 939.18 
27 11 50 742.22 
15 9 50 485.13 
20 26 1000 558.2 
17 2 500 658.48 
24 10 100 747.42 
17 19 500 564.94 
20 5 500 764.43 
3 27 100 769.88 
6 23 1000 429 
4 1 1000 790.07 
11 12 500 593.03 
27 20 500 667.08 
16 9 500 422.92 
24 5 100 711.62 
7 3 1000 719.41 
9 15 500 485.13 
15 27 1000 430.84 
29 21 500 477.84 
6 28 1000 795.61 
26 19 500 497.19 
5 8 100 753.2 
26 2 500 493.8 
14 28 50 520.68 
21 23 100 581.12 
20 3 500 709.09 
14 3 1000 601.62 
28 1 50 492.35 
13 5 50 759.52 
13 2 1000 680.18 
6 3 50 531.26 
4 5 1000 614.96 
16 4 50 528.21 
13 9 100 241.42 
12 13 50 729.7 
29 16 50 531.17 
26 13 500 402.31 
10 22 500 577.77 
18 27 1000 509.36 
27 24 1000 485.33 
26 8 50 618.73 
11 28 500 629.81 
27 7 50 681.14 
12 18 100 389.76 
13 26 1000 402.31 
14 19 1000 756.98 
21 10 1000 614.08 
10 27 500 366.1 
18 19 500 512.51 
11 8 100 421.23 
20 18 500 525.79 
5 17 100 507.07 
1 24 1000 568.77 
19 23 500 412.48 
22 2 50 652.33 
12 4 500 663.39 
16 18 1000 567.24 
9 5 1000 795.71 
11 16 500 417.14 
13 28 100 347.05 
27 29 500 390.64 
29 3 500 554.84 
8 28 50 808.73 
20 8 1000 568.52 
14 1 100 616.13 
28 6 50 795.61 
21 19 50 730.56 
12 17 100 470.28 
23 7 100 331.19 
3 14 100 601.62 
11 9 50 439.99 
6 24 500 441.63 
6 20 50 642.78 
22 14 100 581.37 
15 4 100 699.72 
19 16 1000 350.32 
20 21 500 770.2 
19 1 500 431.72 
21 22 50 507.93 
29 24 1000 596.61 
1 9 100 428 
24 17 1000 664.01 
16 20 50 664.85 
13 18 100 624.24 
5 11 1000 396.51 
10 21 50 614.08 
5 10 1000 614.08 
27 23 50 447.2 
11 17 500 386.67 
22 6 1000 643.32 
16 13 100 628.95 
10 5 500 614.08 
10 7 1000 367.28 
7 29 100 466.98 
14 13 100 374.55 
21 9 500 755.24 
9 23 100 548.64 
12 11 500 593.03 
24 9 500 396.41 
12 20 100 580.41 
5 27 500 424.24 
2 12 100 572.55 
6 4 500 869.61 
4 10 1000 668.06 
29 19 100 498.87 
17 28 500 441.1 
7 23 100 331.19 
20 27 1000 667.08 
4 27 1000 665.21 
5 9 1000 795.71 
26 21 50 676.85 
2 23 1000 941.12 
10 26 50 622.75 
20 10 100 598.22 
2 5 500 642.85 
27 12 50 400.89 
1 8 50 354.87 
5 3 1000 534.74 
9 22 50 842.62 
24 11 50 426.4 
10 2 50 354.4 
28 15 50 651.79 
21 7 50 432.27 
29 20 100 420.58 
28 24 1000 366.52 
4 11 50 538.08 
27 8 100 613.29 
7 8 100 543.5 
13 3 100 729.05 
26 5 1000 687.24 
8 17 100 694.06 
10 16 50 669.74 
3 1 50 657.29 
19 15 50 336.93 
29 17 1000 517.73 
16 26 100 395.51 
26 20 500 558.2 
12 1 50 657.48 
8 13 1000 351.22 
18 24 50 507.2 
1 5 1000 776.02 
5 2 500 642.85 
28 27 1000 540.2 
3 28 500 644.23 
7 21 50 432.27 
4 19 500 712.93 
28 4 100 488.61 
9 11 1000 439.99 
18 10 1000 559.07 
6 9 100 702.78 
8 5 500 753.2 
22 8 1000 687.83 
18 2 50 624.01 
5 22 100 420.47 
13 15 1000 789.13 
22 27 100 603.08 
7 13 1000 298.27 
9 10 50 543.69 
12 22 50 501.69 
9 29 100 688.24 
28 29 50 520.52 
7 19 1000 487.83 
6 18 50 631.68 
29 4 50 512.88 
19 4 1000 712.93 
21 17 100 595.86 
22 4 100 611.62 
24 28 1000 366.52 
2 8 500 490.61 
18 23 1000 643.45 
14 20 100 643.74 
17 27 1000 526.81 
2 4 100 668.28 
26 9 100 598.28 
4 22 1000 611.62 
3 15 50 939.18 
3 19 50 386.28 
15 18 100 616.13 
11 15 500 874.75 
6 26 100 701.41 
19 6 100 470.28 
17 23 100 626.53 
11 24 50 426.4 
15 20 50 622.43 
7 17 1000 487.95 
4 17 500 456.91 
24 1 500 568.77 
20 29 50 420.58 
18 4 50 358.97 
14 26 500 633.06 
18 13 50 624.24 
11 18 50 704.87 
4 29 100 512.88 
24 27 100 485.33 
6 13 500 288.71 
14 11 50 711.73 
9 24 500 396.41 
8 29 500 713.74 
23 13 50 579.02 
6 29 50 605.87 
8 24 500 378.85 
6 2 50 435.65 
20 23 50 577.92 
22 21 100 507.93 
9 7 500 679.25 
7 26 500 704.49 
17 18 50 582.57 
22 5 50 420.47 
5 18 100 458.75 
20 11 100 526.6 
13 23 50 579.02 
11 21 100 449.5 
8 21 50 700.93 
3 4 50 540.96 
13 19 100 448.92 
8 22 500 687.83 
17 3 100 279.04 
6 27 100 687.68 
10 3 50 330.8 
20 6 50 642.78 
1 20 500 642.57 
24 19 100 391.79 
19 17 50 564.94 
4 16 100 528.21 
9 18 500 523.37 
4 8 1000 840.31 
11 22 100 597.54 
18 20 50 525.79 
3 8 100 460.61 
29 11 1000 584.9 
8 11 100 421.23 
27 28 100 540.2 
18 15 100 616.13 
2 9 50 420.47 
7 18 100 619.87 
27 9 50 526.27 
6 7 1000 613.94 
7 10 100 367.28 
2 21 50 619.66 
29 18 500 553.19 
16 8 50 404.35 
2 26 500 493.8 
5 28 50 409.56 
14 6 50 800.57 
27 5 100 424.24 
6 10 50 464.8 
28 23 50 693.83 
5 19 100 730.56 
7 27 50 681.14 
24 8 100 378.85 
11 6 100 466.51 
7 1 50 409.13 
11 20 100 526.6 
1 6 50 523.15 
5 4 100 614.96 
9 3 50 415.47 
20 15 50 622.43 
8 18 1000 663.43 
22 15 50 542.76 
2 19 100 273.67 
18 11 50 704.87 
14 5 50 574.26 
13 11 100 733.65 
18 6 1000 631.68 
29 6 50 605.87 
11 19 50 333.83 
1 19 500 431.72 
12 8 100 710.89 
1 15 500 887.02 
8 4 500 840.31 
17 5 500 507.07 
17 9 100 669.12 
11 4 50 538.08 
18 8 100 663.43 
15 26 50 524.85 
22 9 100 842.62 
27 18 50 509.36 
11 29 500 584.9 
13 6 100 288.71 
17 29 50 517.73 
3 13 100 729.05 
6 1 50 523.15 
