25 90 317 
13 23 10000 5 1 294.05 
7 23 10000 5 1 436.69 
8 13 20000 2.5 1 239.54 
3 11 50000 1 1 817.35 
8 11 5000 10 1 471.79 
9 16 20000 2.5 1 206.24 
21 22 50000 1 1 651.25 
10 23 20000 2.5 1 531.52 
6 10 10000 5 1 321.76 
5 8 5000 10 1 369.83 
2 23 50000 1 1 378.12 
2 20 20000 2.5 1 423 
0 4 50000 1 1 916.53 
4 17 5000 10 1 435.95 
12 16 10000 5 1 896.13 
20 24 5000 10 1 708.78 
4 16 50000 1 1 680.07 
14 17 5000 10 1 702.78 
3 8 10000 5 1 623.66 
13 20 10000 5 1 259.93 
5 22 50000 1 1 754.99 
6 22 5000 10 1 514.7 
22 23 10000 5 1 537.34 
14 24 50000 1 1 282.69 
7 11 50000 1 1 505.23 
1 19 5000 10 1 140.59 
12 14 5000 10 1 600.52 
1 21 10000 5 1 710.82 
7 10 50000 1 1 178.39 
6 15 5000 10 1 639.76 
16 18 20000 2.5 1 742.31 
23 24 10000 5 1 679.11 
16 24 20000 2.5 1 483.16 
11 12 20000 2.5 1 593.55 
5 16 10000 5 1 830.7 
6 18 50000 1 1 744.48 
7 14 5000 10 1 314.8 
12 19 5000 10 1 978.67 
11 16 10000 5 1 427.1 
3 17 50000 1 1 303.78 
0 12 10000 5 1 818.32 
2 21 50000 1 1 562.65 
12 22 20000 2.5 1 715.29 
8 20 20000 2.5 1 166.3 
9 12 20000 2.5 1 850.4 
23 13 10000 5 1 294.05 
23 7 10000 5 1 436.69 
13 8 20000 2.5 1 239.54 
11 3 50000 1 1 817.35 
11 8 5000 10 1 471.79 
16 9 20000 2.5 1 206.24 
22 21 50000 1 1 651.25 
23 10 20000 2.5 1 531.52 
10 6 10000 5 1 321.76 
8 5 5000 10 1 369.83 
23 2 50000 1 1 378.12 
20 2 20000 2.5 1 423 
4 0 50000 1 1 916.53 
17 4 5000 10 1 435.95 
16 12 10000 5 1 896.13 
24 20 5000 10 1 708.78 
16 4 50000 1 1 680.07 
17 14 5000 10 1 702.78 
8 3 10000 5 1 623.66 
20 13 10000 5 1 259.93 
22 5 50000 1 1 754.99 
22 6 5000 10 1 514.7 
23 22 10000 5 1 537.34 
24 14 50000 1 1 282.69 
11 7 50000 1 1 505.23 
19 1 5000 10 1 140.59 
14 12 5000 10 1 600.52 
21 1 10000 5 1 710.82 
10 7 50000 1 1 178.39 
15 6 5000 10 1 639.76 
18 16 20000 2.5 1 742.31 
24 23 10000 5 1 679.11 
24 16 20000 2.5 1 483.16 
12 11 20000 2.5 1 593.55 
16 5 10000 5 1 830.7 
18 6 50000 1 1 744.48 
14 7 5000 10 1 314.8 
19 12 5000 10 1 978.67 
16 11 10000 5 1 427.1 
17 3 50000 1 1 303.78 
12 0 10000 5 1 818.32 
21 2 50000 1 1 562.65 
22 12 20000 2.5 1 715.29 
20 8 20000 2.5 1 166.3 
12 9 20000 2.5 1 850.4 
20 5 1000 608.3 
4 5 100 379.66 
1 18 100 521.54 
11 17 100 338.41 
9 11 50 729.56 
10 24 50 625.97 
11 14 1000 651.35 
9 18 500 488.29 
13 22 500 565.33 
0 7 1000 605.88 
14 13 50 640.94 
5 8 100 402.2 
18 23 50 627.85 
3 11 500 603.11 
3 12 1000 410.37 
11 7 50 544.27 
14 21 500 588.83 
2 16 100 619.87 
11 2 1000 509.1 
10 13 50 785.37 
13 10 50 785.37 
1 3 1000 468.04 
5 2 50 564.77 
17 6 1000 461.93 
12 8 500 468.33 
16 8 1000 610.96 
19 4 50 409.1 
4 7 500 320.4 
19 7 1000 495.66 
12 20 100 309.69 
5 17 1000 475.44 
8 1 500 435.57 
24 17 50 542.85 
24 13 1000 768.79 
9 10 500 491.55 
14 11 100 651.35 
20 17 1000 623.6 
7 23 500 720.17 
22 7 1000 609.16 
22 14 100 390.74 
3 4 50 340.35 
18 17 1000 413.31 
17 19 500 417.95 
5 10 500 666.63 
22 20 1000 671.09 
20 18 100 550.58 
1 10 50 485.82 
18 2 50 459.35 
24 20 1000 829.39 
3 17 1000 637.33 
18 13 1000 596.56 
11 19 1000 634.94 
3 22 500 492.71 
9 2 1000 552.99 
7 4 1000 320.4 
22 6 50 582.79 
20 14 50 798.92 
17 2 100 474.6 
4 12 100 703.42 
14 5 1000 630.96 
5 23 50 628.57 
19 17 50 417.95 
21 10 500 720.51 
11 8 500 613.21 
17 10 1000 592.25 
7 9 1000 485.68 
7 18 1000 493.88 
20 21 1000 521.04 
2 9 500 552.99 
0 11 500 373.9 
24 22 500 592.43 
10 19 50 465.28 
7 16 50 581.31 
1 2 1000 534.46 
23 9 500 557.32 
14 2 50 560.69 
14 22 1000 390.74 
13 20 1000 670.89 
7 0 100 605.88 
5 11 50 474.53 
16 24 1000 695 
1 20 50 597.75 
0 2 50 496.08 
2 22 50 650.3 
22 11 100 527.31 
6 24 500 653.75 
12 9 50 479.95 
12 10 50 619.98 
22 0 100 396.26 
10 11 1000 451.83 
1 9 50 430.6 
5 4 500 379.66 
0 6 500 348.66 
5 12 100 456.68 
4 11 1000 773.11 
0 3 100 404.39 
22 10 1000 596.78 
12 13 100 426.32 
9 12 50 479.95 
21 20 500 521.04 
12 21 50 473.58 
19 13 100 474.89 
0 18 1000 476.31 
4 6 50 270.23 
7 19 500 495.66 
19 14 50 657.47 
4 18 100 379.8 
22 3 1000 492.71 
10 14 1000 570.44 
9 6 1000 456.65 
19 6 50 437.52 
7 6 100 624.51 
12 3 50 410.37 
10 21 50 720.51 
19 0 100 499.48 
9 21 500 373.5 
16 11 1000 700.21 
16 2 50 619.87 
10 20 1000 553.95 
11 12 500 479.32 
21 9 500 373.5 
9 3 500 575.03 
12 5 500 456.68 
14 16 500 463.08 
6 16 100 420.32 
24 1 1000 491.72 
23 22 50 683.44 
14 8 100 781.8 
10 9 50 491.55 
6 14 100 665.93 
19 3 50 372.92 
24 2 500 655.75 
20 11 50 796.53 
9 23 100 557.32 
5 16 50 408.32 
11 21 1000 656.31 
16 21 100 423.75 
8 19 50 469.53 
8 2 100 510.64 
14 1 1000 641.79 
22 12 100 580.49 
3 0 500 404.39 
9 7 1000 485.68 
6 10 50 575.18 
12 23 50 479.59 
19 5 1000 693.43 
1 14 100 641.79 
13 12 1000 426.32 
4 8 100 453.17 
21 8 100 638.33 
7 22 50 609.16 
16 4 1000 665.56 
16 12 50 479.95 
0 16 1000 518.62 
2 11 50 509.1 
23 11 500 605.69 
11 4 500 773.11 
2 8 50 510.64 
11 5 100 474.53 
20 7 500 654.43 
23 10 50 606.34 
21 14 100 588.83 
18 10 50 462.49 
10 0 50 552.6 
5 9 1000 484.04 
11 6 50 663.87 
23 18 50 627.85 
12 6 100 449.11 
13 18 50 596.56 
8 10 100 533.39 
7 14 100 531.83 
8 20 50 770.23 
21 4 50 250.15 
5 21 1000 457.25 
0 9 100 490.88 
12 22 1000 580.49 
8 14 50 781.8 
0 14 50 669.99 
12 16 50 479.95 
1 0 100 365.17 
22 5 50 477.23 
2 12 50 582.04 
2 23 50 782.33 
23 20 500 742.14 
7 3 1000 446.44 
13 19 100 474.89 
22 19 100 642.62 
20 10 500 553.95 
18 11 500 517.39 
0 10 50 552.6 
2 1 50 534.46 
16 6 100 420.32 
23 3 500 767.88 
3 21 50 418.58 
16 10 100 464.79 
11 20 1000 796.53 
0 20 100 301.64 
22 9 500 681.58 
21 23 100 616.43 
6 2 500 818.16 
7 2 100 681.23 
3 16 500 602.02 
22 16 500 713.29 
20 4 100 500.98 
9 24 50 638.39 
16 20 50 500.83 
8 21 1000 638.33 
13 24 500 768.79 
0 23 1000 385.27 
13 21 100 640.7 
13 11 50 706.32 
12 7 1000 708.38 
5 0 100 488.29 
12 4 500 703.42 
21 24 100 592.82 
23 12 100 479.59 
23 2 100 782.33 
4 22 50 567.96 
5 24 1000 688.24 
6 11 50 663.87 
24 8 500 850.68 
6 4 1000 270.23 
12 18 100 424.19 
22 4 50 567.96 
2 13 50 655.81 
24 12 50 487.09 
16 7 50 581.31 
9 0 100 490.88 
8 12 100 468.33 
11 23 100 605.69 
16 0 500 518.62 
13 17 500 599.63 
24 10 100 625.97 
8 18 100 578.33 
0 22 500 396.26 
18 4 50 379.8 
16 22 500 713.29 
18 20 50 550.58 
20 8 100 770.23 
13 0 50 431.29 
10 22 100 596.78 
3 20 50 328.69 
12 2 1000 582.04 
2 7 50 681.23 
11 13 500 706.32 
17 4 50 654.41 
18 0 50 476.31 
23 19 100 748.47 
23 16 500 618.21 
2 6 500 818.16 
13 8 100 530.86 
24 4 50 470.99 
13 16 1000 566.69 
13 2 50 655.81 
8 5 100 402.2 
23 0 50 385.27 
7 24 50 656.59 
0 5 50 488.29 
21 0 500 396.26 
6 17 50 461.93 
22 18 50 583.07 
23 14 50 654.11 
18 19 50 513.35 
7 20 100 654.43 
10 5 100 666.63 
11 18 50 517.39 
0 24 500 601.99 
4 10 50 445.45 
14 18 50 651.42 
10 8 100 533.39 
3 24 100 552.26 
20 9 1000 497.55 
8 22 100 683.44 
14 17 50 630.57 
16 13 1000 566.69 
11 0 100 373.9 
23 8 100 745.67 
8 16 500 610.96 
2 18 50 459.35 
8 23 500 745.67 
10 2 100 806.27 
22 13 50 565.33 
20 6 50 840.17 
8 7 1000 692.11 
8 4 50 453.17 
10 16 1000 464.79 
8 13 100 530.86 
9 22 100 681.58 
24 18 100 504.92 
13 7 100 634.81 
18 8 500 578.33 
13 9 100 533.4 
8 0 500 363.9 
10 12 50 619.98 
18 14 100 651.42 
18 21 50 394.35 
20 2 1000 808.75 
2 0 1000 496.08 
20 13 100 670.89 
14 0 50 669.99 
23 4 500 548.78 
11 22 50 527.31 
2 24 50 655.75 
22 24 50 592.43 
2 20 500 808.75 
10 17 50 592.25 
4 24 50 470.99 
23 6 50 618.36 
2 4 100 495.33 
20 16 50 500.83 
20 0 50 301.64 
20 23 50 742.14 
7 13 50 634.81 
8 3 50 519.14 
10 4 50 445.45 
4 9 50 702.08 
21 11 100 656.31 
