30 216 419 
7 23 50000 1 0 895.1 
21 24 5000 10 0 791.6 
13 27 20000 2.5 0 995.96 
15 16 50000 1 0 612.78 
11 24 10000 5 0 722.67 
13 19 10000 5 0 866.22 
7 21 20000 2.5 0 809.74 
7 12 20000 2.5 0 480.78 
1 10 10000 5 0 625.05 
11 18 10000 5 0 86.21 
15 18 5000 10 0 903.85 
17 20 5000 10 0 941.7 
3 26 20000 2.5 0 736.44 
3 23 20000 2.5 0 656.08 
3 27 50000 1 0 340.11 
4 13 5000 10 0 906.69 
14 23 5000 10 0 461.21 
0 4 10000 5 0 667.99 
4 20 5000 10 0 147.2 
2 11 10000 5 0 455.93 
16 21 50000 1 0 60.91 
11 14 50000 1 0 767.69 
6 20 50000 1 0 541.77 
0 12 10000 5 0 312.61 
12 24 5000 10 0 584.28 
3 17 5000 10 0 674.03 
4 27 10000 5 0 107.69 
0 24 5000 10 0 679.1 
6 28 10000 5 0 513.67 
19 20 50000 1 0 199.7 
10 11 20000 2.5 0 699.54 
8 14 10000 5 0 291.36 
27 29 20000 2.5 0 84.84 
1 6 50000 1 0 536.57 
2 5 5000 10 0 545.5 
22 24 20000 2.5 0 64.85 
6 7 10000 5 0 285.38 
25 27 50000 1 0 747.89 
5 28 20000 2.5 0 821.98 
15 25 10000 5 0 624.89 
27 28 20000 2.5 0 782.65 
3 8 50000 1 0 496.09 
0 6 50000 1 0 862.4 
9 16 5000 10 0 441.46 
12 19 10000 5 0 522.28 
2 24 10000 5 0 275.45 
18 23 10000 5 0 591.82 
5 11 10000 5 0 823.21 
2 12 50000 1 0 326.92 
17 25 20000 2.5 0 244.72 
5 10 20000 2.5 0 130 
10 25 10000 5 0 449.19 
20 27 20000 2.5 0 76.99 
16 25 5000 10 0 430.47 
12 29 5000 10 0 506.13 
7 24 50000 1 0 314.84 
11 23 50000 1 0 644.17 
12 25 10000 5 0 507.02 
9 21 20000 2.5 0 400.02 
2 19 10000 5 0 196.73 
9 19 50000 1 0 655.03 
0 26 20000 2.5 0 703.88 
11 21 50000 1 0 496.73 
9 10 20000 2.5 0 575.11 
3 5 20000 2.5 0 630.45 
6 25 50000 1 0 293.31 
10 16 5000 10 0 544.52 
6 14 20000 2.5 0 643.57 
14 19 50000 1 0 323.49 
19 24 5000 10 0 144.28 
19 25 10000 5 0 633.87 
12 27 50000 1 0 578.27 
16 18 50000 1 0 477.24 
0 14 10000 5 0 495.58 
9 28 50000 1 0 121.3 
12 16 10000 5 0 581.02 
0 15 5000 10 0 773.4 
0 28 50000 1 0 385.39 
5 27 50000 1 0 290.46 
5 6 50000 1 0 316.47 
10 13 50000 1 0 615.53 
0 11 50000 1 0 410.16 
21 28 50000 1 0 435.63 
1 25 10000 5 0 259.58 
6 16 5000 10 0 600.68 
6 18 10000 5 0 589.84 
1 23 20000 2.5 0 383.04 
4 19 5000 10 0 82.22 
14 17 20000 2.5 0 815.68 
0 2 20000 2.5 0 575.53 
1 20 10000 5 0 925.09 
7 11 5000 10 0 460.53 
5 19 20000 2.5 0 349.56 
10 28 5000 10 0 698.7 
19 28 5000 10 0 662.57 
2 15 50000 1 0 470.68 
18 20 20000 2.5 0 720.2 
1 7 50000 1 0 689.21 
3 14 5000 10 0 328.81 
3 11 10000 5 0 451.08 
23 28 5000 10 0 594.66 
2 23 10000 5 0 797.62 
4 21 5000 10 0 895.38 
1 27 50000 1 0 997.37 
1 19 50000 1 0 865.7 
0 22 50000 1 0 712.92 
23 24 5000 10 0 623.15 
4 8 50000 1 0 237.43 
23 7 50000 1 0 895.1 
24 21 5000 10 0 791.6 
27 13 20000 2.5 0 995.96 
16 15 50000 1 0 612.78 
24 11 10000 5 0 722.67 
19 13 10000 5 0 866.22 
21 7 20000 2.5 0 809.74 
12 7 20000 2.5 0 480.78 
10 1 10000 5 0 625.05 
18 11 10000 5 0 86.21 
18 15 5000 10 0 903.85 
20 17 5000 10 0 941.7 
26 3 20000 2.5 0 736.44 
23 3 20000 2.5 0 656.08 
27 3 50000 1 0 340.11 
13 4 5000 10 0 906.69 
23 14 5000 10 0 461.21 
4 0 10000 5 0 667.99 
20 4 5000 10 0 147.2 
11 2 10000 5 0 455.93 
21 16 50000 1 0 60.91 
14 11 50000 1 0 767.69 
20 6 50000 1 0 541.77 
12 0 10000 5 0 312.61 
24 12 5000 10 0 584.28 
17 3 5000 10 0 674.03 
27 4 10000 5 0 107.69 
24 0 5000 10 0 679.1 
28 6 10000 5 0 513.67 
20 19 50000 1 0 199.7 
11 10 20000 2.5 0 699.54 
14 8 10000 5 0 291.36 
29 27 20000 2.5 0 84.84 
6 1 50000 1 0 536.57 
5 2 5000 10 0 545.5 
24 22 20000 2.5 0 64.85 
7 6 10000 5 0 285.38 
27 25 50000 1 0 747.89 
28 5 20000 2.5 0 821.98 
25 15 10000 5 0 624.89 
28 27 20000 2.5 0 782.65 
8 3 50000 1 0 496.09 
6 0 50000 1 0 862.4 
16 9 5000 10 0 441.46 
19 12 10000 5 0 522.28 
24 2 10000 5 0 275.45 
23 18 10000 5 0 591.82 
11 5 10000 5 0 823.21 
12 2 50000 1 0 326.92 
25 17 20000 2.5 0 244.72 
10 5 20000 2.5 0 130 
25 10 10000 5 0 449.19 
27 20 20000 2.5 0 76.99 
25 16 5000 10 0 430.47 
29 12 5000 10 0 506.13 
24 7 50000 1 0 314.84 
23 11 50000 1 0 644.17 
25 12 10000 5 0 507.02 
21 9 20000 2.5 0 400.02 
19 2 10000 5 0 196.73 
19 9 50000 1 0 655.03 
26 0 20000 2.5 0 703.88 
21 11 50000 1 0 496.73 
10 9 20000 2.5 0 575.11 
5 3 20000 2.5 0 630.45 
25 6 50000 1 0 293.31 
16 10 5000 10 0 544.52 
14 6 20000 2.5 0 643.57 
19 14 50000 1 0 323.49 
24 19 5000 10 0 144.28 
25 19 10000 5 0 633.87 
27 12 50000 1 0 578.27 
18 16 50000 1 0 477.24 
14 0 10000 5 0 495.58 
28 9 50000 1 0 121.3 
16 12 10000 5 0 581.02 
15 0 5000 10 0 773.4 
28 0 50000 1 0 385.39 
27 5 50000 1 0 290.46 
6 5 50000 1 0 316.47 
13 10 50000 1 0 615.53 
11 0 50000 1 0 410.16 
28 21 50000 1 0 435.63 
25 1 10000 5 0 259.58 
16 6 5000 10 0 600.68 
18 6 10000 5 0 589.84 
23 1 20000 2.5 0 383.04 
19 4 5000 10 0 82.22 
17 14 20000 2.5 0 815.68 
2 0 20000 2.5 0 575.53 
20 1 10000 5 0 925.09 
11 7 5000 10 0 460.53 
19 5 20000 2.5 0 349.56 
28 10 5000 10 0 698.7 
28 19 5000 10 0 662.57 
15 2 50000 1 0 470.68 
20 18 20000 2.5 0 720.2 
7 1 50000 1 0 689.21 
14 3 5000 10 0 328.81 
11 3 10000 5 0 451.08 
28 23 5000 10 0 594.66 
23 2 10000 5 0 797.62 
21 4 5000 10 0 895.38 
27 1 50000 1 0 997.37 
19 1 50000 1 0 865.7 
22 0 50000 1 0 712.92 
24 23 5000 10 0 623.15 
8 4 50000 1 0 237.43 
13 3 100 160.44 
6 5 50 116.5 
19 8 50 305.64 
21 17 50 127.63 
26 18 500 71.26 
1 13 100 119.95 
28 8 50 118.49 
15 19 100 56.02 
13 6 500 127.59 
15 0 50 149.83 
26 6 1000 176.24 
22 25 1000 95.98 
13 5 500 264.68 
8 11 100 182.31 
5 17 1000 196.27 
22 18 500 184.48 
20 19 1000 161.07 
15 21 100 148.15 
27 4 1000 206.28 
27 23 50 196.15 
14 12 100 161.12 
22 15 100 179.5 
25 1 1000 111.37 
20 12 1000 293.74 
10 18 1000 143.69 
20 15 500 112.58 
16 8 50 100.15 
10 19 100 189.46 
7 13 500 149.27 
22 23 100 71.33 
24 5 50 438.98 
9 2 1000 111.84 
23 7 50 255.06 
5 14 500 309.8 
3 15 1000 139.54 
19 10 100 189.46 
17 6 500 73.96 
6 3 500 151 
1 14 1000 54.27 
18 15 100 215.99 
14 8 1000 257.85 
10 27 50 199.21 
8 4 50 371.61 
22 28 500 93.02 
2 1 50 75.54 
18 29 50 74.82 
22 29 1000 175.07 
16 24 50 85.43 
14 22 50 270.46 
28 11 500 314.26 
6 1 100 118.83 
24 8 100 257.19 
19 17 100 57.03 
18 5 1000 168.8 
24 7 100 221.95 
13 27 50 473.36 
18 16 500 175.74 
26 10 100 123.64 
28 6 500 155.82 
14 3 500 350.48 
11 8 100 182.31 
25 17 1000 97.25 
15 28 50 218.59 
0 9 50 128.84 
0 28 500 79.98 
1 9 1000 90.3 
22 10 100 316.87 
1 10 500 179.38 
18 14 500 199.04 
10 3 100 144.59 
14 21 1000 85.23 
27 20 500 122.21 
28 13 500 146.19 
3 4 50 338.02 
2 19 50 230.11 
25 3 50 172.41 
8 12 100 206.28 
21 2 50 126.97 
5 27 100 289.02 
19 4 50 145.39 
29 16 500 83.76 
5 0 50 68.18 
18 13 500 69.46 
27 3 1000 288 
23 24 1000 71.33 
7 24 500 221.95 
8 0 50 130.21 
6 11 50 100.73 
29 14 50 158.96 
1 29 1000 164.96 
28 17 50 166.4 
11 10 50 231.46 
17 7 1000 70.66 
23 16 100 210.37 
5 3 1000 124.08 
13 22 100 215.57 
7 10 500 132.74 
27 18 100 78.59 
6 10 50 220.62 
11 6 500 100.73 
19 3 1000 237.61 
16 12 100 167.64 
7 17 50 70.66 
0 6 500 113.69 
16 6 50 297.29 
2 3 100 191.75 
8 13 500 343.14 
10 11 500 231.46 
9 6 500 134.06 
14 10 100 251.73 
16 5 50 66.22 
27 19 500 219.57 
21 27 100 89.45 
21 10 50 218.78 
5 28 500 177.9 
4 9 100 192.92 
28 5 1000 177.9 
13 28 100 146.19 
25 11 500 180.17 
21 1 1000 88.93 
29 20 1000 102.44 
28 27 500 193.17 
7 0 100 226.56 
16 29 50 83.76 
23 17 50 150.08 
23 2 500 86.85 
9 13 50 177.56 
26 21 500 168.64 
19 11 50 153.87 
12 25 50 59.4 
12 4 50 260.48 
15 3 500 139.54 
15 12 50 213.79 
17 25 500 97.25 
21 0 100 131.83 
21 14 100 85.23 
6 16 100 297.29 
9 24 1000 132.08 
16 11 100 220.89 
22 14 500 270.46 
0 5 500 68.18 
11 17 1000 167.57 
18 8 100 201.43 
2 11 500 136.94 
4 8 1000 371.61 
6 27 500 207.41 
6 14 100 118.68 
29 17 1000 260.58 
22 4 100 99.55 
8 3 100 255.88 
2 21 100 126.97 
22 8 100 257.19 
22 9 500 160.49 
2 28 1000 90.64 
0 7 50 226.56 
24 12 500 241.12 
4 2 500 217.59 
13 29 50 473.36 
9 20 1000 182.62 
7 26 500 130.41 
27 8 100 363.46 
4 20 1000 151.55 
17 1 50 192.43 
27 25 100 146.06 
0 20 50 68.57 
27 21 50 89.45 
7 29 1000 188.01 
4 19 500 145.39 
2 23 50 86.85 
6 26 100 176.24 
23 28 50 95.89 
6 9 50 134.06 
17 21 50 127.63 
28 20 50 193.7 
7 14 50 78.18 
19 25 100 152.35 
29 4 100 184.59 
13 15 50 214.66 
8 6 50 139.21 
9 27 50 163.83 
6 22 1000 239.1 
4 13 50 425.94 
20 9 50 182.62 
23 15 1000 145.29 
28 12 500 196.23 
14 23 50 138.05 
2 20 50 167.08 
0 15 100 149.83 
17 13 500 43.35 
26 28 50 112.89 
25 27 100 146.06 
2 27 100 314.82 
1 2 100 75.54 
21 11 1000 175.74 
18 20 50 100.62 
11 15 50 204.55 
1 20 500 211.16 
27 2 1000 314.82 
3 9 50 127.63 
18 17 100 122.79 
26 2 100 150.04 
24 18 1000 162.95 
20 25 500 67.2 
21 25 50 147.52 
12 17 500 59.94 
3 8 500 255.88 
26 29 100 116.5 
20 16 500 57.48 
12 10 1000 126.4 
4 21 50 99.57 
8 18 100 201.43 
15 17 1000 98.18 
0 24 500 244.53 
9 23 100 109.25 
29 6 1000 192.39 
4 24 100 99.55 
4 3 1000 338.02 
15 22 500 179.5 
10 9 50 232.1 
16 23 50 210.37 
4 27 50 206.28 
17 0 500 70.76 
13 21 1000 179.67 
29 15 50 228.02 
23 8 500 209.65 
2 18 50 183.73 
29 25 100 147.57 
9 1 100 90.3 
5 19 500 195.87 
20 4 1000 151.55 
3 10 500 144.59 
5 29 50 245.07 
3 23 50 186.49 
9 10 1000 232.1 
8 15 500 189.85 
8 7 1000 145.81 
15 7 500 120.58 
20 22 1000 140.38 
0 25 50 70.67 
22 26 50 206.56 
26 4 500 171.88 
0 19 500 126.4 
20 18 50 100.62 
4 25 50 185.92 
7 2 1000 152.77 
10 2 50 241.1 
11 2 1000 136.94 
28 21 1000 253.92 
20 5 1000 351.04 
19 7 50 222.55 
25 15 1000 116.5 
4 0 1000 141.6 
21 24 1000 111.44 
25 7 50 92.87 
24 26 50 206.56 
19 15 500 56.02 
14 16 100 91.68 
16 13 100 97.93 
15 8 100 189.85 
17 5 100 196.27 
7 19 500 222.55 
7 4 1000 196.59 
27 28 1000 193.17 
26 17 500 70.75 
17 26 500 70.75 
16 10 100 252.09 
11 13 100 108.9 
23 5 50 133.94 
15 26 100 92.05 
4 29 50 184.59 
22 21 50 111.44 
26 13 50 122.65 
19 9 500 79.59 
7 22 50 221.95 
14 18 50 199.04 
1 22 500 56.95 
16 9 1000 239.46 
10 15 500 167.49 
10 22 100 316.87 
25 4 100 185.92 
29 19 50 247.24 
15 14 1000 148.14 
19 27 500 219.57 
23 26 1000 160 
26 9 100 69.37 
0 2 1000 158.74 
0 23 1000 128.19 
18 3 100 151.37 
16 15 500 116.49 
19 29 500 247.24 
0 3 100 86.78 
26 24 50 206.56 
15 24 1000 150.81 
27 1 100 177.9 
0 16 100 146.81 
23 27 100 196.15 
6 4 100 252.46 
6 24 500 239.1 
5 22 500 438.98 
9 5 50 205.67 
20 0 1000 68.57 
26 7 1000 130.41 
14 13 500 91.01 
13 1 500 119.95 
1 7 100 206.83 
21 12 100 124 
22 11 1000 92.49 
20 17 100 156.26 
23 3 1000 186.49 
14 15 500 148.14 
8 27 1000 363.46 
4 28 1000 99.77 
18 2 500 183.73 
16 0 500 146.81 
11 14 1000 184.53 
17 11 1000 167.57 
6 29 100 192.39 
28 10 50 206 
16 25 1000 241.45 
25 14 1000 98.43 
3 6 500 151 
11 25 1000 180.17 
6 7 50 247.38 
10 14 1000 251.73 
7 11 100 107.37 
5 20 1000 351.04 
10 6 50 220.62 
14 6 1000 118.68 
20 11 500 120.27 
18 0 500 112.09 
7 3 100 181.37 
7 23 100 255.06 
25 9 1000 194.05 
4 15 50 181.85 
4 5 1000 278.42 
12 14 50 161.12 
23 22 100 71.33 
1 4 50 37.48 
7 28 100 85.69 
24 25 500 95.98 
23 11 1000 259.75 
15 10 1000 167.49 
5 2 500 268.87 
18 22 1000 184.48 
29 18 500 74.82 
10 1 1000 179.38 
3 5 500 124.08 
13 23 100 95.46 
13 18 1000 69.46 
8 29 500 350.76 
25 19 50 152.35 
4 12 500 260.48 
11 16 500 220.89 
23 4 100 201.18 
26 12 100 88.46 
3 25 50 172.41 
15 5 1000 292.04 
15 2 100 149.71 
11 9 50 263.66 
15 18 100 215.99 
28 18 100 266.55 
11 12 50 95.8 
5 18 1000 168.8 
14 17 100 109.06 
12 5 500 122.72 
10 7 100 132.74 
24 16 1000 85.43 
16 28 1000 306.17 
6 17 1000 73.96 
28 25 500 180.43 
17 2 50 108.31 
26 11 100 136.33 
20 8 100 338.24 
13 14 50 91.01 
2 8 50 164.04 
19 23 500 101.5 
17 8 50 41.58 
2 26 500 150.04 
18 12 500 65.5 
4 16 50 125.71 
15 20 500 112.58 
4 11 500 190.65 
5 21 50 144.26 
7 18 50 147.41 
12 3 100 171.51 
29 8 100 350.76 
0 18 50 112.09 
20 23 50 168.18 
3 18 1000 151.37 
24 6 100 239.1 
11 19 50 153.87 
26 25 500 105.71 
0 17 100 70.76 
20 24 50 140.38 
28 4 50 99.77 
17 29 500 260.58 
29 11 50 86.78 
5 13 1000 264.68 
28 14 100 119.71 
26 14 100 119.89 
10 12 500 126.4 
21 7 100 205.67 
22 3 500 136.52 
18 9 100 250.56 
10 24 500 316.87 
15 6 100 159.33 
22 19 500 79.01 
8 28 500 118.49 
3 20 50 252.69 
23 19 50 101.5 
16 22 500 85.43 
10 0 100 60.43 
1 21 100 88.93 
17 28 50 166.4 
14 9 50 96.51 
8 19 50 305.64 
9 0 50 128.84 
12 1 100 177.16 
20 21 50 57.91 
