25 150 296 
8 19 5000 10 0 573.04 
13 24 5000 10 0 190.25 
20 22 5000 10 0 814.25 
1 24 20000 2.5 0 637.42 
15 23 20000 2.5 0 861.5 
10 24 20000 2.5 0 477.44 
18 23 20000 2.5 0 325.24 
4 13 10000 5 0 426.88 
1 23 50000 1 0 546.48 
11 20 10000 5 0 154.9 
13 18 50000 1 0 341.88 
3 10 50000 1 0 346.75 
7 9 50000 1 0 713.45 
2 7 10000 5 0 641.07 
1 12 50000 1 0 634.73 
3 9 10000 5 0 511.05 
6 19 50000 1 0 803.16 
3 7 50000 1 0 661.11 
7 22 5000 10 0 859.64 
12 18 20000 2.5 0 168.64 
2 3 10000 5 0 221.71 
5 7 20000 2.5 0 89.02 
4 21 10000 5 0 347.16 
5 16 10000 5 0 282.58 
5 12 20000 2.5 0 145.64 
21 23 10000 5 0 480.61 
7 15 20000 2.5 0 628.86 
9 20 10000 5 0 683.19 
15 21 50000 1 0 394.24 
15 16 20000 2.5 0 542.86 
10 15 50000 1 0 321.88 
1 3 20000 2.5 0 338.51 
1 13 10000 5 0 787.75 
1 2 50000 1 0 126.27 
14 19 50000 1 0 602.16 
2 24 5000 10 0 609.91 
4 6 20000 2.5 0 203.65 
4 14 20000 2.5 0 50 
12 13 5000 10 0 226.62 
9 14 20000 2.5 0 823.58 
17 21 50000 1 0 515.37 
2 4 10000 5 0 505.01 
0 21 50000 1 0 338.08 
10 20 10000 5 0 464.49 
2 10 10000 5 0 230.2 
3 23 5000 10 0 885.77 
8 20 20000 2.5 0 845.53 
9 17 20000 2.5 0 693.72 
8 14 10000 5 0 773.86 
6 17 5000 10 0 359.34 
5 15 5000 10 0 652.58 
7 17 20000 2.5 0 40.72 
14 20 10000 5 0 152.02 
11 22 50000 1 0 781.6 
1 6 5000 10 0 265.64 
11 15 10000 5 0 598.04 
0 5 5000 10 0 414.23 
15 24 5000 10 0 434.17 
12 23 20000 2.5 0 274.52 
1 14 20000 2.5 0 445.38 
3 19 5000 10 0 333.49 
13 22 10000 5 0 600.8 
10 22 20000 2.5 0 732.48 
7 23 10000 5 0 313.85 
9 18 50000 1 0 793.49 
6 11 5000 10 0 448.14 
13 16 5000 10 0 635.84 
2 15 5000 10 0 224.93 
2 9 50000 1 0 638.12 
0 6 20000 2.5 0 409.38 
1 7 20000 2.5 0 554.92 
6 8 20000 2.5 0 528.93 
19 20 10000 5 0 593.53 
12 16 50000 1 0 419.57 
9 11 10000 5 0 646.76 
19 8 5000 10 0 573.04 
24 13 5000 10 0 190.25 
22 20 5000 10 0 814.25 
24 1 20000 2.5 0 637.42 
23 15 20000 2.5 0 861.5 
24 10 20000 2.5 0 477.44 
23 18 20000 2.5 0 325.24 
13 4 10000 5 0 426.88 
23 1 50000 1 0 546.48 
20 11 10000 5 0 154.9 
18 13 50000 1 0 341.88 
10 3 50000 1 0 346.75 
9 7 50000 1 0 713.45 
7 2 10000 5 0 641.07 
12 1 50000 1 0 634.73 
9 3 10000 5 0 511.05 
19 6 50000 1 0 803.16 
7 3 50000 1 0 661.11 
22 7 5000 10 0 859.64 
18 12 20000 2.5 0 168.64 
3 2 10000 5 0 221.71 
7 5 20000 2.5 0 89.02 
21 4 10000 5 0 347.16 
16 5 10000 5 0 282.58 
12 5 20000 2.5 0 145.64 
23 21 10000 5 0 480.61 
15 7 20000 2.5 0 628.86 
20 9 10000 5 0 683.19 
21 15 50000 1 0 394.24 
16 15 20000 2.5 0 542.86 
15 10 50000 1 0 321.88 
3 1 20000 2.5 0 338.51 
13 1 10000 5 0 787.75 
2 1 50000 1 0 126.27 
19 14 50000 1 0 602.16 
24 2 5000 10 0 609.91 
6 4 20000 2.5 0 203.65 
14 4 20000 2.5 0 50 
13 12 5000 10 0 226.62 
14 9 20000 2.5 0 823.58 
21 17 50000 1 0 515.37 
4 2 10000 5 0 505.01 
21 0 50000 1 0 338.08 
20 10 10000 5 0 464.49 
10 2 10000 5 0 230.2 
23 3 5000 10 0 885.77 
20 8 20000 2.5 0 845.53 
17 9 20000 2.5 0 693.72 
14 8 10000 5 0 773.86 
17 6 5000 10 0 359.34 
15 5 5000 10 0 652.58 
17 7 20000 2.5 0 40.72 
20 14 10000 5 0 152.02 
22 11 50000 1 0 781.6 
6 1 5000 10 0 265.64 
15 11 10000 5 0 598.04 
5 0 5000 10 0 414.23 
24 15 5000 10 0 434.17 
23 12 20000 2.5 0 274.52 
14 1 20000 2.5 0 445.38 
19 3 5000 10 0 333.49 
22 13 10000 5 0 600.8 
22 10 20000 2.5 0 732.48 
23 7 10000 5 0 313.85 
18 9 50000 1 0 793.49 
11 6 5000 10 0 448.14 
16 13 5000 10 0 635.84 
15 2 5000 10 0 224.93 
9 2 50000 1 0 638.12 
6 0 20000 2.5 0 409.38 
7 1 20000 2.5 0 554.92 
8 6 20000 2.5 0 528.93 
20 19 10000 5 0 593.53 
16 12 50000 1 0 419.57 
11 9 10000 5 0 646.76 
8 21 50 349.08 
14 6 1000 365.91 
4 16 500 307.71 
18 10 500 211.65 
24 16 500 421.43 
16 14 1000 306.75 
7 2 1000 351.4 
18 8 100 372.2 
3 16 100 312.97 
19 10 500 382.53 
6 21 1000 407.22 
8 1 500 469.02 
23 3 100 316.61 
9 20 50 373.6 
22 0 1000 360.41 
19 9 50 377.26 
0 23 50 400.28 
22 12 1000 384.64 
23 18 50 294.58 
8 17 100 290.04 
6 24 1000 256.91 
8 5 500 308.21 
4 24 500 407.86 
5 16 1000 372.66 
15 23 500 329.45 
7 22 100 339.02 
9 6 1000 484.27 
19 6 500 552.09 
8 10 500 420.13 
13 21 1000 355.05 
23 12 100 334.53 
23 16 100 488.05 
1 15 1000 333.24 
14 0 500 298.4 
6 20 100 338.4 
22 18 50 427.23 
5 3 100 327.34 
4 11 500 397.28 
17 18 1000 363.49 
1 24 500 467.43 
23 0 100 400.28 
3 10 500 371.47 
24 8 100 228.59 
3 9 500 162.01 
5 11 100 265.31 
4 21 50 319.52 
15 4 50 428.04 
3 17 500 327.15 
22 2 500 324.96 
20 17 1000 241.27 
0 18 500 471.78 
3 12 1000 229.97 
13 14 50 217.19 
15 6 50 409.94 
23 2 50 311.69 
14 3 500 517.44 
11 7 100 266.48 
17 2 1000 328.2 
5 20 50 232.42 
11 2 500 509.97 
19 7 100 321.47 
0 20 500 352.37 
3 18 1000 227.98 
7 21 500 441.46 
21 9 1000 295.79 
23 8 1000 250.64 
10 2 100 511.8 
4 8 100 459.25 
13 18 1000 231.94 
24 17 50 354.22 
9 5 50 281.81 
18 21 50 380.03 
2 8 100 377.78 
11 10 50 308.89 
20 4 100 273.15 
9 1 500 403.84 
19 12 500 252.03 
16 15 50 388.04 
16 8 50 264.43 
13 5 100 474.07 
22 20 100 335.39 
21 2 500 343.44 
0 21 500 427.72 
17 4 500 354.59 
1 3 100 320.07 
7 24 50 355.6 
20 19 50 535.53 
12 19 50 252.03 
14 11 50 402.7 
7 12 500 381.19 
15 1 50 333.24 
19 4 1000 487.61 
16 6 500 355.97 
11 4 50 397.28 
1 14 100 334.97 
22 17 500 352.24 
19 1 100 462.72 
1 0 100 435.04 
7 5 100 372.56 
5 15 50 403.69 
2 0 50 394.11 
9 14 100 480.95 
23 10 1000 298.5 
22 15 500 275.3 
24 3 1000 484.83 
7 20 100 233.82 
7 10 50 309.35 
15 24 50 358.45 
0 2 500 394.11 
22 7 1000 339.02 
11 5 100 265.31 
0 17 50 404.76 
0 11 1000 328.21 
9 8 500 441.49 
15 16 1000 388.04 
1 21 1000 414.08 
9 17 50 348.78 
21 15 500 341.14 
11 18 100 235.46 
17 16 100 353.71 
6 19 50 552.09 
19 24 500 379.98 
17 20 1000 241.27 
12 2 100 307.06 
12 23 1000 334.53 
5 8 100 308.21 
4 9 500 458.71 
10 9 500 362.97 
8 6 1000 663.22 
5 2 50 370.24 
10 6 50 284.8 
4 15 500 428.04 
1 18 50 288.26 
20 0 1000 352.37 
21 6 100 407.22 
6 10 500 284.8 
21 17 1000 392.19 
12 21 500 400.67 
6 23 100 366.38 
5 6 50 365.35 
12 10 500 241.79 
10 13 50 303.44 
1 5 50 412.1 
19 17 500 290.13 
0 24 500 286.56 
1 7 1000 441.73 
4 10 1000 447.86 
9 24 500 418.26 
5 1 50 412.1 
21 10 50 296 
16 21 50 439.66 
2 11 500 509.97 
18 0 50 471.78 
20 12 50 262.49 
15 0 500 285.44 
9 15 500 367.05 
20 22 500 335.39 
24 12 50 289.13 
23 17 100 366.48 
24 7 1000 355.6 
2 24 50 468.44 
23 7 1000 414.74 
2 19 50 524.5 
17 21 500 392.19 
20 18 50 266.11 
22 5 500 338.26 
7 15 50 366.41 
11 24 500 333.67 
18 2 100 242.78 
13 6 50 372.2 
5 7 1000 372.56 
19 11 1000 458.13 
10 16 500 329.95 
8 23 1000 250.64 
6 22 50 327.64 
24 0 1000 286.56 
8 15 500 291.05 
13 9 1000 260.85 
8 13 1000 315.96 
5 0 50 397.93 
5 17 50 356.15 
14 18 500 325.95 
8 3 1000 346.52 
5 19 1000 277.31 
5 13 100 474.07 
2 5 1000 370.24 
4 6 100 369.78 
20 21 1000 431.82 
1 2 1000 352.66 
9 18 100 291.33 
22 8 500 445.81 
2 9 1000 335.46 
18 9 500 291.33 
23 1 100 296.71 
23 5 500 415.5 
6 0 500 383.68 
19 13 500 304.41 
7 4 1000 332.41 
9 23 500 397.26 
6 5 100 365.35 
11 15 50 338.26 
13 16 50 472.19 
14 15 100 467.15 
0 8 1000 340.76 
19 8 50 556.2 
13 2 50 412.41 
6 16 1000 355.97 
16 13 1000 472.19 
12 17 50 400.29 
9 12 1000 271.62 
8 11 50 380.64 
8 14 100 421.68 
23 4 1000 408.82 
10 7 100 309.35 
3 8 50 346.52 
17 10 50 303.76 
14 4 500 261.84 
21 13 1000 355.05 
5 12 100 368.85 
3 21 100 481.71 
6 12 1000 364.38 
11 20 1000 433.95 
18 17 100 363.49 
15 21 1000 341.14 
2 23 100 311.69 
22 1 500 361.78 
13 3 500 315.32 
17 12 50 400.29 
20 13 1000 197.68 
9 2 500 335.46 
20 11 1000 433.95 
0 7 500 450.42 
11 8 50 380.64 
5 9 1000 281.81 
10 23 100 298.5 
8 0 1000 340.76 
2 18 500 242.78 
21 23 500 393.86 
3 13 500 315.32 
13 12 500 285.03 
16 7 1000 395.11 
20 3 500 491.3 
23 20 100 322.29 
9 19 50 377.26 
18 11 500 235.46 
7 6 1000 376.02 
22 11 50 364.13 
20 6 100 338.4 
15 14 100 467.15 
15 12 50 327.15 
16 17 500 353.71 
24 5 500 309.24 
18 6 100 359.84 
15 17 1000 340.7 
24 23 50 365.15 
7 14 500 336.92 
22 4 1000 345.68 
24 13 1000 237.38 
12 6 100 364.38 
19 23 1000 265.64 
19 3 100 403.72 
13 4 100 278.61 
11 17 1000 272.99 
8 2 100 377.78 
12 7 1000 381.19 
14 23 1000 389.43 
6 17 1000 365.8 
21 3 50 481.71 
22 24 1000 362.67 
9 16 50 209.73 
7 3 100 335.79 
21 14 100 389.74 
8 12 50 326.83 
11 1 500 424.55 
2 7 100 351.4 
10 15 500 360.73 
4 20 50 273.15 
7 23 100 414.74 
14 10 1000 494.04 
0 14 500 298.4 
2 10 500 511.8 
12 4 500 304.56 
12 9 1000 271.62 
11 16 100 298.39 
20 7 100 233.82 
23 21 50 393.86 
14 7 100 336.92 
24 6 1000 256.91 
6 18 1000 359.84 
19 0 50 363.62 
18 16 50 770.92 
1 12 50 363.35 
9 4 1000 458.71 
4 0 1000 320.07 
9 3 500 162.01 
9 22 1000 423.23 
