25 90 158 
13 23 10000 5 0 294.05 
7 23 10000 5 0 436.69 
8 13 20000 2.5 0 239.54 
3 11 50000 1 0 817.35 
8 11 5000 10 0 471.79 
9 16 20000 2.5 0 206.24 
21 22 50000 1 0 651.25 
10 23 20000 2.5 0 531.52 
6 10 10000 5 0 321.76 
5 8 5000 10 0 369.83 
2 23 50000 1 0 378.12 
2 20 20000 2.5 0 423 
0 4 50000 1 0 916.53 
4 17 5000 10 0 435.95 
12 16 10000 5 0 896.13 
20 24 5000 10 0 708.78 
4 16 50000 1 0 680.07 
14 17 5000 10 0 702.78 
3 8 10000 5 0 623.66 
13 20 10000 5 0 259.93 
5 22 50000 1 0 754.99 
6 22 5000 10 0 514.7 
22 23 10000 5 0 537.34 
14 24 50000 1 0 282.69 
7 11 50000 1 0 505.23 
1 19 5000 10 0 140.59 
12 14 5000 10 0 600.52 
1 21 10000 5 0 710.82 
7 10 50000 1 0 178.39 
6 15 5000 10 0 639.76 
16 18 20000 2.5 0 742.31 
23 24 10000 5 0 679.11 
16 24 20000 2.5 0 483.16 
11 12 20000 2.5 0 593.55 
5 16 10000 5 0 830.7 
6 18 50000 1 0 744.48 
7 14 5000 10 0 314.8 
12 19 5000 10 0 978.67 
11 16 10000 5 0 427.1 
3 17 50000 1 0 303.78 
0 12 10000 5 0 818.32 
2 21 50000 1 0 562.65 
12 22 20000 2.5 0 715.29 
8 20 20000 2.5 0 166.3 
9 12 20000 2.5 0 850.4 
23 13 10000 5 0 294.05 
23 7 10000 5 0 436.69 
13 8 20000 2.5 0 239.54 
11 3 50000 1 0 817.35 
11 8 5000 10 0 471.79 
16 9 20000 2.5 0 206.24 
22 21 50000 1 0 651.25 
23 10 20000 2.5 0 531.52 
10 6 10000 5 0 321.76 
8 5 5000 10 0 369.83 
23 2 50000 1 0 378.12 
20 2 20000 2.5 0 423 
4 0 50000 1 0 916.53 
17 4 5000 10 0 435.95 
16 12 10000 5 0 896.13 
24 20 5000 10 0 708.78 
16 4 50000 1 0 680.07 
17 14 5000 10 0 702.78 
8 3 10000 5 0 623.66 
20 13 10000 5 0 259.93 
22 5 50000 1 0 754.99 
22 6 5000 10 0 514.7 
23 22 10000 5 0 537.34 
24 14 50000 1 0 282.69 
11 7 50000 1 0 505.23 
19 1 5000 10 0 140.59 
14 12 5000 10 0 600.52 
21 1 10000 5 0 710.82 
10 7 50000 1 0 178.39 
15 6 5000 10 0 639.76 
18 16 20000 2.5 0 742.31 
24 23 10000 5 0 679.11 
24 16 20000 2.5 0 483.16 
12 11 20000 2.5 0 593.55 
16 5 10000 5 0 830.7 
18 6 50000 1 0 744.48 
14 7 5000 10 0 314.8 
19 12 5000 10 0 978.67 
16 11 10000 5 0 427.1 
17 3 50000 1 0 303.78 
12 0 10000 5 0 818.32 
21 2 50000 1 0 562.65 
22 12 20000 2.5 0 715.29 
20 8 20000 2.5 0 166.3 
12 9 20000 2.5 0 850.4 
20 5 1000 709.53 
4 5 100 429.73 
1 18 100 626.09 
11 17 100 554.93 
9 11 50 845.07 
10 24 50 789.82 
11 14 1000 832.34 
9 18 500 646 
13 22 500 797.86 
0 7 1000 751.79 
14 13 50 794.72 
5 8 100 635.03 
18 23 50 760.94 
3 11 500 730.42 
3 12 1000 550.49 
11 7 50 709.83 
14 21 500 776.77 
2 16 100 759.46 
11 2 1000 695.23 
10 13 50 870.87 
13 10 50 870.87 
1 3 1000 542.59 
5 2 50 757.23 
17 6 1000 648.62 
12 8 500 582.3 
16 8 1000 738.27 
19 4 50 450.81 
4 7 500 527.61 
19 7 1000 691.5 
12 20 100 454.83 
5 17 1000 642.81 
8 1 500 498.88 
24 17 50 665.48 
24 13 1000 978.22 
9 10 500 618.3 
14 11 100 832.34 
20 17 1000 759.62 
7 23 500 879.12 
22 7 1000 773.52 
22 14 100 508.09 
3 4 50 446.32 
18 17 1000 544.37 
17 19 500 552 
5 10 500 879.12 
22 20 1000 831.6 
20 18 100 687.26 
1 10 50 730.82 
18 2 50 716.28 
24 20 1000 990.75 
3 17 1000 806.18 
18 13 1000 786.94 
11 19 1000 734.87 
3 22 500 705.19 
9 2 1000 627.15 
7 4 1000 527.61 
22 6 50 674.63 
20 14 50 925.93 
17 2 100 561.24 
4 12 100 812.87 
14 5 1000 839.89 
5 23 50 856.49 
19 17 50 552 
21 10 500 919.87 
11 8 500 774.57 
17 10 1000 746.42 
7 9 1000 639.33 
7 18 1000 693.63 
20 21 1000 781.35 
2 9 500 627.15 
0 11 500 559.84 
24 22 500 729.41 
10 19 50 780.13 
7 16 50 678.19 
1 2 1000 650.6 
23 9 500 672.52 
14 2 50 784.52 
14 22 1000 508.09 
13 20 1000 808.3 
7 0 100 751.79 
5 11 50 610.49 
16 24 1000 819.43 
1 20 50 718.69 
0 2 50 561.87 
2 22 50 867.05 
22 11 100 717.6 
6 24 500 810.22 
12 9 50 583.63 
12 10 50 767 
22 0 100 479.53 
10 11 1000 638.45 
1 9 50 571.67 
5 4 500 429.73 
0 6 500 548.78 
5 12 100 643.37 
4 11 1000 937.03 
0 3 100 563.48 
22 10 1000 732.27 
12 13 100 524.41 
9 12 50 583.63 
21 20 500 781.35 
12 21 50 582.61 
19 13 100 608.96 
0 18 1000 636.82 
4 6 50 403.63 
7 19 500 691.5 
19 14 50 803.66 
4 18 100 474.91 
22 3 1000 705.19 
10 14 1000 757.13 
9 6 1000 583.65 
19 6 50 558.3 
7 6 100 761.92 
12 3 50 550.49 
10 21 50 919.87 
19 0 100 654.19 
9 21 500 549.46 
16 11 1000 840.82 
16 2 50 759.46 
10 20 1000 839.57 
11 12 500 713.11 
21 9 500 549.46 
9 3 500 721.53 
12 5 500 643.37 
14 16 500 687.54 
6 16 100 552.51 
24 1 1000 578.37 
23 22 50 793.14 
14 8 100 972.99 
10 9 50 618.3 
6 14 100 788.7 
19 3 50 482.42 
24 2 500 824.22 
20 11 50 939.06 
9 23 100 672.52 
5 16 50 568.16 
11 21 1000 804.22 
16 21 100 595.14 
8 19 50 592.67 
8 2 100 720.95 
14 1 1000 746.27 
22 12 100 643.95 
3 0 500 563.48 
9 7 1000 639.33 
6 10 50 675.55 
12 23 50 617.41 
19 5 1000 785.64 
1 14 100 746.27 
13 12 1000 524.41 
4 8 100 681.23 
21 8 100 762.51 
7 22 50 773.52 
16 4 1000 773.06 
16 12 50 583.63 
0 16 1000 636.39 
2 11 50 695.23 
23 11 500 769.78 
11 4 500 937.03 
2 8 50 720.95 
