20 76 81 
3 10 50000 1 0 179.8 
3 16 50000 1 0 82.38 
1 14 50000 1 0 699.96 
9 11 20000 2.5 0 93.63 
11 15 10000 5 0 694.11 
6 13 20000 2.5 0 364.34 
0 7 10000 5 0 592.33 
9 13 50000 1 0 267.77 
12 16 50000 1 0 283.26 
8 11 10000 5 0 197.21 
3 17 50000 1 0 597.45 
0 3 50000 1 0 780.79 
2 16 20000 2.5 0 922.19 
4 15 50000 1 0 130.87 
1 16 50000 1 0 105.29 
11 16 5000 10 0 346.71 
7 17 10000 5 0 715.12 
1 11 10000 5 0 424.61 
0 18 20000 2.5 0 773.77 
9 12 5000 10 0 341.35 
6 19 10000 5 0 599.22 
3 7 50000 1 0 263.88 
2 12 20000 2.5 0 788.49 
3 12 10000 5 0 259.73 
1 15 10000 5 0 814.42 
1 18 10000 5 0 145.1 
4 16 10000 5 0 811.35 
0 15 5000 10 0 155.94 
7 15 5000 10 0 743.02 
1 9 20000 2.5 0 330.98 
3 5 5000 10 0 420.81 
3 9 5000 10 0 330.15 
6 11 5000 10 0 258.76 
1 17 20000 2.5 0 632.44 
2 3 10000 5 0 888.2 
8 16 5000 10 0 540.52 
1 19 5000 10 0 727.1 
10 11 50000 1 0 297.42 
10 3 50000 1 0 179.8 
16 3 50000 1 0 82.38 
14 1 50000 1 0 699.96 
11 9 20000 2.5 0 93.63 
15 11 10000 5 0 694.11 
13 6 20000 2.5 0 364.34 
7 0 10000 5 0 592.33 
13 9 50000 1 0 267.77 
16 12 50000 1 0 283.26 
11 8 10000 5 0 197.21 
17 3 50000 1 0 597.45 
3 0 50000 1 0 780.79 
16 2 20000 2.5 0 922.19 
15 4 50000 1 0 130.87 
16 1 50000 1 0 105.29 
16 11 5000 10 0 346.71 
17 7 10000 5 0 715.12 
11 1 10000 5 0 424.61 
18 0 20000 2.5 0 773.77 
12 9 5000 10 0 341.35 
19 6 10000 5 0 599.22 
7 3 50000 1 0 263.88 
12 2 20000 2.5 0 788.49 
12 3 10000 5 0 259.73 
15 1 10000 5 0 814.42 
18 1 10000 5 0 145.1 
16 4 10000 5 0 811.35 
15 0 5000 10 0 155.94 
15 7 5000 10 0 743.02 
9 1 20000 2.5 0 330.98 
5 3 5000 10 0 420.81 
9 3 5000 10 0 330.15 
11 6 5000 10 0 258.76 
17 1 20000 2.5 0 632.44 
3 2 10000 5 0 888.2 
16 8 5000 10 0 540.52 
19 1 5000 10 0 727.1 
11 10 50000 1 0 297.42 
19 4 1000 350.26 
7 2 500 391.02 
9 17 1000 526.9 
13 12 1000 545.48 
19 8 500 460.28 
19 11 1000 652.02 
6 1 50 659.66 
0 3 50 383.81 
12 0 100 302.52 
11 12 50 797.24 
13 1 1000 722.97 
0 9 500 254.1 
2 0 50 248.13 
11 13 50 959.79 
12 8 50 613.81 
10 4 50 312.36 
0 19 500 190.4 
0 16 100 361.73 
9 7 100 618.17 
10 9 500 638.21 
15 7 500 440.09 
3 17 100 771.19 
10 19 100 344.57 
11 1 1000 651.4 
15 11 100 200.76 
3 6 100 594.96 
19 9 1000 456.4 
13 19 50 452.04 
4 12 100 349.51 
6 10 50 536.57 
16 11 1000 763.18 
0 2 1000 248.13 
4 13 50 202.63 
2 8 50 346.15 
8 3 1000 594.96 
17 18 500 398.92 
16 18 50 638.6 
15 16 50 554.56 
7 10 500 478.45 
10 7 500 478.45 
18 12 100 518.75 
16 4 500 554.56 
12 2 1000 584.77 
15 18 100 514.05 
7 6 100 494.36 
11 6 50 580.7 
1 13 500 722.97 
16 7 1000 530.38 
19 7 1000 312.33 
18 17 100 398.92 
7 0 500 367.15 
18 6 50 646.1 
12 3 1000 885.38 
10 13 100 507.2 
6 2 50 236.31 
6 4 50 252.33 
11 4 100 258.67 
1 3 1000 769.85 
17 0 1000 386.73 
8 6 500 382.49 
16 8 1000 763.18 
1 15 1000 514.05 
15 19 100 385.19 
16 9 1000 713.73 
16 2 1000 454.12 
11 19 500 652.02 
16 3 50 841.6 
17 6 50 299.12 
3 15 50 440.09 
16 1 500 713.74 
3 12 100 885.38 
10 1 500 566.22 
13 10 500 507.2 
10 2 500 312.94 
7 13 100 595.67 
8 2 500 346.15 
2 16 100 454.12 
9 6 1000 826.14 
7 15 50 440.09 
15 6 1000 198.56 
18 2 100 236.22 
