30 130 169 
20 22 20000 2.5 1 736.49 
4 17 20000 2.5 1 571.77 
10 26 5000 10 1 724.23 
13 27 10000 5 1 576.74 
8 19 5000 10 1 698.63 
5 29 20000 2.5 1 608.13 
7 17 5000 10 1 754.06 
7 27 5000 10 1 193.09 
6 24 10000 5 1 459.75 
6 20 20000 2.5 1 867.55 
19 26 50000 1 1 870.53 
19 23 5000 10 1 966.08 
1 11 20000 2.5 1 590.18 
1 3 5000 10 1 469.64 
9 12 5000 10 1 639.62 
3 17 10000 5 1 431.17 
8 20 10000 5 1 668.24 
27 29 20000 2.5 1 430.17 
6 7 5000 10 1 219.25 
9 19 5000 10 1 726.61 
3 11 5000 10 1 203.7 
10 28 20000 2.5 1 724.85 
5 12 10000 5 1 209.83 
20 28 5000 10 1 880.47 
5 7 20000 2.5 1 999.38 
4 20 20000 2.5 1 302.51 
5 21 5000 10 1 93.42 
14 18 5000 10 1 675.62 
3 5 10000 5 1 619.73 
15 24 50000 1 1 510.36 
7 24 50000 1 1 599.58 
9 10 5000 10 1 566.64 
10 17 50000 1 1 261.34 
2 15 20000 2.5 1 163.18 
19 22 20000 2.5 1 656.85 
4 23 10000 5 1 626.8 
17 18 50000 1 1 779.92 
4 14 50000 1 1 136.93 
11 23 10000 5 1 395.86 
8 26 20000 2.5 1 439.89 
21 23 10000 5 1 790.44 
15 23 50000 1 1 125.36 
5 11 5000 10 1 518.66 
5 8 50000 1 1 702.96 
11 13 10000 5 1 854.96 
9 20 50000 1 1 639 
16 28 10000 5 1 615.07 
14 20 5000 10 1 253.53 
8 9 5000 10 1 245.35 
24 29 5000 10 1 744.13 
17 27 5000 10 1 827.12 
5 6 5000 10 1 793.98 
2 3 20000 2.5 1 362.32 
18 24 50000 1 1 408.61 
4 5 20000 2.5 1 328.41 
16 24 5000 10 1 463.02 
6 8 50000 1 1 304.49 
20 25 50000 1 1 162.14 
6 17 5000 10 1 769.18 
0 13 50000 1 1 643.11 
13 15 50000 1 1 428.91 
13 18 50000 1 1 644.47 
9 29 10000 5 1 579.93 
4 28 10000 5 1 643.08 
1 13 20000 2.5 1 321.35 
22 20 20000 2.5 1 736.49 
17 4 20000 2.5 1 571.77 
26 10 5000 10 1 724.23 
27 13 10000 5 1 576.74 
19 8 5000 10 1 698.63 
29 5 20000 2.5 1 608.13 
17 7 5000 10 1 754.06 
27 7 5000 10 1 193.09 
24 6 10000 5 1 459.75 
20 6 20000 2.5 1 867.55 
26 19 50000 1 1 870.53 
23 19 5000 10 1 966.08 
11 1 20000 2.5 1 590.18 
3 1 5000 10 1 469.64 
12 9 5000 10 1 639.62 
17 3 10000 5 1 431.17 
20 8 10000 5 1 668.24 
29 27 20000 2.5 1 430.17 
7 6 5000 10 1 219.25 
19 9 5000 10 1 726.61 
11 3 5000 10 1 203.7 
28 10 20000 2.5 1 724.85 
12 5 10000 5 1 209.83 
28 20 5000 10 1 880.47 
7 5 20000 2.5 1 999.38 
20 4 20000 2.5 1 302.51 
21 5 5000 10 1 93.42 
18 14 5000 10 1 675.62 
5 3 10000 5 1 619.73 
24 15 50000 1 1 510.36 
24 7 50000 1 1 599.58 
10 9 5000 10 1 566.64 
17 10 50000 1 1 261.34 
15 2 20000 2.5 1 163.18 
22 19 20000 2.5 1 656.85 
23 4 10000 5 1 626.8 
18 17 50000 1 1 779.92 
14 4 50000 1 1 136.93 
23 11 10000 5 1 395.86 
26 8 20000 2.5 1 439.89 
23 21 10000 5 1 790.44 
23 15 50000 1 1 125.36 
11 5 5000 10 1 518.66 
8 5 50000 1 1 702.96 
13 11 10000 5 1 854.96 
20 9 50000 1 1 639 
28 16 10000 5 1 615.07 
20 14 5000 10 1 253.53 
9 8 5000 10 1 245.35 
29 24 5000 10 1 744.13 
27 17 5000 10 1 827.12 
6 5 5000 10 1 793.98 
3 2 20000 2.5 1 362.32 
24 18 50000 1 1 408.61 
5 4 20000 2.5 1 328.41 
24 16 5000 10 1 463.02 
8 6 50000 1 1 304.49 
25 20 50000 1 1 162.14 
17 6 5000 10 1 769.18 
13 0 50000 1 1 643.11 
15 13 50000 1 1 428.91 
18 13 50000 1 1 644.47 
29 9 10000 5 1 579.93 
28 4 10000 5 1 643.08 
13 1 20000 2.5 1 321.35 
16 29 50 531.17 
29 9 50 688.24 
23 29 500 554.67 
29 12 50 507.24 
26 7 50 704.49 
14 27 50 569.04 
13 14 1000 374.55 
15 1 50 887.02 
10 9 50 543.69 
9 26 100 598.28 
14 17 100 495.22 
11 23 500 1040.53 
3 20 500 709.09 
2 20 500 719.92 
8 20 100 568.52 
11 5 100 396.51 
4 9 1000 790.51 
2 16 1000 409.05 
14 4 50 587.24 
16 23 50 356.07 
17 26 50 618.68 
23 21 500 581.12 
27 6 50 687.68 
9 17 100 669.12 
26 24 500 345.23 
5 1 500 776.02 
9 6 1000 702.78 
8 6 50 579.03 
14 23 100 780.18 
14 15 100 664.27 
10 23 100 362.54 
26 22 100 737.52 
19 13 50 448.92 
4 21 100 525.25 
17 1 500 757.78 
7 14 50 726.1 
10 12 50 504.51 
22 17 100 428.55 
1 21 50 827.17 
24 26 1000 345.23 
28 14 1000 520.68 
15 6 500 435.28 
4 18 100 358.97 
11 14 100 711.73 
27 19 50 403.45 
6 16 100 426.03 
28 5 500 409.56 
29 10 500 647.7 
6 17 50 631.39 
18 17 100 582.57 
10 4 50 668.06 
19 5 50 730.56 
29 23 100 554.67 
16 6 50 426.03 
12 3 100 722.99 
19 11 1000 333.83 
8 10 50 547.64 
23 18 100 643.45 
28 7 50 710.39 
28 20 500 454.87 
13 24 500 679.01 
17 8 500 694.06 
28 11 1000 629.81 
4 14 500 587.24 
19 10 100 638.23 
22 1 1000 586.13 
11 1 100 662.98 
7 4 100 800.89 
26 3 100 440.57 
7 12 1000 422.9 
15 8 50 549.07 
13 17 500 761.85 
5 24 1000 711.62 
4 23 100 565.65 
18 5 50 458.75 
11 3 100 1005.59 
8 14 1000 917.39 
17 12 1000 470.28 
23 9 50 548.64 
19 8 50 525.53 
24 7 500 446.23 
2 11 100 856.12 
7 11 1000 703.02 
4 15 50 699.72 
1 29 50 329.74 
2 3 500 939.18 
24 20 100 489.81 
9 8 1000 832.83 
12 15 1000 530.47 
4 2 50 668.28 
2 13 50 680.18 
18 3 50 753.52 
6 21 50 677.47 
20 2 500 719.92 
1 4 1000 790.07 
2 1 50 819.4 
24 18 1000 507.2 
26 29 50 583.54 
20 9 1000 778.3 
8 15 100 549.07 
28 18 500 508.48 
1 18 1000 628.95 
23 26 50 623.03 
26 6 500 701.41 
24 4 100 501.92 
19 7 1000 487.83 
21 15 500 637.83 
6 19 100 470.28 
17 10 50 573.93 
5 6 500 679.15 
18 1 500 628.95 
2 17 100 658.48 
6 22 100 643.32 
22 18 50 405.71 
19 9 1000 541.08 
13 7 100 298.27 
24 6 500 441.63 
4 20 500 722.02 
15 14 50 664.27 
13 20 500 295.06 
18 9 500 523.37 
28 8 500 808.73 
17 22 50 428.55 
23 4 1000 565.65 
27 14 100 569.04 
5 7 500 432.27 
7 28 100 710.39 
15 22 500 542.76 
16 3 500 397.87 
19 18 50 512.51 
12 27 100 400.89 
3 2 100 939.18 
9 14 500 764.1 
14 2 100 704.28 
17 7 50 487.95 
21 26 50 676.85 
20 4 1000 722.02 
23 5 500 581.12 
20 19 50 756.79 
14 29 50 470.77 
7 16 100 367.92 
28 22 500 476.68 
18 22 100 405.71 
3 23 500 1113.96 
13 4 500 516.76 
24 29 100 596.61 
23 11 500 1040.53 
1 22 100 586.13 
16 27 100 434.46 
28 21 100 403.3 
23 12 500 374.86 
13 8 1000 351.22 
13 22 1000 257.03 
8 9 500 832.83 
23 15 50 729.7 
8 26 50 618.73 
1 26 1000 349.35 
20 7 500 593.69 
16 1 100 471.87 
27 15 500 430.84 
4 3 100 540.96 
4 26 500 640.71 
21 11 500 449.5 
12 29 50 507.24 
3 7 100 719.41 
11 13 100 733.65 
3 17 50 279.04 
18 26 50 527.99 
8 7 1000 543.5 
