20 56 176 
7 15 50000 1 0 488.63 
0 14 50000 1 0 152.06 
4 16 20000 2.5 0 506.46 
5 16 10000 5 0 567.73 
3 4 10000 5 0 548.51 
17 18 10000 5 0 305.94 
10 16 10000 5 0 337.43 
7 17 20000 2.5 0 155.21 
3 11 50000 1 0 445.26 
2 16 10000 5 0 546.68 
3 12 50000 1 0 371.5 
0 12 5000 10 0 388.71 
9 11 50000 1 0 574.27 
9 16 5000 10 0 401.16 
1 19 50000 1 0 564.74 
3 17 20000 2.5 0 336.51 
5 17 50000 1 0 661.23 
12 19 20000 2.5 0 445.55 
1 8 50000 1 0 628.62 
2 6 10000 5 0 168.43 
4 14 10000 5 0 828.65 
5 11 20000 2.5 0 510.89 
15 16 50000 1 0 671.97 
2 4 10000 5 0 836.13 
0 7 20000 2.5 0 838.43 
2 13 10000 5 0 81.18 
1 10 20000 2.5 0 521.83 
2 12 10000 5 0 651.19 
15 7 50000 1 0 488.63 
14 0 50000 1 0 152.06 
16 4 20000 2.5 0 506.46 
16 5 10000 5 0 567.73 
4 3 10000 5 0 548.51 
18 17 10000 5 0 305.94 
16 10 10000 5 0 337.43 
17 7 20000 2.5 0 155.21 
11 3 50000 1 0 445.26 
16 2 10000 5 0 546.68 
12 3 50000 1 0 371.5 
12 0 5000 10 0 388.71 
11 9 50000 1 0 574.27 
16 9 5000 10 0 401.16 
19 1 50000 1 0 564.74 
17 3 20000 2.5 0 336.51 
17 5 50000 1 0 661.23 
19 12 20000 2.5 0 445.55 
8 1 50000 1 0 628.62 
6 2 10000 5 0 168.43 
14 4 10000 5 0 828.65 
11 5 20000 2.5 0 510.89 
16 15 50000 1 0 671.97 
4 2 10000 5 0 836.13 
7 0 20000 2.5 0 838.43 
13 2 10000 5 0 81.18 
10 1 20000 2.5 0 521.83 
12 2 10000 5 0 651.19 
16 0 50 1406.75 
15 5 100 828.35 
7 1 50 884.75 
0 5 1000 1072.53 
16 14 50 1369.75 
0 16 1000 1406.75 
4 7 500 1109.35 
12 17 100 876.35 
0 17 500 671.68 
10 11 1000 1185.56 
7 17 500 1039.2 
3 0 50 792.13 
17 15 100 1067.89 
5 2 1000 1007.27 
14 1 500 918.59 
7 4 100 1109.35 
9 2 500 859.53 
5 19 50 835.37 
3 12 1000 987.1 
16 7 1000 1512.01 
0 3 1000 792.13 
7 10 100 1300.41 
16 4 100 900.49 
16 5 1000 1192.41 
5 16 1000 1192.41 
17 16 1000 1365.99 
3 15 500 1378.64 
0 7 50 814.15 
0 10 500 1329.88 
11 5 500 1417.34 
2 9 50 859.53 
5 11 100 1417.34 
12 16 50 1596.93 
2 7 100 988.1 
15 3 500 1378.64 
9 1 500 780.05 
19 7 1000 795.91 
4 17 50 1326.36 
7 3 50 1161.1 
19 11 100 902.76 
10 5 1000 1219.13 
15 1 500 834.5 
7 12 500 945.96 
4 16 500 900.49 
10 2 500 1088.6 
17 19 50 945.58 
3 9 1000 1465.26 
19 17 1000 945.58 
17 9 100 971.5 
3 4 500 1568.49 
9 5 1000 1106.92 
1 2 50 903.52 
3 7 100 1161.1 
12 0 100 867.09 
12 11 1000 1032.27 
15 14 500 653.86 
9 0 50 966.67 
4 10 1000 1029.24 
19 15 100 1069.38 
4 14 50 1004.79 
17 3 500 1239.18 
11 12 50 1032.27 
15 9 1000 947.1 
4 19 50 1104.81 
12 9 50 1328.47 
14 10 1000 1340.31 
11 14 50 727.38 
2 16 100 1295.6 
17 14 50 702.15 
5 15 500 828.35 
2 19 100 1251.85 
4 1 500 1208.15 
12 7 50 945.96 
15 10 500 949.98 
19 5 50 835.37 
1 15 1000 834.5 
14 2 500 906.13 
15 2 100 717.17 
15 17 50 1067.89 
15 19 50 1069.38 
14 17 1000 702.15 
19 4 50 1104.81 
5 7 100 918.59 
7 2 50 988.1 
12 10 100 1596.93 
15 4 1000 1124.99 
3 16 500 2281.86 
16 11 500 1471.59 
0 2 500 1000.64 
14 19 500 649 
17 1 1000 1039.2 
10 19 500 1596.93 
17 5 100 1186.08 
11 4 50 1189.87 
0 11 100 707.29 
3 2 1000 1473.9 
11 2 1000 1006.18 
11 19 50 902.76 
2 15 100 717.17 
3 10 500 1592.75 
1 5 500 989.99 
11 10 1000 1185.56 
12 15 1000 1228.07 
12 2 100 1459.58 
11 0 100 707.29 
19 0 50 746.77 
5 14 500 924.8 
17 10 1000 1204.36 
14 3 500 930.43 
4 2 100 1128.16 
5 0 500 1072.53 
10 15 500 949.98 
11 7 1000 919.32 
10 3 100 1592.75 
2 0 100 1000.64 
7 11 50 919.32 
1 14 50 918.59 
14 5 500 924.8 
2 11 500 1006.18 
7 19 100 795.91 
3 14 50 930.43 
4 15 100 1124.99 
3 5 50 1287.2 
0 4 50 1004.79 
17 2 50 1032.27 
10 14 1000 1340.31 
12 5 500 964.04 
0 12 100 867.09 
5 17 500 1186.08 
7 0 100 814.15 
17 12 50 876.35 
5 12 100 964.04 
15 12 50 1228.07 
1 3 100 1481.83 
16 2 50 1295.6 
2 4 100 1128.16 
19 3 50 1118.46 
11 16 100 1471.59 
12 4 50 1411.66 
10 4 100 1029.24 
7 5 100 918.59 
5 4 100 1032.27 
3 17 500 1239.18 
2 17 50 1032.27 
4 12 500 1411.66 
4 3 1000 1568.49 
14 16 500 1369.75 
15 11 100 981.51 
0 1 100 977.38 
10 17 100 1204.36 
10 12 50 1596.93 
14 15 100 653.86 
12 14 50 876.35 
16 3 1000 2281.86 
12 3 50 987.1 
14 4 50 1004.79 
3 19 100 1118.46 
7 16 1000 1512.01 
16 19 50 1596.93 
1 17 100 1039.2 
16 17 50 1365.99 
14 12 50 876.35 
11 17 500 968.21 
2 3 1000 1473.9 
17 4 500 1326.36 
2 1 50 903.52 
4 11 50 1189.87 
2 5 100 1007.27 
17 0 50 671.68 
9 17 50 971.5 
4 5 50 1032.27 
17 7 100 1039.2 
5 3 500 1287.2 
15 0 50 857.1 
17 11 100 968.21 
16 12 500 1596.93 
