30 174 765 
12 19 5000 10 0 342.29 
3 16 50000 1 0 650.15 
19 27 5000 10 0 503.67 
16 24 50000 1 0 827.9 
17 22 5000 10 0 900.46 
16 27 5000 10 0 457 
4 22 10000 5 0 658.78 
9 23 20000 2.5 0 204.29 
0 8 20000 2.5 0 781.61 
0 3 50000 1 0 661.08 
16 28 20000 2.5 0 296.94 
4 9 10000 5 0 258.64 
1 22 5000 10 0 84.38 
1 23 10000 5 0 775.74 
15 29 10000 5 0 448.6 
25 26 5000 10 0 268.67 
2 16 10000 5 0 220.83 
1 9 50000 1 0 925.66 
9 17 20000 2.5 0 18.66 
11 18 10000 5 0 818.3 
5 17 10000 5 0 600.77 
0 13 5000 10 0 445.95 
22 24 10000 5 0 184.3 
3 11 20000 2.5 0 588.58 
9 16 20000 2.5 0 35.17 
23 26 5000 10 0 85.3 
15 28 5000 10 0 409.51 
6 11 5000 10 0 689.44 
19 28 50000 1 0 740.09 
7 13 5000 10 0 696.46 
4 11 50000 1 0 367.5 
7 16 10000 5 0 875.15 
6 12 20000 2.5 0 540.17 
1 14 20000 2.5 0 705.53 
12 17 10000 5 0 861.88 
6 29 50000 1 0 402.7 
4 27 10000 5 0 455.08 
1 2 20000 2.5 0 742.25 
12 16 10000 5 0 813.86 
13 20 5000 10 0 717.69 
7 27 10000 5 0 662.47 
6 16 50000 1 0 605.85 
1 28 50000 1 0 746.3 
20 26 5000 10 0 582.57 
1 20 20000 2.5 0 580.45 
11 28 50000 1 0 236.29 
15 23 10000 5 0 399.65 
16 21 10000 5 0 758.24 
11 17 50000 1 0 135.82 
0 20 10000 5 0 458.21 
2 12 20000 2.5 0 772.79 
3 13 20000 2.5 0 222.82 
10 12 50000 1 0 614.25 
2 21 20000 2.5 0 687.07 
15 24 50000 1 0 475.51 
3 21 50000 1 0 251 
4 21 20000 2.5 0 960.85 
5 11 50000 1 0 733.15 
13 24 50000 1 0 715.28 
21 29 10000 5 0 269.52 
0 7 20000 2.5 0 836.84 
6 10 50000 1 0 495.85 
19 22 10000 5 0 103.87 
2 4 5000 10 0 362.59 
9 29 20000 2.5 0 789.24 
8 29 5000 10 0 89.33 
8 14 5000 10 0 526.3 
15 19 10000 5 0 620.14 
18 19 10000 5 0 119.54 
12 23 20000 2.5 0 693.57 
23 29 10000 5 0 810.29 
4 17 5000 10 0 248.39 
9 12 10000 5 0 845.21 
19 24 50000 1 0 235.41 
2 17 20000 2.5 0 195.69 
14 27 20000 2.5 0 451.69 
8 28 20000 2.5 0 483.76 
17 20 5000 10 0 372.06 
18 29 50000 1 0 383.38 
0 16 5000 10 0 79.26 
9 22 5000 10 0 916.09 
27 29 5000 10 0 326.78 
12 28 20000 2.5 0 533.74 
1 12 10000 5 0 223.53 
15 17 50000 1 0 584.4 
0 29 10000 5 0 794.86 
14 16 50000 1 0 312.58 
19 12 5000 10 0 342.29 
16 3 50000 1 0 650.15 
27 19 5000 10 0 503.67 
24 16 50000 1 0 827.9 
22 17 5000 10 0 900.46 
27 16 5000 10 0 457 
22 4 10000 5 0 658.78 
23 9 20000 2.5 0 204.29 
8 0 20000 2.5 0 781.61 
3 0 50000 1 0 661.08 
28 16 20000 2.5 0 296.94 
9 4 10000 5 0 258.64 
22 1 5000 10 0 84.38 
23 1 10000 5 0 775.74 
29 15 10000 5 0 448.6 
26 25 5000 10 0 268.67 
16 2 10000 5 0 220.83 
9 1 50000 1 0 925.66 
17 9 20000 2.5 0 18.66 
18 11 10000 5 0 818.3 
17 5 10000 5 0 600.77 
13 0 5000 10 0 445.95 
24 22 10000 5 0 184.3 
11 3 20000 2.5 0 588.58 
16 9 20000 2.5 0 35.17 
26 23 5000 10 0 85.3 
28 15 5000 10 0 409.51 
11 6 5000 10 0 689.44 
28 19 50000 1 0 740.09 
13 7 5000 10 0 696.46 
11 4 50000 1 0 367.5 
16 7 10000 5 0 875.15 
12 6 20000 2.5 0 540.17 
14 1 20000 2.5 0 705.53 
17 12 10000 5 0 861.88 
29 6 50000 1 0 402.7 
27 4 10000 5 0 455.08 
2 1 20000 2.5 0 742.25 
16 12 10000 5 0 813.86 
20 13 5000 10 0 717.69 
27 7 10000 5 0 662.47 
16 6 50000 1 0 605.85 
28 1 50000 1 0 746.3 
26 20 5000 10 0 582.57 
20 1 20000 2.5 0 580.45 
28 11 50000 1 0 236.29 
23 15 10000 5 0 399.65 
21 16 10000 5 0 758.24 
17 11 50000 1 0 135.82 
20 0 10000 5 0 458.21 
12 2 20000 2.5 0 772.79 
13 3 20000 2.5 0 222.82 
12 10 50000 1 0 614.25 
21 2 20000 2.5 0 687.07 
24 15 50000 1 0 475.51 
21 3 50000 1 0 251 
21 4 20000 2.5 0 960.85 
11 5 50000 1 0 733.15 
24 13 50000 1 0 715.28 
29 21 10000 5 0 269.52 
7 0 20000 2.5 0 836.84 
10 6 50000 1 0 495.85 
22 19 10000 5 0 103.87 
4 2 5000 10 0 362.59 
29 9 20000 2.5 0 789.24 
29 8 5000 10 0 89.33 
14 8 5000 10 0 526.3 
19 15 10000 5 0 620.14 
19 18 10000 5 0 119.54 
23 12 20000 2.5 0 693.57 
29 23 10000 5 0 810.29 
17 4 5000 10 0 248.39 
12 9 10000 5 0 845.21 
24 19 50000 1 0 235.41 
17 2 20000 2.5 0 195.69 
27 14 20000 2.5 0 451.69 
28 8 20000 2.5 0 483.76 
20 17 5000 10 0 372.06 
29 18 50000 1 0 383.38 
16 0 5000 10 0 79.26 
22 9 5000 10 0 916.09 
29 27 5000 10 0 326.78 
28 12 20000 2.5 0 533.74 
12 1 10000 5 0 223.53 
17 15 50000 1 0 584.4 
29 0 10000 5 0 794.86 
16 14 50000 1 0 312.58 
20 16 50 328.66 
18 16 500 103.8 
4 11 100 391.73 
15 22 50 250.14 
23 9 500 98.71 
18 9 100 89.02 
4 26 500 256.78 
0 20 1000 335.72 
18 2 1000 68.8 
5 17 1000 316.12 
13 24 1000 110.25 
8 11 500 134.61 
0 22 100 139.78 
29 23 500 172.09 
4 2 1000 347.14 
11 19 100 146.99 
21 0 50 283.99 
2 28 100 234.62 
14 0 500 135.68 
6 7 1000 85.37 
12 17 100 79.35 
0 26 1000 277.32 
18 8 1000 238.14 
12 11 500 120.01 
6 15 1000 149.97 
2 6 500 87.27 
11 14 100 167.65 
11 13 100 279.25 
1 21 100 132.41 
19 17 1000 83.79 
6 18 1000 147.28 
4 17 500 381.32 
2 1 1000 51.39 
24 15 1000 141.36 
14 2 500 295.73 
15 20 1000 247.79 
6 19 1000 149.36 
17 18 50 92.34 
4 5 50 422.55 
21 17 50 125.68 
15 12 100 121.15 
14 13 100 213.92 
29 0 50 127.67 
7 8 1000 175.76 
26 5 100 211.58 
5 12 50 85 
4 24 100 116.92 
24 23 1000 138.13 
29 2 1000 88.49 
20 0 50 335.72 
12 22 1000 142.88 
6 23 100 108.43 
24 27 100 146.18 
0 11 100 305.3 
6 16 100 105.13 
9 12 1000 85.73 
17 4 100 381.32 
22 8 1000 257.81 
2 11 100 582.18 
4 13 100 241.68 
1 23 1000 91.03 
21 24 100 192.81 
16 21 50 205.64 
18 26 1000 102.64 
10 5 100 231.92 
16 28 100 152.95 
14 9 500 239.59 
28 26 50 173.22 
10 16 100 190.2 
14 3 100 207.5 
7 16 1000 188.67 
27 29 100 153.37 
27 9 50 196.65 
5 29 100 159.06 
16 6 100 105.13 
15 27 500 154.37 
28 17 1000 266.87 
22 16 50 125.21 
24 4 1000 116.92 
26 14 100 178.46 
20 26 100 236.04 
10 29 100 166.42 
16 5 1000 318.19 
10 23 500 228.39 
21 3 500 137.71 
8 21 100 90.04 
15 6 100 149.97 
16 8 1000 156.36 
0 24 50 94.46 
0 21 50 283.99 
29 4 500 104.51 
18 13 100 79.04 
18 29 1000 164.55 
24 28 500 251.57 
12 1 50 95.19 
28 20 100 214.1 
22 29 1000 253.38 
10 15 500 237.62 
29 18 1000 164.55 
16 23 50 268.09 
0 6 100 121.54 
22 12 500 142.88 
2 20 100 298.55 
12 29 50 154.98 
17 11 100 163.75 
13 27 100 179.19 
0 27 50 252.53 
12 21 100 126.09 
29 11 500 140.85 
9 5 1000 368.25 
7 3 50 305.57 
1 19 50 171.02 
7 10 1000 128.63 
17 7 1000 208.81 
17 24 100 64.4 
10 18 500 226.78 
12 5 100 85 
5 18 500 90.34 
3 10 100 123.89 
24 5 500 61.03 
27 22 1000 145.29 
26 24 500 129.53 
24 6 500 221.42 
20 8 1000 162.82 
12 19 100 137.18 
19 22 500 167.99 
13 11 100 279.25 
1 26 1000 92.73 
26 18 500 102.64 
10 7 100 128.63 
13 2 100 268.9 
9 11 100 345.37 
9 16 100 266.28 
24 20 100 154.98 
23 21 1000 249.54 
13 14 100 213.92 
4 22 50 81.26 
14 11 1000 167.65 
17 14 500 277.59 
19 27 50 96.78 
23 15 50 120.05 
6 20 100 103.71 
28 18 1000 187.06 
9 1 500 99.81 
3 11 100 128.8 
24 18 50 163.46 
7 20 500 252.53 
15 17 50 168.95 
11 7 500 150.94 
22 27 1000 145.29 
21 5 100 149.66 
15 2 1000 197.22 
29 7 500 174.62 
10 14 100 180.78 
1 17 500 99.81 
5 7 50 186.86 
1 12 50 95.19 
29 27 500 153.37 
19 12 1000 137.18 
23 5 100 281.03 
11 0 1000 305.3 
19 4 500 73.58 
29 19 500 186.39 
0 23 500 294.47 
27 23 50 216.97 
23 29 500 172.09 
24 13 100 110.25 
16 22 100 125.21 
15 10 50 237.62 
17 15 100 168.95 
2 14 100 295.73 
13 26 1000 135.72 
21 23 500 249.54 
2 10 100 120.95 
18 22 500 179.48 
6 8 50 200.73 
3 15 1000 257.32 
23 0 50 294.47 
17 5 50 316.12 
28 1 1000 68.32 
12 23 100 123.34 
1 9 1000 99.81 
8 7 100 175.76 
22 20 100 86.72 
29 20 500 99.55 
19 16 500 76.56 
11 29 50 140.85 
29 10 100 166.42 
16 1 1000 133.57 
5 11 100 316.12 
15 11 100 262.98 
19 6 100 149.36 
8 19 50 314.07 
13 19 50 109.57 
7 19 500 49.36 
28 12 500 183.58 
15 14 50 165.05 
3 23 100 173.38 
7 0 500 138.96 
14 17 500 277.59 
24 14 500 96.2 
23 16 500 268.09 
17 2 100 194.53 
20 15 1000 247.79 
23 13 1000 95.82 
5 9 100 368.25 
9 10 100 202.36 
27 24 100 146.18 
6 28 1000 124.4 
7 27 500 302.92 
3 21 500 137.71 
14 18 100 90.34 
10 24 1000 486.61 
10 4 100 37.97 
6 24 500 221.42 
14 12 1000 237.6 
26 1 500 92.73 
15 13 1000 143.48 
14 19 1000 109.57 
4 0 500 543.9 
17 0 100 206.75 
2 22 100 136.43 
23 19 500 121.86 
27 18 500 54.83 
13 1 100 47.87 
6 21 1000 149.66 
0 4 50 543.9 
16 24 500 62.36 
26 28 1000 173.22 
17 23 500 408.45 
20 9 500 335.22 
28 5 50 212.56 
10 3 50 123.89 
27 15 1000 154.37 
1 22 100 37.35 
22 6 100 109.83 
1 13 1000 47.87 
7 5 100 186.86 
29 1 1000 274.05 
23 17 50 408.45 
3 22 500 55.37 
24 29 1000 143.24 
2 9 1000 251.16 
0 10 1000 184.46 
3 20 1000 149.66 
2 7 1000 122.44 
24 2 100 72.33 
26 16 50 255.58 
1 4 1000 94.15 
18 28 500 187.06 
16 7 50 188.67 
11 12 50 120.01 
16 18 100 103.8 
18 1 50 171.49 
6 29 500 137.51 
26 20 50 236.04 
3 7 100 305.57 
27 1 100 80.16 
5 2 1000 152.05 
22 21 100 189.2 
21 11 50 144.43 
1 7 100 51.41 
19 18 500 136.12 
7 14 500 250.94 
4 16 50 610.34 
1 20 50 57.83 
20 22 500 86.72 
15 29 1000 143.55 
22 13 500 83.84 
22 19 1000 167.99 
18 4 50 78.54 
5 24 1000 61.03 
17 29 500 194.72 
22 10 100 168.24 
26 22 1000 199.13 
12 2 100 294 
23 1 1000 91.03 
17 3 100 182.49 
15 3 500 257.32 
26 4 50 256.78 
7 26 100 102.2 
1 14 100 109.9 
22 15 500 250.14 
11 26 100 307.66 
9 29 1000 175.24 
19 1 50 171.02 
29 16 500 174.67 
0 19 1000 70.87 
2 15 500 197.22 
2 18 500 68.8 
18 12 1000 196.2 
5 23 100 281.03 
10 9 100 202.36 
7 17 100 208.81 
19 13 500 109.57 
15 4 100 216.3 
5 1 100 68.11 
20 11 1000 281.2 
12 15 100 121.15 
12 14 1000 237.6 
21 10 50 116.71 
24 0 500 94.46 
9 2 50 251.16 
1 8 500 315.84 
18 15 50 250.8 
23 22 100 146.9 
28 10 100 166.04 
0 13 1000 161.46 
2 27 50 304.24 
28 29 1000 131.81 
15 7 100 156.57 
22 1 500 37.35 
27 7 1000 302.92 
27 26 50 216.49 
11 9 500 345.37 
14 28 500 164.94 
10 0 50 184.46 
12 9 500 85.73 
11 3 1000 128.8 
19 24 50 124.97 
14 15 500 165.05 
23 6 1000 108.43 
20 21 100 148.21 
23 24 1000 138.13 
7 22 500 93.17 
21 16 100 205.64 
11 18 500 102.14 
21 12 500 126.09 
14 8 100 149.66 
3 8 1000 88.38 
26 10 100 227.56 
16 20 1000 328.66 
18 27 100 54.83 
13 7 100 231.01 
29 8 50 165.86 
7 29 50 174.62 
9 6 100 105.29 
17 1 50 99.81 
10 8 500 127.26 
8 5 500 75.56 
0 18 50 109.66 
3 13 50 122.59 
21 8 1000 90.04 
21 20 500 148.21 
10 21 1000 116.71 
22 7 500 93.17 
5 8 50 75.56 
0 17 500 206.75 
13 21 500 194.46 
27 16 1000 223.73 
9 17 100 315.62 
3 2 1000 166.67 
27 19 100 96.78 
4 6 1000 245.72 
8 6 50 200.73 
3 4 500 104.16 
7 28 100 117.38 
7 12 1000 95.77 
8 20 100 162.82 
22 18 1000 179.48 
9 15 500 144.43 
0 7 500 138.96 
19 20 100 113.68 
29 22 500 253.38 
10 28 500 166.04 
23 4 50 299.27 
20 12 1000 182.2 
19 23 500 121.86 
0 16 1000 171 
1 11 1000 109.35 
9 8 50 162.12 
16 4 50 610.34 
1 2 50 51.39 
14 29 500 149.66 
19 2 500 72.25 
8 12 50 154.45 
7 1 50 51.41 
27 20 100 251.11 
19 8 100 314.07 
13 5 100 131.52 
2 8 500 208.32 
26 19 500 114.28 
10 19 1000 192.57 
20 23 500 236.04 
2 19 1000 72.25 
4 1 500 94.15 
26 6 50 89.61 
20 13 1000 296.54 
2 13 1000 268.9 
5 14 50 215.5 
13 8 500 159.31 
8 13 100 159.31 
16 27 500 223.73 
22 9 1000 113.56 
28 14 50 164.94 
12 24 50 198.93 
15 23 1000 120.05 
21 29 500 79.5 
19 5 500 93.96 
10 22 50 168.24 
8 2 1000 208.32 
2 3 100 166.67 
2 0 100 365.23 
26 11 50 307.66 
29 15 100 143.55 
13 18 1000 79.04 
5 22 50 74.31 
28 15 500 77.92 
21 28 50 161.25 
4 20 500 273.25 
4 28 100 376.17 
19 29 100 186.39 
10 20 1000 145.14 
27 17 100 182.77 
23 11 50 306.57 
22 2 1000 136.43 
27 3 1000 114.63 
16 14 50 188.67 
24 7 1000 70.09 
28 3 50 240.65 
16 29 500 174.67 
2 4 50 347.14 
9 21 500 135.3 
9 24 50 50.38 
10 26 50 227.56 
16 2 100 211.76 
10 17 100 218.45 
13 29 100 103.31 
23 27 50 216.97 
5 4 100 422.55 
16 3 1000 228.09 
7 18 500 83.2 
26 7 50 102.2 
14 24 50 96.2 
7 23 1000 139.84 
8 9 500 162.12 
3 6 50 239.21 
18 17 1000 92.34 
24 9 50 50.38 
18 19 500 136.12 
20 6 1000 103.71 
18 20 1000 116.08 
0 1 500 134.85 
4 3 1000 104.16 
8 29 1000 165.86 
19 14 100 109.57 
26 27 50 216.49 
28 21 500 161.25 
21 9 1000 135.3 
20 29 1000 99.55 
3 18 50 79.56 
8 23 50 190.92 
24 8 1000 188.7 
8 10 100 127.26 
17 28 100 266.87 
20 5 100 198.63 
14 4 100 281.2 
24 22 100 127.26 
23 7 1000 139.84 
4 29 1000 104.51 
13 28 100 211.2 
18 14 500 90.34 
17 8 100 167.06 
26 13 50 135.72 
19 3 50 31.55 
21 13 50 194.46 
5 10 500 231.92 
0 29 50 127.67 
22 23 500 146.9 
3 12 1000 37.89 
5 15 500 212.86 
18 10 500 226.78 
8 15 50 68.22 
15 18 1000 250.8 
6 9 1000 105.29 
12 13 500 218.76 
9 3 50 249.63 
17 21 500 125.68 
20 10 1000 145.14 
14 10 100 180.78 
8 27 100 66.49 
16 13 100 207.87 
6 13 1000 122.66 
7 9 500 162.56 
21 15 50 122.22 
2 17 100 194.53 
8 16 1000 156.36 
9 14 1000 239.59 
23 20 500 236.04 
0 5 1000 314.86 
16 9 50 266.28 
24 11 50 127.2 
28 9 1000 218.81 
11 20 100 281.2 
5 3 1000 220.17 
29 24 1000 143.24 
9 18 50 89.02 
12 0 1000 83.84 
27 13 1000 179.19 
16 10 50 190.2 
15 0 100 103.03 
12 27 500 187.31 
20 7 50 252.53 
10 1 1000 202.56 
28 11 500 268.86 
2 23 500 275.12 
7 24 1000 70.09 
5 27 100 181.59 
15 28 500 77.92 
13 22 500 83.84 
7 2 100 122.44 
16 17 100 328.66 
1 5 50 68.11 
14 23 500 141.82 
16 19 500 76.56 
29 21 100 79.5 
19 7 500 49.36 
21 1 500 132.41 
3 19 100 31.55 
27 4 100 252.53 
18 3 50 79.56 
12 8 50 154.45 
19 9 100 91.97 
8 14 500 149.66 
9 23 100 98.71 
4 23 100 299.27 
1 15 100 252.86 
1 18 100 171.49 
20 24 50 154.98 
12 18 1000 196.2 
17 12 100 79.35 
21 14 100 290.17 
3 17 50 182.49 
28 6 100 124.4 
8 3 1000 88.38 
0 9 1000 141.73 
3 14 100 207.5 
1 29 1000 274.05 
3 0 50 212.61 
13 3 100 122.59 
27 2 50 304.24 
21 4 500 114.03 
3 29 50 86.25 
13 4 500 241.68 
18 11 500 102.14 
22 17 100 93.44 
1 10 100 202.56 
7 4 100 203.37 
22 14 1000 91.13 
21 7 100 128.08 
12 3 100 37.89 
14 27 500 235.82 
15 24 1000 141.36 
3 24 1000 156.31 
16 12 50 84.55 
13 23 50 95.82 
7 15 50 156.57 
10 2 50 120.95 
28 27 50 194.81 
6 22 100 109.83 
29 13 50 103.31 
29 9 100 175.24 
4 9 50 547.97 
16 0 500 171 
12 16 500 84.55 
3 9 50 249.63 
6 5 100 124.64 
6 0 100 121.54 
3 1 500 74.81 
27 6 100 228.76 
1 6 500 75.59 
10 11 1000 177.27 
8 18 500 238.14 
17 6 1000 98.12 
4 19 100 73.58 
9 7 500 162.56 
11 22 100 147.47 
28 7 500 117.38 
17 13 500 129.28 
27 5 50 181.59 
26 2 50 232.97 
27 8 500 66.49 
6 11 500 197.26 
14 22 1000 91.13 
24 1 1000 172.77 
11 2 500 582.18 
6 14 100 178.77 
24 17 50 64.4 
18 21 50 196.23 
3 16 50 228.09 
17 19 500 83.79 
9 13 50 151.07 
17 9 50 315.62 
2 21 100 144.61 
2 12 50 294 
20 14 1000 251.12 
17 22 500 93.44 
19 10 50 192.57 
12 4 100 160.46 
3 5 50 220.17 
23 8 1000 190.92 
10 13 500 162.64 
17 10 1000 218.45 
8 17 500 167.06 
28 16 1000 152.95 
28 24 100 251.57 
23 3 100 173.38 
19 11 500 146.99 
7 21 500 128.08 
6 1 100 75.59 
4 7 100 203.37 
12 6 500 171.39 
10 27 500 127.96 
21 22 100 189.2 
6 4 100 245.72 
20 2 50 298.55 
11 8 50 134.61 
29 3 100 86.25 
20 17 50 228.08 
4 15 50 216.3 
28 22 100 59.99 
8 24 500 188.7 
4 27 100 252.53 
29 17 500 194.72 
29 5 1000 159.06 
22 3 1000 55.37 
9 22 50 113.56 
20 3 50 149.66 
27 14 50 235.82 
1 3 100 74.81 
18 7 50 83.2 
7 11 1000 150.94 
21 6 500 149.66 
21 18 500 196.23 
21 19 1000 184.58 
5 0 100 314.86 
9 27 1000 196.65 
19 28 100 116.05 
14 5 1000 215.5 
27 10 1000 127.96 
24 3 100 156.31 
29 6 50 137.51 
27 12 500 187.31 
16 15 1000 128.08 
4 14 500 281.2 
24 10 100 486.61 
28 19 500 116.05 
13 15 100 143.48 
28 0 500 199.52 
11 16 100 308.38 
22 4 50 81.26 
21 2 50 144.61 
15 19 100 267.99 
23 18 500 118.07 
28 23 50 194.03 
2 24 50 72.33 
8 22 500 257.81 
6 17 100 98.12 
2 5 1000 152.05 
0 8 50 127.67 
15 1 50 252.86 
18 5 50 90.34 
24 21 500 192.81 
5 6 50 124.64 
8 1 100 315.84 
29 12 1000 154.98 
18 23 1000 118.07 
13 6 50 122.66 
22 11 50 147.47 
18 24 100 163.46 
12 28 500 183.58 
17 16 500 328.66 
19 21 1000 184.58 
21 27 50 159.11 
14 6 1000 178.77 
15 21 1000 122.22 
14 16 500 188.67 
0 12 100 83.84 
22 5 1000 74.31 
12 7 1000 95.77 
23 14 50 141.82 
20 4 50 273.25 
15 16 500 128.08 
13 10 50 162.64 
15 5 50 212.86 
23 2 500 275.12 
19 0 500 70.87 
22 28 1000 59.99 
11 28 100 268.86 
11 5 100 316.12 
18 0 500 109.66 
9 4 1000 547.97 
11 17 50 163.75 
24 12 1000 198.93 
7 13 50 231.01 
22 0 50 139.78 
23 12 1000 123.34 
0 15 50 103.03 
13 12 100 218.76 
2 16 100 211.76 
28 8 500 181.47 
24 19 50 124.97 
0 14 1000 135.68 
23 28 100 194.03 
28 4 1000 376.17 
4 10 1000 37.97 
11 23 100 306.57 
27 21 500 159.11 
11 24 500 127.2 
14 21 100 290.17 
9 28 500 218.81 
5 21 1000 149.66 
6 3 100 239.21 
11 10 100 177.27 
3 27 100 114.63 
13 0 50 161.46 
0 3 100 212.61 
23 10 1000 228.39 
13 9 50 151.07 
4 12 50 160.46 
11 1 500 109.35 
11 21 50 144.43 
29 28 1000 131.81 
26 15 50 108.52 
16 11 100 308.38 
17 27 1000 182.77 
5 19 1000 93.96 
5 16 50 318.19 
0 2 500 365.23 
27 11 1000 251.44 
1 16 1000 133.57 
3 28 1000 240.65 
11 27 100 251.44 
28 2 1000 234.62 
1 27 500 80.16 
26 0 100 277.32 
5 13 500 131.52 
11 6 500 197.26 
29 14 100 149.66 
24 16 50 62.36 
1 24 1000 172.77 
9 0 500 141.73 
18 6 500 147.28 
11 4 50 391.73 
14 7 50 250.94 
11 15 100 262.98 
6 27 100 228.76 
28 13 100 211.2 
2 29 500 88.49 
1 0 500 134.85 
15 8 1000 68.22 
6 2 100 87.27 
8 4 100 216.93 
15 9 100 144.43 
14 1 500 109.9 
9 19 500 91.97 
6 12 50 171.39 
13 17 50 129.28 
4 8 50 216.93 
1 28 50 68.32 
27 28 500 194.81 
4 21 500 114.03 
19 15 50 267.99 
22 24 500 127.26 
13 16 100 207.87 
