20 94 341 
2 4 10000 5 1 240.23 
14 15 20000 2.5 1 769.07 
3 5 5000 10 1 230.22 
1 10 50000 1 1 401.81 
5 15 10000 5 1 361.84 
2 16 5000 10 1 653.18 
3 17 5000 10 1 679.63 
10 13 10000 5 1 749.79 
3 10 50000 1 1 752.16 
10 12 50000 1 1 694.43 
11 17 5000 10 1 821.18 
1 8 20000 2.5 1 360.6 
12 13 5000 10 1 267.02 
4 12 5000 10 1 765.08 
5 9 5000 10 1 391.15 
0 1 5000 10 1 351.36 
10 14 50000 1 1 622.96 
2 8 10000 5 1 466.92 
16 19 50000 1 1 263.95 
1 5 50000 1 1 309.85 
12 16 10000 5 1 520.45 
1 16 20000 2.5 1 779.46 
0 18 5000 10 1 446.49 
9 14 5000 10 1 574.06 
3 6 20000 2.5 1 316.55 
5 7 20000 2.5 1 159.31 
10 16 20000 2.5 1 788.31 
3 11 10000 5 1 510.8 
4 16 50000 1 1 433.23 
14 16 20000 2.5 1 171.1 
14 19 10000 5 1 394.28 
1 4 50000 1 1 787.71 
2 6 5000 10 1 701.76 
4 6 20000 2.5 1 794.15 
7 10 50000 1 1 814.87 
11 18 5000 10 1 84.78 
14 18 20000 2.5 1 252.05 
13 16 10000 5 1 419 
6 16 10000 5 1 479.74 
0 15 10000 5 1 534.4 
6 12 10000 5 1 433.38 
13 17 10000 5 1 685.42 
9 11 10000 5 1 338.75 
7 15 20000 2.5 1 445.01 
0 12 10000 5 1 98.39 
11 13 5000 10 1 357.85 
1 18 10000 5 1 787.43 
4 2 10000 5 1 240.23 
15 14 20000 2.5 1 769.07 
5 3 5000 10 1 230.22 
10 1 50000 1 1 401.81 
15 5 10000 5 1 361.84 
16 2 5000 10 1 653.18 
17 3 5000 10 1 679.63 
13 10 10000 5 1 749.79 
10 3 50000 1 1 752.16 
12 10 50000 1 1 694.43 
17 11 5000 10 1 821.18 
8 1 20000 2.5 1 360.6 
13 12 5000 10 1 267.02 
12 4 5000 10 1 765.08 
9 5 5000 10 1 391.15 
1 0 5000 10 1 351.36 
14 10 50000 1 1 622.96 
8 2 10000 5 1 466.92 
19 16 50000 1 1 263.95 
5 1 50000 1 1 309.85 
16 12 10000 5 1 520.45 
16 1 20000 2.5 1 779.46 
18 0 5000 10 1 446.49 
14 9 5000 10 1 574.06 
6 3 20000 2.5 1 316.55 
7 5 20000 2.5 1 159.31 
16 10 20000 2.5 1 788.31 
11 3 10000 5 1 510.8 
16 4 50000 1 1 433.23 
16 14 20000 2.5 1 171.1 
19 14 10000 5 1 394.28 
4 1 50000 1 1 787.71 
6 2 5000 10 1 701.76 
6 4 20000 2.5 1 794.15 
10 7 50000 1 1 814.87 
18 11 5000 10 1 84.78 
18 14 20000 2.5 1 252.05 
16 13 10000 5 1 419 
16 6 10000 5 1 479.74 
15 0 10000 5 1 534.4 
12 6 10000 5 1 433.38 
17 13 10000 5 1 685.42 
11 9 10000 5 1 338.75 
15 7 20000 2.5 1 445.01 
12 0 10000 5 1 98.39 
13 11 5000 10 1 357.85 
18 1 10000 5 1 787.43 
0 8 500 230.52 
11 9 500 170.36 
11 3 100 286.66 
8 10 500 355.99 
2 13 100 368.47 
13 17 500 281.9 
10 13 50 178.6 
13 18 500 297.1 
3 7 1000 235.03 
3 18 100 157.09 
12 14 1000 239.46 
13 9 1000 261.45 
2 12 1000 336.37 
19 10 1000 142.17 
8 15 500 172.54 
10 5 1000 193.68 
12 3 1000 293.58 
19 0 50 314.92 
13 8 100 219.92 
6 18 500 253.3 
7 11 1000 279.85 
17 2 500 159.85 
17 3 50 230.29 
15 14 500 218.5 
0 7 500 301.99 
13 6 1000 174.03 
3 14 500 252.88 
17 8 100 201.01 
11 4 500 217.08 
11 0 100 233.17 
4 19 500 271.89 
15 5 100 213.07 
5 19 1000 223.67 
5 16 500 165.57 
1 2 500 102.05 
17 15 500 183.78 
8 18 1000 259.23 
0 11 500 233.17 
6 7 100 86.49 
1 10 500 231.76 
17 12 1000 280.08 
18 19 50 376.43 
5 10 50 193.68 
9 11 1000 170.36 
9 3 100 193.25 
12 8 50 251.7 
9 13 50 261.45 
12 16 500 226.04 
16 9 100 251.34 
8 7 500 213.53 
17 14 500 361.99 
19 14 1000 285.19 
9 1 1000 255.09 
14 5 50 311.35 
0 10 50 186.38 
11 8 50 232.35 
3 17 500 230.29 
7 18 1000 253.54 
15 12 100 237.7 
5 2 100 185.98 
2 0 50 406.78 
8 5 500 256.56 
12 15 1000 237.7 
11 14 1000 165.7 
13 2 500 368.47 
14 7 100 304.5 
2 5 1000 185.98 
10 11 50 262.52 
1 7 100 391.46 
9 16 50 251.34 
17 11 100 235.1 
11 19 1000 346.41 
7 13 50 151.58 
12 17 500 280.08 
14 8 500 146.24 
0 5 100 283.09 
6 10 1000 252.45 
8 14 50 146.24 
16 8 50 395.69 
7 16 100 86.92 
19 17 100 292.42 
4 8 1000 196.02 
19 7 100 200.67 
18 6 1000 253.3 
18 9 100 203.71 
1 3 100 292.2 
6 15 50 195.63 
4 11 500 217.08 
5 7 1000 220.55 
5 4 1000 257.8 
4 13 50 261.18 
16 6 1000 244.58 
2 1 1000 102.05 
4 14 500 293.98 
7 9 500 149.97 
6 12 500 283.13 
2 9 1000 170.62 
10 9 500 303.24 
4 7 500 206.04 
5 17 1000 222.09 
7 4 100 206.04 
9 5 100 151.76 
17 13 100 281.9 
14 12 50 239.46 
19 5 50 223.67 
16 18 100 341.07 
13 16 1000 404.68 
3 1 500 292.2 
10 3 50 235.03 
6 4 500 272.16 
8 3 100 242.72 
7 12 1000 306.44 
3 8 100 242.72 
4 1 1000 228.62 
8 16 50 395.69 
12 18 100 220.29 
10 8 500 355.99 
16 13 50 404.68 
18 12 500 220.29 
9 0 50 325.56 
5 9 50 151.76 
19 9 500 293.03 
16 15 1000 242.48 
5 6 50 165.57 
6 5 100 165.57 
8 19 500 193.06 
5 13 50 159.14 
19 15 1000 207.84 
18 3 100 157.09 
4 12 500 398.47 
16 1 500 285.19 
5 18 1000 344.93 
15 0 50 288.47 
15 19 1000 207.84 
15 6 1000 195.63 
17 4 1000 280.04 
5 3 1000 222.44 
4 10 1000 289.09 
1 19 500 280.97 
13 10 1000 178.6 
18 16 500 341.07 
0 17 50 266.61 
18 8 1000 259.23 
10 14 500 287.29 
9 12 50 229.13 
8 4 50 196.02 
4 15 100 131.93 
13 7 500 151.58 
16 0 100 243.75 
11 17 50 235.1 
15 8 100 172.54 
6 8 1000 180.36 
15 3 1000 240.36 
1 4 100 228.62 
3 0 50 322.38 
13 15 500 239.21 
6 2 500 314.14 
1 9 100 255.09 
13 5 500 159.14 
13 1 1000 162.43 
2 14 100 179.87 
2 17 100 159.85 
9 8 1000 169.16 
5 12 50 222.44 
6 11 1000 223.75 
18 4 50 242.96 
0 1 50 243.69 
6 14 50 251.59 
4 0 100 408.97 
0 12 500 235.1 
15 2 50 255.39 
8 0 1000 230.52 
10 18 500 251.4 
3 10 1000 235.03 
7 5 1000 220.55 
16 2 100 229.64 
2 3 500 116.43 
18 5 100 344.93 
13 14 50 245.86 
13 4 100 261.18 
15 18 100 254.7 
11 1 100 190.74 
14 16 500 285.19 
10 0 50 186.38 
7 10 100 182.3 
1 6 1000 95.83 
18 10 500 251.4 
2 6 50 314.14 
8 13 100 219.92 
0 15 100 288.47 
8 17 500 201.01 
7 14 1000 304.5 
11 18 100 246.15 
17 16 1000 222.09 
19 13 1000 313.75 
7 3 1000 235.03 
16 4 50 250.31 
6 1 500 95.83 
4 16 500 250.31 
0 3 1000 322.38 
10 6 1000 252.45 
18 7 100 253.54 
14 4 100 293.98 
17 1 100 224.69 
18 14 500 164.77 
19 4 100 271.89 
10 4 100 289.09 
0 14 100 321.74 
7 15 50 231.25 
10 12 500 157.32 
6 17 50 252 
10 15 100 413.05 
2 10 1000 140.24 
17 5 100 222.09 
3 19 1000 126.66 
2 19 50 262.84 
16 3 1000 181.5 
18 13 1000 297.1 
18 17 100 222.09 
0 18 50 300.52 
19 6 500 281.67 
6 19 50 281.67 
14 1 50 284.38 
15 1 1000 193.75 
13 11 50 372.8 
12 19 1000 374.65 
16 5 100 165.57 
14 17 1000 361.99 
3 12 500 293.58 
16 12 1000 226.04 
1 15 500 193.75 
10 7 500 182.3 
7 2 50 126.38 
9 18 50 203.71 
5 1 500 399.88 
17 6 1000 252 
18 0 100 300.52 
17 7 1000 239.96 
0 4 50 408.97 
10 19 500 142.17 
12 0 50 235.1 
13 12 50 343.63 
15 10 1000 413.05 
1 5 1000 399.88 
11 5 50 222.06 
2 16 50 229.64 
5 11 100 222.06 
3 2 1000 116.43 
3 16 500 181.5 
0 9 100 325.56 
1 14 100 284.38 
3 5 50 222.44 
0 16 1000 243.75 
12 7 50 306.44 
12 10 500 157.32 
14 10 50 287.29 
10 2 1000 140.24 
7 0 50 301.99 
11 13 1000 372.8 
19 12 100 374.65 
17 10 100 332.38 
15 11 50 235.11 
1 12 1000 223.53 
8 11 50 232.35 
10 16 50 227.1 
13 3 100 278.6 
9 17 100 382.55 
10 17 100 332.38 
12 13 100 343.63 
3 15 1000 240.36 
12 2 100 336.37 
7 19 1000 200.67 
4 18 50 242.96 
15 17 50 183.78 
0 13 100 326.96 
14 6 1000 251.59 
19 3 1000 126.66 
19 1 500 280.97 
4 3 1000 220.8 
7 1 50 391.46 
5 14 50 311.35 
7 6 100 86.49 
12 5 1000 222.44 
12 9 50 229.13 
1 13 50 162.43 
14 3 100 252.88 
16 7 1000 86.92 
9 19 100 293.03 
5 15 1000 213.07 
6 13 500 174.03 
11 7 50 279.85 
1 16 100 285.19 
3 4 100 220.8 
5 8 50 256.56 
11 15 50 235.11 
7 17 500 239.96 
18 15 100 254.7 
19 18 500 376.43 
6 16 500 244.58 
4 6 50 272.16 
2 18 100 229.84 
18 11 100 246.15 
18 2 500 229.84 
9 10 50 303.24 
12 4 100 398.47 
15 16 1000 242.48 
11 12 100 235.03 
0 2 500 406.78 
3 6 50 145.99 
14 13 50 245.86 
1 17 1000 224.69 
17 0 50 266.61 
16 10 50 227.1 
12 6 500 283.13 
13 0 100 326.96 
19 8 100 193.06 
14 0 100 321.74 
14 2 50 179.87 
4 5 500 257.8 
19 11 100 346.41 
8 12 100 251.7 
16 14 50 285.19 
4 17 50 280.04 
15 7 500 231.25 
15 13 500 239.21 
10 1 50 231.76 
8 6 500 180.36 
11 16 100 285.19 
3 13 1000 278.6 
0 6 500 225.95 
14 15 100 218.5 
18 1 50 200.59 
12 1 500 223.53 
15 4 1000 131.93 
4 2 50 354.17 
1 0 500 243.69 
6 3 50 145.99 
9 4 100 258.58 
5 0 50 283.09 
1 18 100 200.59 
6 0 1000 225.95 
