25 150 593 
8 19 5000 10 1 573.04 
13 24 5000 10 1 190.25 
20 22 5000 10 1 814.25 
1 24 20000 2.5 1 637.42 
15 23 20000 2.5 1 861.5 
10 24 20000 2.5 1 477.44 
18 23 20000 2.5 1 325.24 
4 13 10000 5 1 426.88 
1 23 50000 1 1 546.48 
11 20 10000 5 1 154.9 
13 18 50000 1 1 341.88 
3 10 50000 1 1 346.75 
7 9 50000 1 1 713.45 
2 7 10000 5 1 641.07 
1 12 50000 1 1 634.73 
3 9 10000 5 1 511.05 
6 19 50000 1 1 803.16 
3 7 50000 1 1 661.11 
7 22 5000 10 1 859.64 
12 18 20000 2.5 1 168.64 
2 3 10000 5 1 221.71 
5 7 20000 2.5 1 89.02 
4 21 10000 5 1 347.16 
5 16 10000 5 1 282.58 
5 12 20000 2.5 1 145.64 
21 23 10000 5 1 480.61 
7 15 20000 2.5 1 628.86 
9 20 10000 5 1 683.19 
15 21 50000 1 1 394.24 
15 16 20000 2.5 1 542.86 
10 15 50000 1 1 321.88 
1 3 20000 2.5 1 338.51 
1 13 10000 5 1 787.75 
1 2 50000 1 1 126.27 
14 19 50000 1 1 602.16 
2 24 5000 10 1 609.91 
4 6 20000 2.5 1 203.65 
4 14 20000 2.5 1 50 
12 13 5000 10 1 226.62 
9 14 20000 2.5 1 823.58 
17 21 50000 1 1 515.37 
2 4 10000 5 1 505.01 
0 21 50000 1 1 338.08 
10 20 10000 5 1 464.49 
2 10 10000 5 1 230.2 
3 23 5000 10 1 885.77 
8 20 20000 2.5 1 845.53 
9 17 20000 2.5 1 693.72 
8 14 10000 5 1 773.86 
6 17 5000 10 1 359.34 
5 15 5000 10 1 652.58 
7 17 20000 2.5 1 40.72 
14 20 10000 5 1 152.02 
11 22 50000 1 1 781.6 
1 6 5000 10 1 265.64 
11 15 10000 5 1 598.04 
0 5 5000 10 1 414.23 
15 24 5000 10 1 434.17 
12 23 20000 2.5 1 274.52 
1 14 20000 2.5 1 445.38 
3 19 5000 10 1 333.49 
13 22 10000 5 1 600.8 
10 22 20000 2.5 1 732.48 
7 23 10000 5 1 313.85 
9 18 50000 1 1 793.49 
6 11 5000 10 1 448.14 
13 16 5000 10 1 635.84 
2 15 5000 10 1 224.93 
2 9 50000 1 1 638.12 
0 6 20000 2.5 1 409.38 
1 7 20000 2.5 1 554.92 
6 8 20000 2.5 1 528.93 
19 20 10000 5 1 593.53 
12 16 50000 1 1 419.57 
9 11 10000 5 1 646.76 
19 8 5000 10 1 573.04 
24 13 5000 10 1 190.25 
22 20 5000 10 1 814.25 
24 1 20000 2.5 1 637.42 
23 15 20000 2.5 1 861.5 
24 10 20000 2.5 1 477.44 
23 18 20000 2.5 1 325.24 
13 4 10000 5 1 426.88 
23 1 50000 1 1 546.48 
20 11 10000 5 1 154.9 
18 13 50000 1 1 341.88 
10 3 50000 1 1 346.75 
9 7 50000 1 1 713.45 
7 2 10000 5 1 641.07 
12 1 50000 1 1 634.73 
9 3 10000 5 1 511.05 
19 6 50000 1 1 803.16 
7 3 50000 1 1 661.11 
22 7 5000 10 1 859.64 
18 12 20000 2.5 1 168.64 
3 2 10000 5 1 221.71 
7 5 20000 2.5 1 89.02 
21 4 10000 5 1 347.16 
16 5 10000 5 1 282.58 
12 5 20000 2.5 1 145.64 
23 21 10000 5 1 480.61 
15 7 20000 2.5 1 628.86 
20 9 10000 5 1 683.19 
21 15 50000 1 1 394.24 
16 15 20000 2.5 1 542.86 
15 10 50000 1 1 321.88 
3 1 20000 2.5 1 338.51 
13 1 10000 5 1 787.75 
2 1 50000 1 1 126.27 
19 14 50000 1 1 602.16 
24 2 5000 10 1 609.91 
6 4 20000 2.5 1 203.65 
14 4 20000 2.5 1 50 
13 12 5000 10 1 226.62 
14 9 20000 2.5 1 823.58 
21 17 50000 1 1 515.37 
4 2 10000 5 1 505.01 
21 0 50000 1 1 338.08 
20 10 10000 5 1 464.49 
10 2 10000 5 1 230.2 
23 3 5000 10 1 885.77 
20 8 20000 2.5 1 845.53 
17 9 20000 2.5 1 693.72 
14 8 10000 5 1 773.86 
17 6 5000 10 1 359.34 
15 5 5000 10 1 652.58 
17 7 20000 2.5 1 40.72 
20 14 10000 5 1 152.02 
22 11 50000 1 1 781.6 
6 1 5000 10 1 265.64 
15 11 10000 5 1 598.04 
5 0 5000 10 1 414.23 
24 15 5000 10 1 434.17 
23 12 20000 2.5 1 274.52 
14 1 20000 2.5 1 445.38 
19 3 5000 10 1 333.49 
22 13 10000 5 1 600.8 
22 10 20000 2.5 1 732.48 
23 7 10000 5 1 313.85 
18 9 50000 1 1 793.49 
11 6 5000 10 1 448.14 
16 13 5000 10 1 635.84 
15 2 5000 10 1 224.93 
9 2 50000 1 1 638.12 
6 0 20000 2.5 1 409.38 
7 1 20000 2.5 1 554.92 
8 6 20000 2.5 1 528.93 
20 19 10000 5 1 593.53 
16 12 50000 1 1 419.57 
11 9 10000 5 1 646.76 
8 21 50 349.08 
14 6 1000 365.91 
4 16 500 307.71 
18 10 500 211.65 
24 16 500 421.43 
16 14 1000 306.75 
7 2 1000 351.4 
18 8 100 372.2 
3 16 100 312.97 
19 10 500 382.53 
6 21 1000 407.22 
8 1 500 469.02 
23 3 100 316.61 
9 20 50 373.6 
22 0 1000 360.41 
19 9 50 377.26 
0 23 50 400.28 
22 12 1000 384.64 
23 18 50 294.58 
8 17 100 290.04 
6 24 1000 256.91 
8 5 500 308.21 
4 24 500 407.86 
5 16 1000 372.66 
15 23 500 329.45 
7 22 100 339.02 
9 6 1000 484.27 
19 6 500 552.09 
8 10 500 420.13 
13 21 1000 355.05 
23 12 100 334.53 
23 16 100 488.05 
1 15 1000 333.24 
14 0 500 298.4 
6 20 100 338.4 
22 18 50 427.23 
5 3 100 327.34 
4 11 500 397.28 
17 18 1000 363.49 
1 24 500 467.43 
23 0 100 400.28 
3 10 500 371.47 
24 8 100 228.59 
3 9 500 162.01 
5 11 100 265.31 
4 21 50 319.52 
15 4 50 428.04 
3 17 500 327.15 
22 2 500 324.96 
20 17 1000 241.27 
0 18 500 471.78 
3 12 1000 229.97 
13 14 50 217.19 
15 6 50 409.94 
23 2 50 311.69 
14 3 500 517.44 
11 7 100 266.48 
17 2 1000 328.2 
5 20 50 232.42 
11 2 500 509.97 
19 7 100 321.47 
0 20 500 352.37 
3 18 1000 227.98 
7 21 500 441.46 
21 9 1000 295.79 
23 8 1000 250.64 
10 2 100 511.8 
4 8 100 459.25 
13 18 1000 231.94 
24 17 50 354.22 
9 5 50 281.81 
18 21 50 380.03 
2 8 100 377.78 
11 10 50 308.89 
20 4 100 273.15 
9 1 500 403.84 
19 12 500 252.03 
16 15 50 388.04 
16 8 50 264.43 
13 5 100 474.07 
22 20 100 335.39 
21 2 500 343.44 
0 21 500 427.72 
17 4 500 354.59 
1 3 100 320.07 
7 24 50 355.6 
20 19 50 535.53 
12 19 50 252.03 
14 11 50 402.7 
7 12 500 381.19 
15 1 50 333.24 
19 4 1000 487.61 
16 6 500 355.97 
11 4 50 397.28 
1 14 100 334.97 
22 17 500 352.24 
19 1 100 462.72 
1 0 100 435.04 
7 5 100 372.56 
5 15 50 403.69 
2 0 50 394.11 
9 14 100 480.95 
23 10 1000 298.5 
22 15 500 275.3 
24 3 1000 484.83 
7 20 100 233.82 
7 10 50 309.35 
15 24 50 358.45 
0 2 500 394.11 
22 7 1000 339.02 
11 5 100 265.31 
0 17 50 404.76 
0 11 1000 328.21 
9 8 500 441.49 
15 16 1000 388.04 
1 21 1000 414.08 
9 17 50 348.78 
21 15 500 341.14 
11 18 100 235.46 
17 16 100 353.71 
6 19 50 552.09 
19 24 500 379.98 
17 20 1000 241.27 
12 2 100 307.06 
12 23 1000 334.53 
5 8 100 308.21 
4 9 500 458.71 
10 9 500 362.97 
8 6 1000 663.22 
5 2 50 370.24 
10 6 50 284.8 
4 15 500 428.04 
1 18 50 288.26 
20 0 1000 352.37 
21 6 100 407.22 
6 10 500 284.8 
21 17 1000 392.19 
12 21 500 400.67 
6 23 100 366.38 
5 6 50 365.35 
12 10 500 241.79 
10 13 50 303.44 
1 5 50 412.1 
19 17 500 290.13 
0 24 500 286.56 
1 7 1000 441.73 
4 10 1000 447.86 
9 24 500 418.26 
5 1 50 412.1 
21 10 50 296 
16 21 50 439.66 
2 11 500 509.97 
18 0 50 471.78 
20 12 50 262.49 
15 0 500 285.44 
9 15 500 367.05 
20 22 500 335.39 
24 12 50 289.13 
23 17 100 366.48 
24 7 1000 355.6 
2 24 50 468.44 
23 7 1000 414.74 
2 19 50 524.5 
17 21 500 392.19 
20 18 50 266.11 
22 5 500 338.26 
7 15 50 366.41 
11 24 500 333.67 
18 2 100 242.78 
13 6 50 372.2 
5 7 1000 372.56 
19 11 1000 458.13 
10 16 500 329.95 
8 23 1000 250.64 
6 22 50 327.64 
24 0 1000 286.56 
8 15 500 291.05 
13 9 1000 260.85 
8 13 1000 315.96 
5 0 50 397.93 
5 17 50 356.15 
14 18 500 325.95 
8 3 1000 346.52 
5 19 1000 277.31 
5 13 100 474.07 
2 5 1000 370.24 
4 6 100 369.78 
20 21 1000 431.82 
1 2 1000 352.66 
9 18 100 291.33 
22 8 500 445.81 
2 9 1000 335.46 
18 9 500 291.33 
23 1 100 296.71 
23 5 500 415.5 
6 0 500 383.68 
19 13 500 304.41 
7 4 1000 332.41 
9 23 500 397.26 
6 5 100 365.35 
11 15 50 338.26 
13 16 50 472.19 
14 15 100 467.15 
0 8 1000 340.76 
19 8 50 556.2 
13 2 50 412.41 
6 16 1000 355.97 
16 13 1000 472.19 
12 17 50 400.29 
9 12 1000 271.62 
8 11 50 380.64 
8 14 100 421.68 
23 4 1000 408.82 
10 7 100 309.35 
3 8 50 346.52 
17 10 50 303.76 
14 4 500 261.84 
21 13 1000 355.05 
5 12 100 368.85 
3 21 100 481.71 
6 12 1000 364.38 
11 20 1000 433.95 
18 17 100 363.49 
15 21 1000 341.14 
2 23 100 311.69 
22 1 500 361.78 
13 3 500 315.32 
17 12 50 400.29 
20 13 1000 197.68 
9 2 500 335.46 
20 11 1000 433.95 
0 7 500 450.42 
11 8 50 380.64 
5 9 1000 281.81 
10 23 100 298.5 
8 0 1000 340.76 
2 18 500 242.78 
21 23 500 393.86 
3 13 500 315.32 
13 12 500 285.03 
16 7 1000 395.11 
20 3 500 491.3 
23 20 100 322.29 
9 19 50 377.26 
18 11 500 235.46 
7 6 1000 376.02 
22 11 50 364.13 
20 6 100 338.4 
15 14 100 467.15 
15 12 50 327.15 
16 17 500 353.71 
24 5 500 309.24 
18 6 100 359.84 
15 17 1000 340.7 
24 23 50 365.15 
7 14 500 336.92 
22 4 1000 345.68 
24 13 1000 237.38 
12 6 100 364.38 
19 23 1000 265.64 
19 3 100 403.72 
13 4 100 278.61 
11 17 1000 272.99 
8 2 100 377.78 
12 7 1000 381.19 
14 23 1000 389.43 
6 17 1000 365.8 
21 3 50 481.71 
22 24 1000 362.67 
9 16 50 209.73 
7 3 100 335.79 
21 14 100 389.74 
8 12 50 326.83 
11 1 500 424.55 
2 7 100 351.4 
10 15 500 360.73 
4 20 50 273.15 
7 23 100 414.74 
14 10 1000 494.04 
0 14 500 298.4 
2 10 500 511.8 
12 4 500 304.56 
12 9 1000 271.62 
11 16 100 298.39 
20 7 100 233.82 
23 21 50 393.86 
14 7 100 336.92 
24 6 1000 256.91 
6 18 1000 359.84 
19 0 50 363.62 
18 16 50 770.92 
1 12 50 363.35 
9 4 1000 458.71 
4 0 1000 320.07 
9 3 500 162.01 
9 22 1000 423.23 
21 4 100 319.52 
16 22 50 345.75 
15 7 100 366.41 
0 3 500 292.35 
13 23 500 365.52 
21 1 100 414.08 
17 24 100 354.22 
2 4 50 355.24 
19 16 100 263.74 
8 24 1000 228.59 
16 9 500 209.73 
13 22 1000 337.68 
2 12 500 307.06 
20 23 500 322.29 
20 24 500 356.13 
7 16 500 395.11 
3 19 100 403.72 
10 12 500 241.79 
24 14 50 370.77 
1 9 500 403.84 
6 14 1000 365.91 
11 13 100 186.47 
10 21 100 296 
23 14 50 389.43 
14 17 50 322.83 
22 21 100 365.78 
21 16 100 439.66 
9 11 100 394.87 
21 24 500 327.15 
0 4 500 320.07 
1 16 100 328.42 
17 5 50 356.15 
19 2 1000 524.5 
7 11 1000 266.48 
8 9 50 441.49 
15 9 50 367.05 
4 2 1000 355.24 
3 2 500 340.03 
9 10 1000 362.97 
12 18 100 352 
14 20 500 309.9 
20 16 100 287.92 
21 12 500 400.67 
16 12 100 363.51 
14 22 500 308.77 
4 5 50 315.15 
16 18 1000 770.92 
12 8 500 326.83 
1 4 50 346.48 
2 20 100 458.9 
17 23 1000 366.48 
23 19 50 265.64 
12 14 100 336.08 
16 0 500 384.51 
7 18 1000 381.44 
10 5 1000 327.78 
7 19 500 321.47 
22 23 500 348.8 
14 24 100 370.77 
5 24 500 309.24 
4 13 100 278.61 
21 8 1000 349.08 
2 15 100 314.37 
0 15 100 285.44 
2 22 50 324.96 
17 11 500 272.99 
18 19 1000 229.4 
14 8 500 421.68 
3 24 1000 484.83 
18 22 500 427.23 
19 22 100 296.62 
13 1 50 482.28 
17 15 1000 340.7 
8 19 50 556.2 
4 1 1000 346.48 
0 13 500 394.78 
14 16 500 306.75 
13 24 100 237.38 
23 9 500 397.26 
10 8 1000 420.13 
21 20 500 431.82 
13 11 500 186.47 
1 22 50 361.78 
10 24 1000 390.68 
12 24 100 289.13 
18 15 500 297.66 
19 5 1000 277.31 
4 12 50 304.56 
12 11 100 262.13 
3 1 1000 320.07 
13 19 1000 304.41 
10 18 500 211.65 
14 13 100 217.19 
2 21 1000 343.44 
11 19 500 458.13 
24 19 1000 379.98 
15 20 50 406.83 
8 22 50 445.81 
11 9 500 394.87 
18 24 500 282.99 
0 19 1000 363.62 
4 7 500 332.41 
6 7 1000 376.02 
12 16 1000 363.51 
12 20 50 262.49 
21 19 50 297.55 
3 23 500 316.61 
13 15 500 363.27 
14 5 100 317.74 
21 11 500 356.03 
21 5 100 456.96 
24 10 100 390.68 
7 1 1000 441.73 
12 3 50 229.97 
16 5 1000 372.66 
8 20 50 439.02 
17 1 1000 456.37 
20 2 50 458.9 
24 1 100 467.43 
19 20 100 535.53 
22 6 1000 327.64 
24 20 50 356.13 
3 4 500 434.72 
8 7 50 295.9 
18 14 1000 325.95 
12 15 1000 327.15 
17 7 100 405.63 
16 1 100 328.42 
7 17 50 405.63 
11 14 50 402.7 
22 10 1000 281.91 
20 14 100 309.9 
23 13 500 365.52 
0 12 1000 438.37 
24 2 500 468.44 
4 18 100 353.03 
5 18 500 494.11 
21 22 100 365.78 
6 4 100 369.78 
22 9 50 423.23 
2 17 100 328.2 
1 10 100 443.07 
4 19 100 487.61 
15 11 500 338.26 
17 13 1000 392.2 
15 19 500 431.57 
20 9 100 373.6 
21 18 100 380.03 
10 20 50 388.98 
7 13 50 418.71 
11 21 500 356.03 
18 3 100 227.98 
12 0 100 438.37 
18 20 1000 266.11 
19 18 50 229.4 
19 14 1000 503.08 
17 9 50 348.78 
9 21 50 295.79 
23 11 1000 275.92 
19 15 500 431.57 
14 9 500 480.95 
6 9 50 484.27 
3 7 500 335.79 
10 1 50 443.07 
5 21 1000 456.96 
15 3 50 295.51 
20 8 100 439.02 
13 10 500 303.44 
16 11 100 298.39 
10 0 100 347.12 
2 13 100 412.41 
22 14 1000 308.77 
24 22 1000 362.67 
2 6 50 300.55 
18 5 1000 494.11 
15 5 1000 403.69 
5 23 500 415.5 
1 17 500 456.37 
17 14 500 322.83 
12 1 50 363.35 
16 20 100 287.92 
23 24 100 365.15 
10 11 500 308.89 
2 16 1000 314.44 
20 10 500 388.98 
17 0 500 404.76 
10 4 1000 447.86 
16 3 1000 312.97 
3 0 50 292.35 
10 14 500 494.04 
14 12 50 336.08 
17 6 50 365.8 
16 2 100 314.44 
23 15 100 329.45 
1 19 500 462.72 
22 19 500 296.62 
13 7 50 418.71 
9 7 500 333.92 
3 11 1000 539.41 
23 22 500 348.8 
14 21 50 389.74 
4 22 1000 345.68 
11 22 100 364.13 
4 17 100 354.59 
6 2 500 300.55 
14 2 1000 398.98 
0 10 500 347.12 
24 4 50 407.86 
15 22 50 275.3 
24 9 1000 418.26 
22 13 1000 337.68 
1 13 50 482.28 
3 5 50 327.34 
17 22 500 352.24 
3 22 50 144.84 
17 19 500 290.13 
18 12 1000 352 
2 1 100 352.66 
19 21 1000 297.55 
16 23 500 488.05 
6 1 500 353.71 
6 8 1000 663.22 
1 11 50 424.55 
4 14 500 261.84 
7 9 100 333.92 
18 1 500 288.26 
10 17 1000 303.76 
18 13 100 231.94 
10 3 100 371.47 
23 6 50 366.38 
7 8 500 295.9 
1 8 1000 469.02 
13 17 1000 392.2 
16 10 50 329.95 
18 4 100 353.03 
8 4 1000 459.25 
5 10 500 327.78 
3 15 1000 295.51 
11 0 50 328.21 
5 4 100 315.15 
11 23 500 275.92 
20 1 500 385.19 
15 8 100 291.05 
3 6 100 409.6 
1 23 50 296.71 
17 8 100 290.04 
2 3 1000 340.03 
16 19 500 263.74 
12 22 1000 384.64 
24 15 1000 358.45 
14 1 1000 334.97 
1 20 50 385.19 
22 3 1000 144.84 
8 18 50 372.2 
2 14 1000 398.98 
5 14 1000 317.74 
9 13 1000 260.85 
6 15 500 409.94 
4 23 500 408.82 
15 2 100 314.37 
13 8 1000 315.96 
11 6 1000 219.93 
24 18 1000 282.99 
18 23 100 294.58 
10 19 500 382.53 
6 3 500 409.6 
24 11 100 333.67 
15 18 1000 297.66 
16 24 500 421.43 
12 5 100 368.85 
0 1 50 435.04 
13 20 100 197.68 
0 22 1000 360.41 
24 21 100 327.15 
14 19 100 503.08 
17 3 50 327.15 
6 11 50 219.93 
1 6 1000 353.71 
11 12 50 262.13 
18 7 1000 381.44 
20 5 1000 232.42 
0 5 50 397.93 
8 16 50 264.43 
0 9 50 397.94 
5 22 50 338.26 
15 10 100 360.73 
9 0 1000 397.94 
16 4 1000 307.71 
3 14 100 517.44 
21 7 100 441.46 
3 20 50 491.3 
10 22 1000 281.91 
4 3 100 434.72 
22 16 500 345.75 
12 13 500 285.03 
11 3 1000 539.41 
0 16 500 384.51 
