20 76 245 
3 10 50000 1 1 179.8 
3 16 50000 1 1 82.38 
1 14 50000 1 1 699.96 
9 11 20000 2.5 1 93.63 
11 15 10000 5 1 694.11 
6 13 20000 2.5 1 364.34 
0 7 10000 5 1 592.33 
9 13 50000 1 1 267.77 
12 16 50000 1 1 283.26 
8 11 10000 5 1 197.21 
3 17 50000 1 1 597.45 
0 3 50000 1 1 780.79 
2 16 20000 2.5 1 922.19 
4 15 50000 1 1 130.87 
1 16 50000 1 1 105.29 
11 16 5000 10 1 346.71 
7 17 10000 5 1 715.12 
1 11 10000 5 1 424.61 
0 18 20000 2.5 1 773.77 
9 12 5000 10 1 341.35 
6 19 10000 5 1 599.22 
3 7 50000 1 1 263.88 
2 12 20000 2.5 1 788.49 
3 12 10000 5 1 259.73 
1 15 10000 5 1 814.42 
1 18 10000 5 1 145.1 
4 16 10000 5 1 811.35 
0 15 5000 10 1 155.94 
7 15 5000 10 1 743.02 
1 9 20000 2.5 1 330.98 
3 5 5000 10 1 420.81 
3 9 5000 10 1 330.15 
6 11 5000 10 1 258.76 
1 17 20000 2.5 1 632.44 
2 3 10000 5 1 888.2 
8 16 5000 10 1 540.52 
1 19 5000 10 1 727.1 
10 11 50000 1 1 297.42 
10 3 50000 1 1 179.8 
16 3 50000 1 1 82.38 
14 1 50000 1 1 699.96 
11 9 20000 2.5 1 93.63 
15 11 10000 5 1 694.11 
13 6 20000 2.5 1 364.34 
7 0 10000 5 1 592.33 
13 9 50000 1 1 267.77 
16 12 50000 1 1 283.26 
11 8 10000 5 1 197.21 
17 3 50000 1 1 597.45 
3 0 50000 1 1 780.79 
16 2 20000 2.5 1 922.19 
15 4 50000 1 1 130.87 
16 1 50000 1 1 105.29 
16 11 5000 10 1 346.71 
17 7 10000 5 1 715.12 
11 1 10000 5 1 424.61 
18 0 20000 2.5 1 773.77 
12 9 5000 10 1 341.35 
19 6 10000 5 1 599.22 
7 3 50000 1 1 263.88 
12 2 20000 2.5 1 788.49 
12 3 10000 5 1 259.73 
15 1 10000 5 1 814.42 
18 1 10000 5 1 145.1 
16 4 10000 5 1 811.35 
15 0 5000 10 1 155.94 
15 7 5000 10 1 743.02 
9 1 20000 2.5 1 330.98 
5 3 5000 10 1 420.81 
9 3 5000 10 1 330.15 
11 6 5000 10 1 258.76 
17 1 20000 2.5 1 632.44 
3 2 10000 5 1 888.2 
16 8 5000 10 1 540.52 
19 1 5000 10 1 727.1 
11 10 50000 1 1 297.42 
19 4 1000 350.26 
7 2 500 391.02 
9 17 1000 526.9 
13 12 1000 545.48 
19 8 500 460.28 
19 11 1000 652.02 
6 1 50 659.66 
0 3 50 383.81 
12 0 100 302.52 
11 12 50 797.24 
13 1 1000 722.97 
0 9 500 254.1 
2 0 50 248.13 
11 13 50 959.79 
12 8 50 613.81 
10 4 50 312.36 
0 19 500 190.4 
0 16 100 361.73 
9 7 100 618.17 
10 9 500 638.21 
15 7 500 440.09 
3 17 100 771.19 
10 19 100 344.57 
11 1 1000 651.4 
15 11 100 200.76 
3 6 100 594.96 
19 9 1000 456.4 
13 19 50 452.04 
4 12 100 349.51 
6 10 50 536.57 
16 11 1000 763.18 
0 2 1000 248.13 
4 13 50 202.63 
2 8 50 346.15 
8 3 1000 594.96 
17 18 500 398.92 
16 18 50 638.6 
15 16 50 554.56 
7 10 500 478.45 
10 7 500 478.45 
18 12 100 518.75 
16 4 500 554.56 
12 2 1000 584.77 
15 18 100 514.05 
7 6 100 494.36 
11 6 50 580.7 
1 13 500 722.97 
16 7 1000 530.38 
19 7 1000 312.33 
18 17 100 398.92 
7 0 500 367.15 
18 6 50 646.1 
12 3 1000 885.38 
10 13 100 507.2 
6 2 50 236.31 
6 4 50 252.33 
11 4 100 258.67 
1 3 1000 769.85 
17 0 1000 386.73 
8 6 500 382.49 
16 8 1000 763.18 
1 15 1000 514.05 
15 19 100 385.19 
16 9 1000 713.73 
16 2 1000 454.12 
11 19 500 652.02 
16 3 50 841.6 
17 6 50 299.12 
3 15 50 440.09 
16 1 500 713.74 
3 12 100 885.38 
10 1 500 566.22 
13 10 500 507.2 
10 2 500 312.94 
7 13 100 595.67 
8 2 500 346.15 
2 16 100 454.12 
9 6 1000 826.14 
7 15 50 440.09 
15 6 1000 198.56 
18 2 100 236.22 
0 17 500 386.73 
16 17 50 381.55 
15 10 100 277.42 
6 13 100 826.14 
2 9 50 387.25 
8 16 100 763.18 
15 12 1000 372.02 
4 11 50 258.67 
16 0 100 361.73 
2 6 1000 236.31 
16 6 500 804.2 
0 12 500 302.52 
7 9 500 618.17 
10 18 500 555.76 
2 7 100 391.02 
0 6 500 257.42 
6 9 100 826.14 
10 11 500 623.31 
8 17 50 497.45 
2 1 100 236.22 
4 3 500 453.77 
0 15 50 371.53 
9 11 1000 1000.99 
0 11 1000 257.19 
1 11 500 651.4 
17 1 50 398.92 
3 16 50 841.6 
4 6 500 252.33 
8 7 500 519.82 
8 18 50 450.45 
12 11 500 797.24 
15 0 500 371.53 
11 9 500 1000.99 
18 16 500 638.6 
2 13 100 269.27 
13 7 100 595.67 
4 8 100 236.4 
19 18 100 626.15 
8 0 50 240.28 
15 3 500 440.09 
9 2 100 387.25 
10 8 100 498.43 
12 10 1000 618.99 
18 10 1000 555.76 
17 9 500 526.9 
3 8 50 594.96 
0 1 50 303.36 
9 10 50 638.21 
11 7 1000 453.02 
18 8 50 450.45 
12 7 50 554.12 
4 16 1000 554.56 
7 16 500 530.38 
7 18 500 385.09 
17 4 500 337.1 
6 11 50 580.7 
11 3 100 623.31 
8 1 500 458.19 
15 9 500 204.51 
8 19 500 460.28 
1 9 100 603.1 
6 15 50 198.56 
7 8 50 519.82 
9 18 1000 555.76 
2 15 500 198.02 
2 11 500 396.33 
12 19 500 301.97 
11 0 500 257.19 
0 8 100 240.28 
7 17 50 418.41 
18 3 100 721.72 
16 10 500 848.03 
4 17 1000 337.1 
17 7 100 418.41 
8 15 500 160.99 
3 2 50 454.12 
18 7 500 385.09 
1 12 1000 518.75 
18 9 500 555.76 
1 17 500 398.92 
10 17 500 415.33 
19 16 50 352.58 
3 19 50 369.39 
1 4 50 478.77 
18 13 50 722.97 
17 16 100 381.55 
3 7 100 428.39 
15 8 1000 160.99 
4 1 1000 478.77 
15 2 1000 198.02 
2 3 50 454.12 
11 17 100 465.78 
17 12 100 332.48 
0 4 500 255.14 
15 17 100 365.75 
1 16 1000 713.74 
8 4 500 236.4 
1 2 1000 236.22 
2 4 50 233.1 
8 12 100 613.81 
9 4 100 211.66 
11 10 100 623.31 
12 17 100 332.48 
4 18 1000 478.77 
4 2 50 233.1 
7 11 500 453.02 
7 4 500 453.77 
2 17 1000 360 
10 16 1000 848.03 
4 0 1000 255.14 
9 12 50 898.94 
12 4 100 349.51 
1 7 500 391.02 
7 1 100 391.02 
2 18 1000 236.22 
17 15 1000 365.75 
12 1 1000 518.75 
19 3 50 369.39 
11 15 1000 200.76 
1 10 100 566.22 
3 4 500 453.77 
6 16 50 804.2 
2 10 500 312.94 
9 15 100 204.51 
9 0 500 254.1 
3 18 1000 721.72 
3 1 1000 769.85 
18 15 500 514.05 
3 11 50 623.31 
11 2 50 396.33 
12 18 100 518.75 
15 1 50 514.05 
12 15 50 372.02 
17 10 50 415.33 
1 0 500 303.36 
9 8 100 716.07 
11 16 500 763.18 
13 11 50 959.79 
6 7 50 494.36 
9 3 50 806.5 
16 12 50 802.79 
17 11 500 465.78 
10 12 50 618.99 
17 2 50 360 
18 4 100 478.77 
12 16 500 802.79 
17 8 50 497.45 
8 10 50 498.43 
1 8 1000 458.19 
0 7 1000 367.15 
9 16 500 713.73 
7 12 50 554.12 
3 9 1000 806.5 
2 12 50 584.77 
17 3 100 771.19 
3 0 100 383.81 
10 0 50 270.93 
0 10 1000 270.93 
16 15 500 554.56 
9 1 50 603.1 
10 15 50 277.42 
18 11 500 616.89 
12 9 50 898.94 
7 3 100 428.39 
