20 94 113 
2 4 10000 5 0 240.23 
14 15 20000 2.5 0 769.07 
3 5 5000 10 0 230.22 
1 10 50000 1 0 401.81 
5 15 10000 5 0 361.84 
2 16 5000 10 0 653.18 
3 17 5000 10 0 679.63 
10 13 10000 5 0 749.79 
3 10 50000 1 0 752.16 
10 12 50000 1 0 694.43 
11 17 5000 10 0 821.18 
1 8 20000 2.5 0 360.6 
12 13 5000 10 0 267.02 
4 12 5000 10 0 765.08 
5 9 5000 10 0 391.15 
0 1 5000 10 0 351.36 
10 14 50000 1 0 622.96 
2 8 10000 5 0 466.92 
16 19 50000 1 0 263.95 
1 5 50000 1 0 309.85 
12 16 10000 5 0 520.45 
1 16 20000 2.5 0 779.46 
0 18 5000 10 0 446.49 
9 14 5000 10 0 574.06 
3 6 20000 2.5 0 316.55 
5 7 20000 2.5 0 159.31 
10 16 20000 2.5 0 788.31 
3 11 10000 5 0 510.8 
4 16 50000 1 0 433.23 
14 16 20000 2.5 0 171.1 
14 19 10000 5 0 394.28 
1 4 50000 1 0 787.71 
2 6 5000 10 0 701.76 
4 6 20000 2.5 0 794.15 
7 10 50000 1 0 814.87 
11 18 5000 10 0 84.78 
14 18 20000 2.5 0 252.05 
13 16 10000 5 0 419 
6 16 10000 5 0 479.74 
0 15 10000 5 0 534.4 
6 12 10000 5 0 433.38 
13 17 10000 5 0 685.42 
9 11 10000 5 0 338.75 
7 15 20000 2.5 0 445.01 
0 12 10000 5 0 98.39 
11 13 5000 10 0 357.85 
1 18 10000 5 0 787.43 
4 2 10000 5 0 240.23 
15 14 20000 2.5 0 769.07 
5 3 5000 10 0 230.22 
10 1 50000 1 0 401.81 
15 5 10000 5 0 361.84 
16 2 5000 10 0 653.18 
17 3 5000 10 0 679.63 
13 10 10000 5 0 749.79 
10 3 50000 1 0 752.16 
12 10 50000 1 0 694.43 
17 11 5000 10 0 821.18 
8 1 20000 2.5 0 360.6 
13 12 5000 10 0 267.02 
12 4 5000 10 0 765.08 
9 5 5000 10 0 391.15 
1 0 5000 10 0 351.36 
14 10 50000 1 0 622.96 
8 2 10000 5 0 466.92 
19 16 50000 1 0 263.95 
5 1 50000 1 0 309.85 
16 12 10000 5 0 520.45 
16 1 20000 2.5 0 779.46 
18 0 5000 10 0 446.49 
14 9 5000 10 0 574.06 
6 3 20000 2.5 0 316.55 
7 5 20000 2.5 0 159.31 
16 10 20000 2.5 0 788.31 
11 3 10000 5 0 510.8 
16 4 50000 1 0 433.23 
16 14 20000 2.5 0 171.1 
19 14 10000 5 0 394.28 
4 1 50000 1 0 787.71 
6 2 5000 10 0 701.76 
6 4 20000 2.5 0 794.15 
10 7 50000 1 0 814.87 
18 11 5000 10 0 84.78 
18 14 20000 2.5 0 252.05 
16 13 10000 5 0 419 
16 6 10000 5 0 479.74 
15 0 10000 5 0 534.4 
12 6 10000 5 0 433.38 
17 13 10000 5 0 685.42 
11 9 10000 5 0 338.75 
15 7 20000 2.5 0 445.01 
12 0 10000 5 0 98.39 
13 11 5000 10 0 357.85 
18 1 10000 5 0 787.43 
0 8 500 575.91 
11 9 500 506.35 
11 3 100 538.83 
8 10 500 441.16 
2 13 100 590.78 
13 17 500 495.85 
10 13 50 449.32 
13 18 500 559.31 
3 7 1000 527.43 
3 18 100 493.82 
12 14 1000 634.01 
13 9 1000 485.31 
2 12 1000 633.84 
19 10 1000 412.29 
8 15 500 360.76 
10 5 1000 378.67 
12 3 1000 513.5 
19 0 50 607.17 
13 8 100 547.23 
6 18 500 542.22 
7 11 1000 583.02 
17 2 500 455.12 
17 3 50 465.6 
15 14 500 445.2 
0 7 500 511.43 
13 6 1000 446.78 
3 14 500 519.01 
17 8 100 393 
11 4 500 440.88 
11 0 100 553.03 
4 19 500 471.19 
15 5 100 473.04 
5 19 1000 488.19 
5 16 500 390.53 
1 2 500 455.11 
17 15 500 450.77 
8 18 1000 487.13 
0 11 500 553.03 
6 7 100 302.26 
1 10 500 392.67 
17 12 1000 594.39 
18 19 50 595.35 
5 10 50 378.67 
9 11 1000 506.35 
9 3 100 399.4 
12 8 50 549.58 
9 13 50 485.31 
12 16 500 554.84 
16 9 100 487.13 
8 7 500 415.18 
17 14 500 591.87 
19 14 1000 518.44 
9 1 1000 481.89 
14 5 50 608.54 
0 10 50 443.01 
11 8 50 426.69 
3 17 500 465.6 
7 18 1000 474.09 
15 12 100 414.63 
5 2 100 399.05 
2 0 50 672.81 
8 5 500 463.86 
12 15 1000 414.63 
11 14 1000 369.41 
13 2 500 590.78 
14 7 100 588.95 
2 5 1000 399.05 
10 11 50 642.72 
1 7 100 513.33 
9 16 50 487.13 
17 11 100 560.85 
11 19 1000 647.84 
7 13 50 386.4 
12 17 500 594.39 
14 8 500 517.95 
0 5 100 545.25 
6 10 1000 474.09 
8 14 50 517.95 
16 8 50 692.72 
7 16 100 366.96 
19 17 100 532.31 
4 8 1000 460.18 
19 7 100 440.79 
18 6 1000 542.22 
18 9 100 521.12 
1 3 100 562.34 
6 15 50 369.77 
4 11 500 440.88 
5 7 1000 429.34 
5 4 1000 453.58 
4 13 50 498.7 
16 6 1000 474.8 
2 1 1000 455.11 
4 14 500 495.45 
7 9 500 445.62 
6 12 500 512.82 
2 9 1000 418.03 
10 9 500 521.83 
4 7 500 385.61 
5 17 1000 420.95 
7 4 100 385.61 
9 5 100 466.23 
17 13 100 495.85 
14 12 50 634.01 
19 5 50 488.19 
16 18 100 489.39 
13 16 1000 631.07 
3 1 500 562.34 
10 3 50 470.59 
6 4 500 541.21 
8 3 100 491.36 
7 12 1000 558.23 
3 8 100 491.36 
