30 174 382 
12 19 5000 10 0 342.29 
3 16 50000 1 0 650.15 
19 27 5000 10 0 503.67 
16 24 50000 1 0 827.9 
17 22 5000 10 0 900.46 
16 27 5000 10 0 457 
4 22 10000 5 0 658.78 
9 23 20000 2.5 0 204.29 
0 8 20000 2.5 0 781.61 
0 3 50000 1 0 661.08 
16 28 20000 2.5 0 296.94 
4 9 10000 5 0 258.64 
1 22 5000 10 0 84.38 
1 23 10000 5 0 775.74 
15 29 10000 5 0 448.6 
25 26 5000 10 0 268.67 
2 16 10000 5 0 220.83 
1 9 50000 1 0 925.66 
9 17 20000 2.5 0 18.66 
11 18 10000 5 0 818.3 
5 17 10000 5 0 600.77 
0 13 5000 10 0 445.95 
22 24 10000 5 0 184.3 
3 11 20000 2.5 0 588.58 
9 16 20000 2.5 0 35.17 
23 26 5000 10 0 85.3 
15 28 5000 10 0 409.51 
6 11 5000 10 0 689.44 
19 28 50000 1 0 740.09 
7 13 5000 10 0 696.46 
4 11 50000 1 0 367.5 
7 16 10000 5 0 875.15 
6 12 20000 2.5 0 540.17 
1 14 20000 2.5 0 705.53 
12 17 10000 5 0 861.88 
6 29 50000 1 0 402.7 
4 27 10000 5 0 455.08 
1 2 20000 2.5 0 742.25 
12 16 10000 5 0 813.86 
13 20 5000 10 0 717.69 
7 27 10000 5 0 662.47 
6 16 50000 1 0 605.85 
1 28 50000 1 0 746.3 
20 26 5000 10 0 582.57 
1 20 20000 2.5 0 580.45 
11 28 50000 1 0 236.29 
15 23 10000 5 0 399.65 
16 21 10000 5 0 758.24 
11 17 50000 1 0 135.82 
0 20 10000 5 0 458.21 
2 12 20000 2.5 0 772.79 
3 13 20000 2.5 0 222.82 
10 12 50000 1 0 614.25 
2 21 20000 2.5 0 687.07 
15 24 50000 1 0 475.51 
3 21 50000 1 0 251 
4 21 20000 2.5 0 960.85 
5 11 50000 1 0 733.15 
13 24 50000 1 0 715.28 
21 29 10000 5 0 269.52 
0 7 20000 2.5 0 836.84 
6 10 50000 1 0 495.85 
19 22 10000 5 0 103.87 
2 4 5000 10 0 362.59 
9 29 20000 2.5 0 789.24 
8 29 5000 10 0 89.33 
8 14 5000 10 0 526.3 
15 19 10000 5 0 620.14 
18 19 10000 5 0 119.54 
12 23 20000 2.5 0 693.57 
23 29 10000 5 0 810.29 
4 17 5000 10 0 248.39 
9 12 10000 5 0 845.21 
19 24 50000 1 0 235.41 
2 17 20000 2.5 0 195.69 
14 27 20000 2.5 0 451.69 
8 28 20000 2.5 0 483.76 
17 20 5000 10 0 372.06 
18 29 50000 1 0 383.38 
0 16 5000 10 0 79.26 
9 22 5000 10 0 916.09 
27 29 5000 10 0 326.78 
12 28 20000 2.5 0 533.74 
1 12 10000 5 0 223.53 
15 17 50000 1 0 584.4 
0 29 10000 5 0 794.86 
14 16 50000 1 0 312.58 
19 12 5000 10 0 342.29 
16 3 50000 1 0 650.15 
27 19 5000 10 0 503.67 
24 16 50000 1 0 827.9 
22 17 5000 10 0 900.46 
27 16 5000 10 0 457 
22 4 10000 5 0 658.78 
23 9 20000 2.5 0 204.29 
8 0 20000 2.5 0 781.61 
3 0 50000 1 0 661.08 
28 16 20000 2.5 0 296.94 
9 4 10000 5 0 258.64 
22 1 5000 10 0 84.38 
23 1 10000 5 0 775.74 
29 15 10000 5 0 448.6 
26 25 5000 10 0 268.67 
16 2 10000 5 0 220.83 
9 1 50000 1 0 925.66 
17 9 20000 2.5 0 18.66 
18 11 10000 5 0 818.3 
17 5 10000 5 0 600.77 
13 0 5000 10 0 445.95 
24 22 10000 5 0 184.3 
11 3 20000 2.5 0 588.58 
16 9 20000 2.5 0 35.17 
26 23 5000 10 0 85.3 
28 15 5000 10 0 409.51 
11 6 5000 10 0 689.44 
28 19 50000 1 0 740.09 
13 7 5000 10 0 696.46 
11 4 50000 1 0 367.5 
16 7 10000 5 0 875.15 
12 6 20000 2.5 0 540.17 
14 1 20000 2.5 0 705.53 
17 12 10000 5 0 861.88 
29 6 50000 1 0 402.7 
27 4 10000 5 0 455.08 
2 1 20000 2.5 0 742.25 
16 12 10000 5 0 813.86 
20 13 5000 10 0 717.69 
27 7 10000 5 0 662.47 
16 6 50000 1 0 605.85 
28 1 50000 1 0 746.3 
26 20 5000 10 0 582.57 
20 1 20000 2.5 0 580.45 
28 11 50000 1 0 236.29 
23 15 10000 5 0 399.65 
21 16 10000 5 0 758.24 
17 11 50000 1 0 135.82 
20 0 10000 5 0 458.21 
12 2 20000 2.5 0 772.79 
13 3 20000 2.5 0 222.82 
12 10 50000 1 0 614.25 
21 2 20000 2.5 0 687.07 
24 15 50000 1 0 475.51 
21 3 50000 1 0 251 
21 4 20000 2.5 0 960.85 
11 5 50000 1 0 733.15 
24 13 50000 1 0 715.28 
29 21 10000 5 0 269.52 
7 0 20000 2.5 0 836.84 
10 6 50000 1 0 495.85 
22 19 10000 5 0 103.87 
4 2 5000 10 0 362.59 
29 9 20000 2.5 0 789.24 
29 8 5000 10 0 89.33 
14 8 5000 10 0 526.3 
19 15 10000 5 0 620.14 
19 18 10000 5 0 119.54 
23 12 20000 2.5 0 693.57 
29 23 10000 5 0 810.29 
17 4 5000 10 0 248.39 
12 9 10000 5 0 845.21 
24 19 50000 1 0 235.41 
17 2 20000 2.5 0 195.69 
27 14 20000 2.5 0 451.69 
28 8 20000 2.5 0 483.76 
20 17 5000 10 0 372.06 
29 18 50000 1 0 383.38 
16 0 5000 10 0 79.26 
22 9 5000 10 0 916.09 
29 27 5000 10 0 326.78 
28 12 20000 2.5 0 533.74 
12 1 10000 5 0 223.53 
17 15 50000 1 0 584.4 
29 0 10000 5 0 794.86 
16 14 50000 1 0 312.58 
20 16 50 485.96 
18 16 500 203.35 
4 11 100 603.83 
15 22 50 397.13 
23 9 500 235.21 
18 9 100 186.15 
4 26 500 495.31 
0 20 1000 461.82 
18 2 1000 176.67 
5 17 1000 659.5 
13 24 1000 234 
8 11 500 310.17 
0 22 100 275.12 
29 23 500 368.7 
4 2 1000 660 
11 19 100 256.34 
21 0 50 509.26 
2 28 100 571.56 
14 0 500 277.53 
6 7 1000 217.1 
12 17 100 244.83 
0 26 1000 491.69 
18 8 1000 417.02 
12 11 500 252.83 
6 15 1000 406.31 
2 6 500 193.44 
11 14 100 397.64 
11 13 100 508.98 
1 21 100 244.23 
19 17 1000 195.58 
6 18 1000 297.71 
4 17 500 546.91 
2 1 1000 178.25 
24 15 1000 354.21 
14 2 500 416.94 
15 20 1000 393.49 
6 19 1000 271.2 
17 18 50 181.89 
4 5 50 771.22 
21 17 50 322.72 
15 12 100 301.55 
14 13 100 369.86 
29 0 50 437.97 
7 8 1000 334.66 
26 5 100 595.01 
5 12 50 231.91 
4 24 100 187.48 
24 23 1000 258.65 
29 2 1000 285.02 
20 0 50 461.82 
12 22 1000 194.74 
6 23 100 292.01 
24 27 100 310.24 
0 11 100 612.65 
6 16 100 326.6 
9 12 1000 232.75 
17 4 100 546.91 
22 8 1000 463.68 
2 11 100 753.9 
4 13 100 379.66 
1 23 1000 347.67 
21 24 100 295.4 
16 21 50 467.26 
18 26 1000 245.69 
10 5 100 326.41 
16 28 100 396.93 
14 9 500 427.4 
28 26 50 429.79 
10 16 100 280.65 
14 3 100 411.37 
7 16 1000 432.17 
27 29 100 250.4 
27 9 50 428.08 
5 29 100 265.45 
16 6 100 326.6 
15 27 500 401.07 
28 17 1000 477.34 
22 16 50 265.71 
24 4 1000 187.48 
26 14 100 359.51 
20 26 100 497.29 
10 29 100 307.27 
16 5 1000 625.57 
10 23 500 322.69 
21 3 500 265.94 
8 21 100 165.93 
15 6 100 406.31 
16 8 1000 413.84 
0 24 50 219.58 
0 21 50 509.26 
29 4 500 252.7 
18 13 100 215.53 
18 29 1000 304.6 
24 28 500 393.66 
12 1 50 140.39 
28 20 100 480.07 
22 29 1000 393.84 
10 15 500 364.57 
29 18 1000 304.6 
16 23 50 547.84 
0 6 100 326.16 
22 12 500 194.74 
2 20 100 586.83 
12 29 50 327.14 
17 11 100 507.13 
13 27 100 352.61 
0 27 50 441.84 
12 21 100 216.28 
29 11 500 321.95 
9 5 1000 729.54 
7 3 50 465.06 
1 19 50 261.13 
7 10 1000 244.32 
17 7 1000 454.81 
17 24 100 176.87 
10 18 500 374.46 
12 5 100 231.91 
5 18 500 171.08 
3 10 100 216.04 
24 5 500 148.6 
27 22 1000 286.65 
26 24 500 256.34 
24 6 500 371.32 
20 8 1000 328.4 
12 19 100 234.67 
19 22 500 259.54 
13 11 100 508.98 
1 26 1000 349.37 
26 18 500 245.69 
10 7 100 244.32 
13 2 100 497.57 
9 11 100 655.26 
9 16 100 543.44 
24 20 100 254.93 
23 21 1000 429.72 
13 14 100 369.86 
4 22 50 163.72 
14 11 1000 397.64 
17 14 500 476.55 
19 27 50 217.16 
23 15 50 319.08 
6 20 100 216.38 
28 18 1000 318.34 
9 1 500 352.36 
3 11 100 353.6 
24 18 50 267.66 
7 20 500 443.17 
15 17 50 339.19 
11 7 500 388.86 
22 27 1000 286.65 
21 5 100 335.28 
15 2 1000 326.35 
29 7 500 272.84 
10 14 100 325.57 
1 17 500 326.29 
5 7 50 318.38 
1 12 50 140.39 
29 27 500 250.4 
19 12 1000 234.67 
23 5 100 606.86 
11 0 1000 612.65 
19 4 500 171.36 
29 19 500 326.81 
0 23 500 503.18 
27 23 50 389.04 
23 29 500 368.7 
24 13 100 234 
16 22 100 265.71 
15 10 50 364.57 
17 15 100 339.19 
2 14 100 416.94 
13 26 1000 362.69 
21 23 500 429.72 
2 10 100 319.69 
18 22 500 352.68 
6 8 50 400.64 
3 15 1000 407.39 
23 0 50 503.18 
17 5 50 659.5 
28 1 1000 189.24 
12 23 100 266.92 
1 9 1000 352.36 
8 7 100 334.66 
22 20 100 162.14 
29 20 500 259.04 
19 16 500 196.99 
11 29 50 321.95 
29 10 100 307.27 
16 1 1000 368.39 
5 11 100 659.5 
15 11 100 387.58 
19 6 100 271.2 
8 19 50 427.86 
13 19 50 220.56 
7 19 500 150.52 
28 12 500 312.17 
15 14 50 321.03 
3 23 100 353.22 
7 0 500 416.89 
14 17 500 476.55 
24 14 500 237.03 
23 16 500 547.84 
17 2 100 376.11 
20 15 1000 393.49 
23 13 1000 340.28 
5 9 100 729.54 
9 10 100 300.48 
27 24 100 310.24 
6 28 1000 271.86 
7 27 500 520.59 
3 21 500 265.94 
14 18 100 213.35 
10 24 1000 641.57 
10 4 100 267.63 
6 24 500 371.32 
14 12 1000 386.97 
26 1 500 349.37 
15 13 1000 323.9 
14 19 1000 270.13 
4 0 500 673.77 
17 0 100 542.55 
2 22 100 234.33 
23 19 500 261.64 
27 18 500 169.3 
13 1 100 309.4 
6 21 1000 341.33 
0 4 50 673.77 
16 24 500 195.73 
26 28 1000 429.79 
17 23 500 562.9 
20 9 500 472.9 
28 5 50 467.82 
10 3 50 216.04 
27 15 1000 401.07 
1 22 100 110.56 
22 6 100 237.88 
1 13 1000 309.4 
7 5 100 318.38 
29 1 1000 447.74 
23 17 50 562.9 
3 22 500 141.49 
24 29 1000 378.34 
2 9 1000 512.94 
0 10 1000 292.39 
3 20 1000 360.64 
2 7 1000 377.37 
24 2 100 198.91 
26 16 50 538.62 
1 4 1000 165.57 
18 28 500 318.34 
16 7 50 432.17 
11 12 50 252.83 
16 18 100 203.35 
18 1 50 332.88 
6 29 500 310.66 
26 20 50 497.29 
3 7 100 465.06 
27 1 100 250.24 
5 2 1000 712.76 
22 21 100 332.11 
21 11 50 255.7 
1 7 100 135.55 
19 18 500 297.67 
7 14 500 449.77 
4 16 50 762.06 
1 20 50 199.43 
20 22 500 162.14 
15 29 1000 243.98 
22 13 500 255.24 
22 19 1000 259.54 
18 4 50 173.2 
5 24 1000 148.6 
17 29 500 392.03 
22 10 100 261.62 
26 22 1000 333.56 
12 2 100 386.06 
23 1 1000 347.67 
17 3 100 362.69 
15 3 500 407.39 
26 4 50 495.31 
7 26 100 262.98 
1 14 100 323.87 
22 15 500 397.13 
11 26 100 509.71 
9 29 1000 427.77 
19 1 50 261.13 
29 16 500 437.97 
0 19 1000 179.84 
2 15 500 326.35 
2 18 500 176.67 
18 12 1000 312.34 
5 23 100 606.86 
10 9 100 300.48 
7 17 100 454.81 
19 13 500 220.56 
15 4 100 471.23 
5 1 100 225.07 
20 11 1000 498.28 
12 15 100 301.55 
12 14 1000 386.97 
21 10 50 267.23 
24 0 500 219.58 
9 2 50 512.94 
1 8 500 453.87 
18 15 50 352.54 
23 22 100 281.33 
28 10 100 353.51 
0 13 1000 434.21 
2 27 50 463.24 
28 29 1000 269.85 
15 7 100 356.54 
22 1 500 110.56 
27 7 1000 520.59 
27 26 50 336.42 
11 9 500 655.26 
14 28 500 375.14 
10 0 50 292.39 
12 9 500 232.75 
11 3 1000 353.6 
19 24 50 287.5 
14 15 500 321.03 
23 6 1000 292.01 
20 21 100 283.51 
23 24 1000 258.65 
7 22 500 212.89 
21 16 100 467.26 
11 18 500 220.19 
21 12 500 216.28 
14 8 100 388.72 
3 8 1000 296.56 
26 10 100 315.98 
16 20 1000 485.96 
18 27 100 169.3 
13 7 100 420.25 
29 8 50 254.96 
7 29 50 272.84 
9 6 100 309.67 
17 1 50 326.29 
10 8 500 309.3 
8 5 500 245.27 
0 18 50 212.01 
3 13 50 360.07 
21 8 1000 165.93 
21 20 500 283.51 
10 21 1000 267.23 
22 7 500 212.89 
5 8 50 245.27 
0 17 500 542.55 
13 21 500 322.54 
27 16 1000 457.38 
9 17 100 575.45 
3 2 1000 375.01 
27 19 100 217.16 
4 6 1000 377.08 
8 6 50 400.64 
3 4 500 353.66 
7 28 100 349.11 
7 12 1000 276.06 
8 20 100 328.4 
22 18 1000 352.68 
9 15 500 348.43 
0 7 500 416.89 
19 20 100 188.61 
29 22 500 393.84 
10 28 500 353.51 
23 4 50 530.22 
20 12 1000 369.86 
19 23 500 261.64 
0 16 1000 357.04 
1 11 1000 361.8 
9 8 50 364.16 
16 4 50 762.06 
1 2 50 178.25 
14 29 500 435.83 
19 2 500 186.85 
8 12 50 263.24 
7 1 50 135.55 
27 20 100 384.63 
19 8 100 427.86 
13 5 100 366.87 
2 8 500 384.89 
26 19 500 261.64 
