30 130 254 
20 22 20000 2.5 1 736.49 
4 17 20000 2.5 1 571.77 
10 26 5000 10 1 724.23 
13 27 10000 5 1 576.74 
8 19 5000 10 1 698.63 
5 29 20000 2.5 1 608.13 
7 17 5000 10 1 754.06 
7 27 5000 10 1 193.09 
6 24 10000 5 1 459.75 
6 20 20000 2.5 1 867.55 
19 26 50000 1 1 870.53 
19 23 5000 10 1 966.08 
1 11 20000 2.5 1 590.18 
1 3 5000 10 1 469.64 
9 12 5000 10 1 639.62 
3 17 10000 5 1 431.17 
8 20 10000 5 1 668.24 
27 29 20000 2.5 1 430.17 
6 7 5000 10 1 219.25 
9 19 5000 10 1 726.61 
3 11 5000 10 1 203.7 
10 28 20000 2.5 1 724.85 
5 12 10000 5 1 209.83 
20 28 5000 10 1 880.47 
5 7 20000 2.5 1 999.38 
4 20 20000 2.5 1 302.51 
5 21 5000 10 1 93.42 
14 18 5000 10 1 675.62 
3 5 10000 5 1 619.73 
15 24 50000 1 1 510.36 
7 24 50000 1 1 599.58 
9 10 5000 10 1 566.64 
10 17 50000 1 1 261.34 
2 15 20000 2.5 1 163.18 
19 22 20000 2.5 1 656.85 
4 23 10000 5 1 626.8 
17 18 50000 1 1 779.92 
4 14 50000 1 1 136.93 
11 23 10000 5 1 395.86 
8 26 20000 2.5 1 439.89 
21 23 10000 5 1 790.44 
15 23 50000 1 1 125.36 
5 11 5000 10 1 518.66 
5 8 50000 1 1 702.96 
11 13 10000 5 1 854.96 
9 20 50000 1 1 639 
16 28 10000 5 1 615.07 
14 20 5000 10 1 253.53 
8 9 5000 10 1 245.35 
24 29 5000 10 1 744.13 
17 27 5000 10 1 827.12 
5 6 5000 10 1 793.98 
2 3 20000 2.5 1 362.32 
18 24 50000 1 1 408.61 
4 5 20000 2.5 1 328.41 
16 24 5000 10 1 463.02 
6 8 50000 1 1 304.49 
20 25 50000 1 1 162.14 
6 17 5000 10 1 769.18 
0 13 50000 1 1 643.11 
13 15 50000 1 1 428.91 
13 18 50000 1 1 644.47 
9 29 10000 5 1 579.93 
4 28 10000 5 1 643.08 
1 13 20000 2.5 1 321.35 
22 20 20000 2.5 1 736.49 
17 4 20000 2.5 1 571.77 
26 10 5000 10 1 724.23 
27 13 10000 5 1 576.74 
19 8 5000 10 1 698.63 
29 5 20000 2.5 1 608.13 
17 7 5000 10 1 754.06 
27 7 5000 10 1 193.09 
24 6 10000 5 1 459.75 
20 6 20000 2.5 1 867.55 
26 19 50000 1 1 870.53 
23 19 5000 10 1 966.08 
11 1 20000 2.5 1 590.18 
3 1 5000 10 1 469.64 
12 9 5000 10 1 639.62 
17 3 10000 5 1 431.17 
20 8 10000 5 1 668.24 
29 27 20000 2.5 1 430.17 
7 6 5000 10 1 219.25 
19 9 5000 10 1 726.61 
11 3 5000 10 1 203.7 
28 10 20000 2.5 1 724.85 
12 5 10000 5 1 209.83 
28 20 5000 10 1 880.47 
7 5 20000 2.5 1 999.38 
20 4 20000 2.5 1 302.51 
21 5 5000 10 1 93.42 
18 14 5000 10 1 675.62 
5 3 10000 5 1 619.73 
24 15 50000 1 1 510.36 
24 7 50000 1 1 599.58 
10 9 5000 10 1 566.64 
17 10 50000 1 1 261.34 
15 2 20000 2.5 1 163.18 
22 19 20000 2.5 1 656.85 
23 4 10000 5 1 626.8 
18 17 50000 1 1 779.92 
14 4 50000 1 1 136.93 
23 11 10000 5 1 395.86 
26 8 20000 2.5 1 439.89 
23 21 10000 5 1 790.44 
23 15 50000 1 1 125.36 
11 5 5000 10 1 518.66 
8 5 50000 1 1 702.96 
13 11 10000 5 1 854.96 
20 9 50000 1 1 639 
28 16 10000 5 1 615.07 
20 14 5000 10 1 253.53 
9 8 5000 10 1 245.35 
29 24 5000 10 1 744.13 
27 17 5000 10 1 827.12 
6 5 5000 10 1 793.98 
3 2 20000 2.5 1 362.32 
24 18 50000 1 1 408.61 
5 4 20000 2.5 1 328.41 
24 16 5000 10 1 463.02 
8 6 50000 1 1 304.49 
25 20 50000 1 1 162.14 
17 6 5000 10 1 769.18 
13 0 50000 1 1 643.11 
15 13 50000 1 1 428.91 
18 13 50000 1 1 644.47 
29 9 10000 5 1 579.93 
28 4 10000 5 1 643.08 
13 1 20000 2.5 1 321.35 
16 29 50 407.18 
29 9 50 543.64 
23 29 500 467.41 
29 12 50 442.73 
26 7 50 610 
14 27 50 427.95 
13 14 1000 269.71 
15 1 50 745.2 
10 9 50 440.18 
9 26 100 507.87 
14 17 100 351.71 
11 23 500 909.33 
3 20 500 616.13 
2 20 500 604.91 
8 20 100 422.15 
11 5 100 295.26 
4 9 1000 700.55 
2 16 1000 324.24 
14 4 50 460.42 
16 23 50 291.76 
17 26 50 489.7 
23 21 500 387.11 
27 6 50 620.81 
9 17 100 543.69 
26 24 500 276.15 
5 1 500 586.13 
9 6 1000 586.6 
8 6 50 469.19 
14 23 100 703.09 
14 15 100 558.47 
10 23 100 245.86 
26 22 100 574.26 
19 13 50 360.97 
4 21 100 417.11 
17 1 500 662.98 
7 14 50 517.56 
10 12 50 409.89 
22 17 100 306.42 
1 21 50 598.96 
24 26 1000 276.15 
28 14 1000 403.1 
15 6 500 328.09 
4 18 100 283.66 
11 14 100 552.1 
27 19 50 328.64 
6 16 100 376.98 
28 5 500 352.13 
29 10 500 522.85 
6 17 50 464.26 
18 17 100 492.98 
10 4 50 512.57 
19 5 50 458.24 
29 23 100 467.41 
16 6 50 376.98 
12 3 100 663.11 
19 11 1000 248.26 
8 10 50 418.83 
23 18 100 552.04 
28 7 50 492.23 
28 20 500 354.79 
13 24 500 625.02 
17 8 500 553.22 
28 11 1000 500.2 
4 14 500 460.42 
19 10 100 499.58 
22 1 1000 453.41 
11 1 100 394.83 
7 4 100 703.12 
26 3 100 351.06 
7 12 1000 343.48 
15 8 50 395.51 
13 17 500 682.86 
5 24 1000 598.23 
4 23 100 486.43 
18 5 50 341.5 
11 3 100 906.24 
8 14 1000 734.02 
17 12 1000 321.27 
23 9 50 363.96 
19 8 50 378.85 
24 7 500 354.73 
2 11 100 711.62 
7 11 1000 604.37 
4 15 50 585.47 
1 29 50 257.08 
2 3 500 797.96 
24 20 100 353.8 
9 8 1000 633.92 
12 15 1000 354.56 
4 2 50 550.1 
2 13 50 554.14 
18 3 50 647.62 
6 21 50 547.15 
20 2 500 604.91 
1 4 1000 638.64 
2 1 50 664.19 
24 18 1000 359.08 
26 29 50 463.17 
20 9 1000 666.4 
8 15 100 395.51 
28 18 500 385.49 
1 18 1000 477.57 
23 26 50 470.2 
26 6 500 561.53 
24 4 100 399.08 
19 7 1000 365.65 
21 15 500 497.01 
6 19 100 384.88 
17 10 50 449.66 
5 6 500 580.29 
18 1 500 477.57 
2 17 100 449.99 
6 22 100 511.32 
22 18 50 334.59 
19 9 1000 399.52 
13 7 100 226.92 
24 6 500 364.76 
4 20 500 551.48 
15 14 50 558.47 
13 20 500 207.98 
18 9 500 440.28 
28 8 500 688.3 
17 22 50 306.42 
23 4 1000 486.43 
27 14 100 427.95 
5 7 500 328.6 
7 28 100 492.23 
15 22 500 359.08 
16 3 500 324.24 
19 18 50 394.39 
12 27 100 240.07 
3 2 100 797.96 
9 14 500 691.59 
14 2 100 604.81 
17 7 50 333.09 
21 26 50 527.65 
20 4 1000 551.48 
23 5 500 387.11 
20 19 50 601.03 
14 29 50 358.97 
7 16 100 236.01 
28 22 500 344.13 
18 22 100 334.59 
3 23 500 917.88 
13 4 500 283.01 
24 29 100 478.54 
23 11 500 909.33 
1 22 100 453.41 
16 27 100 328.79 
28 21 100 309.55 
23 12 500 323.51 
13 8 1000 317.82 
13 22 1000 192.17 
8 9 500 633.92 
23 15 50 645.42 
8 26 50 521.73 
1 26 1000 269.43 
20 7 500 407.27 
16 1 100 381.59 
27 15 500 277.4 
4 3 100 464.95 
4 26 500 563.99 
21 11 500 363.75 
12 29 50 442.73 
3 7 100 616.66 
11 13 100 564.5 
3 17 50 213.51 
18 26 50 453.06 
8 7 1000 442.74 
3 5 100 417.6 
10 6 100 306.96 
3 22 100 622.12 
15 12 500 354.56 
17 24 100 562.89 
29 7 500 339.42 
8 16 500 335.66 
29 15 500 516.48 
26 27 50 440.04 
13 12 100 627.27 
19 24 500 300.41 
2 27 100 369.92 
26 14 500 555.78 
22 11 50 544.37 
9 1 1000 374.78 
2 7 100 266.77 
10 13 1000 631.16 
24 22 100 494.2 
12 21 50 711.62 
26 23 50 470.2 
24 13 1000 625.02 
3 26 50 351.06 
4 12 1000 512.34 
24 2 50 360.67 
24 23 500 175.43 
5 15 50 479.79 
23 24 1000 175.43 
15 24 100 207.98 
15 23 100 645.42 
27 1 100 317.87 
18 29 1000 461.35 
3 9 50 323.94 
10 14 50 457.3 
9 4 100 700.55 
3 6 100 426.08 
9 20 50 666.4 
9 21 50 637.24 
12 24 100 626.62 
15 19 500 260.91 
19 29 100 374.41 
16 7 500 236.01 
16 14 50 375.02 
8 23 500 365.84 
13 1 100 386.68 
26 15 500 443.18 
23 28 1000 627.85 
26 4 500 563.99 
27 13 500 352.56 
14 9 100 691.59 
11 7 100 604.37 
3 24 50 246.7 
23 10 50 245.86 
9 28 100 627.85 
1 13 1000 386.68 
7 20 500 407.27 
2 18 1000 512.15 
20 28 100 354.79 
15 3 500 797.96 
27 11 50 661.83 
15 9 50 349.12 
20 26 1000 422.69 
17 2 500 449.99 
24 10 100 660.17 
17 19 500 399.18 
20 5 500 491.13 
3 27 100 689 
6 23 1000 321.29 
4 1 1000 638.64 
11 12 500 509.52 
27 20 500 534.31 
16 9 500 305.24 
24 5 100 598.23 
7 3 1000 616.66 
9 15 500 349.12 
15 27 1000 277.4 
29 21 500 382.67 
6 28 1000 605.61 
26 19 500 409.24 
5 8 100 608.07 
26 2 500 405.85 
14 28 50 403.1 
21 23 100 387.11 
20 3 500 616.13 
14 3 1000 528.01 
28 1 50 392.85 
