30 174 255 
12 19 5000 10 1 342.29 
3 16 50000 1 1 650.15 
19 27 5000 10 1 503.67 
16 24 50000 1 1 827.9 
17 22 5000 10 1 900.46 
16 27 5000 10 1 457 
4 22 10000 5 1 658.78 
9 23 20000 2.5 1 204.29 
0 8 20000 2.5 1 781.61 
0 3 50000 1 1 661.08 
16 28 20000 2.5 1 296.94 
4 9 10000 5 1 258.64 
1 22 5000 10 1 84.38 
1 23 10000 5 1 775.74 
15 29 10000 5 1 448.6 
25 26 5000 10 1 268.67 
2 16 10000 5 1 220.83 
1 9 50000 1 1 925.66 
9 17 20000 2.5 1 18.66 
11 18 10000 5 1 818.3 
5 17 10000 5 1 600.77 
0 13 5000 10 1 445.95 
22 24 10000 5 1 184.3 
3 11 20000 2.5 1 588.58 
9 16 20000 2.5 1 35.17 
23 26 5000 10 1 85.3 
15 28 5000 10 1 409.51 
6 11 5000 10 1 689.44 
19 28 50000 1 1 740.09 
7 13 5000 10 1 696.46 
4 11 50000 1 1 367.5 
7 16 10000 5 1 875.15 
6 12 20000 2.5 1 540.17 
1 14 20000 2.5 1 705.53 
12 17 10000 5 1 861.88 
6 29 50000 1 1 402.7 
4 27 10000 5 1 455.08 
1 2 20000 2.5 1 742.25 
12 16 10000 5 1 813.86 
13 20 5000 10 1 717.69 
7 27 10000 5 1 662.47 
6 16 50000 1 1 605.85 
1 28 50000 1 1 746.3 
20 26 5000 10 1 582.57 
1 20 20000 2.5 1 580.45 
11 28 50000 1 1 236.29 
15 23 10000 5 1 399.65 
16 21 10000 5 1 758.24 
11 17 50000 1 1 135.82 
0 20 10000 5 1 458.21 
2 12 20000 2.5 1 772.79 
3 13 20000 2.5 1 222.82 
10 12 50000 1 1 614.25 
2 21 20000 2.5 1 687.07 
15 24 50000 1 1 475.51 
3 21 50000 1 1 251 
4 21 20000 2.5 1 960.85 
5 11 50000 1 1 733.15 
13 24 50000 1 1 715.28 
21 29 10000 5 1 269.52 
0 7 20000 2.5 1 836.84 
6 10 50000 1 1 495.85 
19 22 10000 5 1 103.87 
2 4 5000 10 1 362.59 
9 29 20000 2.5 1 789.24 
8 29 5000 10 1 89.33 
8 14 5000 10 1 526.3 
15 19 10000 5 1 620.14 
18 19 10000 5 1 119.54 
12 23 20000 2.5 1 693.57 
23 29 10000 5 1 810.29 
4 17 5000 10 1 248.39 
9 12 10000 5 1 845.21 
19 24 50000 1 1 235.41 
2 17 20000 2.5 1 195.69 
14 27 20000 2.5 1 451.69 
8 28 20000 2.5 1 483.76 
17 20 5000 10 1 372.06 
18 29 50000 1 1 383.38 
0 16 5000 10 1 79.26 
9 22 5000 10 1 916.09 
27 29 5000 10 1 326.78 
12 28 20000 2.5 1 533.74 
1 12 10000 5 1 223.53 
15 17 50000 1 1 584.4 
0 29 10000 5 1 794.86 
14 16 50000 1 1 312.58 
19 12 5000 10 1 342.29 
16 3 50000 1 1 650.15 
27 19 5000 10 1 503.67 
24 16 50000 1 1 827.9 
22 17 5000 10 1 900.46 
27 16 5000 10 1 457 
22 4 10000 5 1 658.78 
23 9 20000 2.5 1 204.29 
8 0 20000 2.5 1 781.61 
3 0 50000 1 1 661.08 
28 16 20000 2.5 1 296.94 
9 4 10000 5 1 258.64 
22 1 5000 10 1 84.38 
23 1 10000 5 1 775.74 
29 15 10000 5 1 448.6 
26 25 5000 10 1 268.67 
16 2 10000 5 1 220.83 
9 1 50000 1 1 925.66 
17 9 20000 2.5 1 18.66 
18 11 10000 5 1 818.3 
17 5 10000 5 1 600.77 
13 0 5000 10 1 445.95 
24 22 10000 5 1 184.3 
11 3 20000 2.5 1 588.58 
16 9 20000 2.5 1 35.17 
26 23 5000 10 1 85.3 
28 15 5000 10 1 409.51 
11 6 5000 10 1 689.44 
28 19 50000 1 1 740.09 
13 7 5000 10 1 696.46 
11 4 50000 1 1 367.5 
16 7 10000 5 1 875.15 
12 6 20000 2.5 1 540.17 
14 1 20000 2.5 1 705.53 
17 12 10000 5 1 861.88 
29 6 50000 1 1 402.7 
27 4 10000 5 1 455.08 
2 1 20000 2.5 1 742.25 
16 12 10000 5 1 813.86 
20 13 5000 10 1 717.69 
27 7 10000 5 1 662.47 
16 6 50000 1 1 605.85 
28 1 50000 1 1 746.3 
26 20 5000 10 1 582.57 
20 1 20000 2.5 1 580.45 
28 11 50000 1 1 236.29 
23 15 10000 5 1 399.65 
21 16 10000 5 1 758.24 
17 11 50000 1 1 135.82 
20 0 10000 5 1 458.21 
12 2 20000 2.5 1 772.79 
13 3 20000 2.5 1 222.82 
12 10 50000 1 1 614.25 
21 2 20000 2.5 1 687.07 
24 15 50000 1 1 475.51 
21 3 50000 1 1 251 
21 4 20000 2.5 1 960.85 
11 5 50000 1 1 733.15 
24 13 50000 1 1 715.28 
29 21 10000 5 1 269.52 
7 0 20000 2.5 1 836.84 
10 6 50000 1 1 495.85 
22 19 10000 5 1 103.87 
4 2 5000 10 1 362.59 
29 9 20000 2.5 1 789.24 
29 8 5000 10 1 89.33 
14 8 5000 10 1 526.3 
19 15 10000 5 1 620.14 
19 18 10000 5 1 119.54 
23 12 20000 2.5 1 693.57 
29 23 10000 5 1 810.29 
17 4 5000 10 1 248.39 
12 9 10000 5 1 845.21 
24 19 50000 1 1 235.41 
17 2 20000 2.5 1 195.69 
27 14 20000 2.5 1 451.69 
28 8 20000 2.5 1 483.76 
20 17 5000 10 1 372.06 
29 18 50000 1 1 383.38 
16 0 5000 10 1 79.26 
22 9 5000 10 1 916.09 
29 27 5000 10 1 326.78 
28 12 20000 2.5 1 533.74 
12 1 10000 5 1 223.53 
17 15 50000 1 1 584.4 
29 0 10000 5 1 794.86 
16 14 50000 1 1 312.58 
20 16 50 328.66 
18 16 500 103.8 
4 11 100 391.73 
15 22 50 250.14 
23 9 500 98.71 
18 9 100 89.02 
4 26 500 256.78 
0 20 1000 335.72 
18 2 1000 68.8 
5 17 1000 316.12 
13 24 1000 110.25 
8 11 500 134.61 
0 22 100 139.78 
29 23 500 172.09 
4 2 1000 347.14 
11 19 100 146.99 
21 0 50 283.99 
2 28 100 234.62 
14 0 500 135.68 
6 7 1000 85.37 
12 17 100 79.35 
0 26 1000 277.32 
18 8 1000 238.14 
12 11 500 120.01 
6 15 1000 149.97 
2 6 500 87.27 
11 14 100 167.65 
11 13 100 279.25 
1 21 100 132.41 
19 17 1000 83.79 
6 18 1000 147.28 
4 17 500 381.32 
2 1 1000 51.39 
24 15 1000 141.36 
14 2 500 295.73 
15 20 1000 247.79 
6 19 1000 149.36 
17 18 50 92.34 
4 5 50 422.55 
21 17 50 125.68 
15 12 100 121.15 
14 13 100 213.92 
29 0 50 127.67 
7 8 1000 175.76 
26 5 100 211.58 
5 12 50 85 
4 24 100 116.92 
24 23 1000 138.13 
29 2 1000 88.49 
20 0 50 335.72 
12 22 1000 142.88 
6 23 100 108.43 
24 27 100 146.18 
0 11 100 305.3 
6 16 100 105.13 
9 12 1000 85.73 
17 4 100 381.32 
22 8 1000 257.81 
2 11 100 582.18 
4 13 100 241.68 
1 23 1000 91.03 
21 24 100 192.81 
16 21 50 205.64 
18 26 1000 102.64 
10 5 100 231.92 
16 28 100 152.95 
14 9 500 239.59 
28 26 50 173.22 
10 16 100 190.2 
14 3 100 207.5 
7 16 1000 188.67 
27 29 100 153.37 
27 9 50 196.65 
5 29 100 159.06 
16 6 100 105.13 
15 27 500 154.37 
28 17 1000 266.87 
22 16 50 125.21 
24 4 1000 116.92 
26 14 100 178.46 
20 26 100 236.04 
10 29 100 166.42 
16 5 1000 318.19 
10 23 500 228.39 
21 3 500 137.71 
8 21 100 90.04 
15 6 100 149.97 
16 8 1000 156.36 
0 24 50 94.46 
0 21 50 283.99 
29 4 500 104.51 
18 13 100 79.04 
18 29 1000 164.55 
24 28 500 251.57 
12 1 50 95.19 
28 20 100 214.1 
22 29 1000 253.38 
10 15 500 237.62 
29 18 1000 164.55 
16 23 50 268.09 
0 6 100 121.54 
22 12 500 142.88 
2 20 100 298.55 
12 29 50 154.98 
17 11 100 163.75 
13 27 100 179.19 
0 27 50 252.53 
12 21 100 126.09 
29 11 500 140.85 
9 5 1000 368.25 
7 3 50 305.57 
1 19 50 171.02 
7 10 1000 128.63 
17 7 1000 208.81 
17 24 100 64.4 
10 18 500 226.78 
12 5 100 85 
5 18 500 90.34 
3 10 100 123.89 
24 5 500 61.03 
27 22 1000 145.29 
26 24 500 129.53 
24 6 500 221.42 
20 8 1000 162.82 
12 19 100 137.18 
19 22 500 167.99 
13 11 100 279.25 
1 26 1000 92.73 
26 18 500 102.64 
10 7 100 128.63 
13 2 100 268.9 
9 11 100 345.37 
9 16 100 266.28 
24 20 100 154.98 
23 21 1000 249.54 
13 14 100 213.92 
4 22 50 81.26 
14 11 1000 167.65 
17 14 500 277.59 
19 27 50 96.78 
23 15 50 120.05 
6 20 100 103.71 
28 18 1000 187.06 
9 1 500 99.81 
3 11 100 128.8 
24 18 50 163.46 
7 20 500 252.53 
15 17 50 168.95 
11 7 500 150.94 
22 27 1000 145.29 
21 5 100 149.66 
15 2 1000 197.22 
29 7 500 174.62 
10 14 100 180.78 
1 17 500 99.81 
5 7 50 186.86 
1 12 50 95.19 
29 27 500 153.37 
19 12 1000 137.18 
23 5 100 281.03 
11 0 1000 305.3 
19 4 500 73.58 
29 19 500 186.39 
0 23 500 294.47 
27 23 50 216.97 
23 29 500 172.09 
24 13 100 110.25 
16 22 100 125.21 
15 10 50 237.62 
17 15 100 168.95 
2 14 100 295.73 
13 26 1000 135.72 
21 23 500 249.54 
2 10 100 120.95 
18 22 500 179.48 
6 8 50 200.73 
3 15 1000 257.32 
23 0 50 294.47 
17 5 50 316.12 
28 1 1000 68.32 
12 23 100 123.34 
1 9 1000 99.81 
8 7 100 175.76 
22 20 100 86.72 
29 20 500 99.55 
19 16 500 76.56 
11 29 50 140.85 
29 10 100 166.42 
16 1 1000 133.57 
5 11 100 316.12 
15 11 100 262.98 
19 6 100 149.36 
8 19 50 314.07 
13 19 50 109.57 
7 19 500 49.36 
28 12 500 183.58 
15 14 50 165.05 
3 23 100 173.38 
7 0 500 138.96 
14 17 500 277.59 
24 14 500 96.2 
23 16 500 268.09 
17 2 100 194.53 
20 15 1000 247.79 
23 13 1000 95.82 
5 9 100 368.25 
9 10 100 202.36 
27 24 100 146.18 
6 28 1000 124.4 
7 27 500 302.92 
3 21 500 137.71 
14 18 100 90.34 
10 24 1000 486.61 
10 4 100 37.97 
6 24 500 221.42 
14 12 1000 237.6 
26 1 500 92.73 
15 13 1000 143.48 
14 19 1000 109.57 
4 0 500 543.9 
17 0 100 206.75 
2 22 100 136.43 
23 19 500 121.86 
27 18 500 54.83 
13 1 100 47.87 
6 21 1000 149.66 
0 4 50 543.9 
16 24 500 62.36 
26 28 1000 173.22 
17 23 500 408.45 
20 9 500 335.22 
28 5 50 212.56 
10 3 50 123.89 
27 15 1000 154.37 
1 22 100 37.35 
22 6 100 109.83 
1 13 1000 47.87 
7 5 100 186.86 
29 1 1000 274.05 
23 17 50 408.45 
3 22 500 55.37 
24 29 1000 143.24 
2 9 1000 251.16 
0 10 1000 184.46 
3 20 1000 149.66 
2 7 1000 122.44 
24 2 100 72.33 
26 16 50 255.58 
1 4 1000 94.15 
18 28 500 187.06 
16 7 50 188.67 
11 12 50 120.01 
16 18 100 103.8 
18 1 50 171.49 
6 29 500 137.51 
