25 150 296 
8 19 5000 10 0 573.04 
13 24 5000 10 0 190.25 
20 22 5000 10 0 814.25 
1 24 20000 2.5 0 637.42 
15 23 20000 2.5 0 861.5 
10 24 20000 2.5 0 477.44 
18 23 20000 2.5 0 325.24 
4 13 10000 5 0 426.88 
1 23 50000 1 0 546.48 
11 20 10000 5 0 154.9 
13 18 50000 1 0 341.88 
3 10 50000 1 0 346.75 
7 9 50000 1 0 713.45 
2 7 10000 5 0 641.07 
1 12 50000 1 0 634.73 
3 9 10000 5 0 511.05 
6 19 50000 1 0 803.16 
3 7 50000 1 0 661.11 
7 22 5000 10 0 859.64 
12 18 20000 2.5 0 168.64 
2 3 10000 5 0 221.71 
5 7 20000 2.5 0 89.02 
4 21 10000 5 0 347.16 
5 16 10000 5 0 282.58 
5 12 20000 2.5 0 145.64 
21 23 10000 5 0 480.61 
7 15 20000 2.5 0 628.86 
9 20 10000 5 0 683.19 
15 21 50000 1 0 394.24 
15 16 20000 2.5 0 542.86 
10 15 50000 1 0 321.88 
1 3 20000 2.5 0 338.51 
1 13 10000 5 0 787.75 
1 2 50000 1 0 126.27 
14 19 50000 1 0 602.16 
2 24 5000 10 0 609.91 
4 6 20000 2.5 0 203.65 
4 14 20000 2.5 0 50 
12 13 5000 10 0 226.62 
9 14 20000 2.5 0 823.58 
17 21 50000 1 0 515.37 
2 4 10000 5 0 505.01 
0 21 50000 1 0 338.08 
10 20 10000 5 0 464.49 
2 10 10000 5 0 230.2 
3 23 5000 10 0 885.77 
8 20 20000 2.5 0 845.53 
9 17 20000 2.5 0 693.72 
8 14 10000 5 0 773.86 
6 17 5000 10 0 359.34 
5 15 5000 10 0 652.58 
7 17 20000 2.5 0 40.72 
14 20 10000 5 0 152.02 
11 22 50000 1 0 781.6 
1 6 5000 10 0 265.64 
11 15 10000 5 0 598.04 
0 5 5000 10 0 414.23 
15 24 5000 10 0 434.17 
12 23 20000 2.5 0 274.52 
1 14 20000 2.5 0 445.38 
3 19 5000 10 0 333.49 
13 22 10000 5 0 600.8 
10 22 20000 2.5 0 732.48 
7 23 10000 5 0 313.85 
9 18 50000 1 0 793.49 
6 11 5000 10 0 448.14 
13 16 5000 10 0 635.84 
2 15 5000 10 0 224.93 
2 9 50000 1 0 638.12 
0 6 20000 2.5 0 409.38 
1 7 20000 2.5 0 554.92 
6 8 20000 2.5 0 528.93 
19 20 10000 5 0 593.53 
12 16 50000 1 0 419.57 
9 11 10000 5 0 646.76 
19 8 5000 10 0 573.04 
24 13 5000 10 0 190.25 
22 20 5000 10 0 814.25 
24 1 20000 2.5 0 637.42 
23 15 20000 2.5 0 861.5 
24 10 20000 2.5 0 477.44 
23 18 20000 2.5 0 325.24 
13 4 10000 5 0 426.88 
23 1 50000 1 0 546.48 
20 11 10000 5 0 154.9 
18 13 50000 1 0 341.88 
10 3 50000 1 0 346.75 
9 7 50000 1 0 713.45 
7 2 10000 5 0 641.07 
12 1 50000 1 0 634.73 
9 3 10000 5 0 511.05 
19 6 50000 1 0 803.16 
7 3 50000 1 0 661.11 
22 7 5000 10 0 859.64 
18 12 20000 2.5 0 168.64 
3 2 10000 5 0 221.71 
7 5 20000 2.5 0 89.02 
21 4 10000 5 0 347.16 
16 5 10000 5 0 282.58 
12 5 20000 2.5 0 145.64 
23 21 10000 5 0 480.61 
15 7 20000 2.5 0 628.86 
20 9 10000 5 0 683.19 
21 15 50000 1 0 394.24 
16 15 20000 2.5 0 542.86 
15 10 50000 1 0 321.88 
3 1 20000 2.5 0 338.51 
13 1 10000 5 0 787.75 
2 1 50000 1 0 126.27 
19 14 50000 1 0 602.16 
24 2 5000 10 0 609.91 
6 4 20000 2.5 0 203.65 
14 4 20000 2.5 0 50 
13 12 5000 10 0 226.62 
14 9 20000 2.5 0 823.58 
21 17 50000 1 0 515.37 
4 2 10000 5 0 505.01 
21 0 50000 1 0 338.08 
20 10 10000 5 0 464.49 
10 2 10000 5 0 230.2 
23 3 5000 10 0 885.77 
20 8 20000 2.5 0 845.53 
17 9 20000 2.5 0 693.72 
14 8 10000 5 0 773.86 
17 6 5000 10 0 359.34 
15 5 5000 10 0 652.58 
17 7 20000 2.5 0 40.72 
20 14 10000 5 0 152.02 
22 11 50000 1 0 781.6 
6 1 5000 10 0 265.64 
15 11 10000 5 0 598.04 
5 0 5000 10 0 414.23 
24 15 5000 10 0 434.17 
23 12 20000 2.5 0 274.52 
14 1 20000 2.5 0 445.38 
19 3 5000 10 0 333.49 
22 13 10000 5 0 600.8 
22 10 20000 2.5 0 732.48 
23 7 10000 5 0 313.85 
18 9 50000 1 0 793.49 
11 6 5000 10 0 448.14 
16 13 5000 10 0 635.84 
15 2 5000 10 0 224.93 
9 2 50000 1 0 638.12 
6 0 20000 2.5 0 409.38 
7 1 20000 2.5 0 554.92 
8 6 20000 2.5 0 528.93 
20 19 10000 5 0 593.53 
16 12 50000 1 0 419.57 
11 9 10000 5 0 646.76 
8 21 50 264.66 
14 6 1000 283.9 
4 16 500 219.75 
18 10 500 162.51 
24 16 500 339.56 
16 14 1000 247.64 
7 2 1000 286.15 
18 8 100 317.51 
3 16 100 243.77 
19 10 500 317 
6 21 1000 356.46 
8 1 500 372.57 
23 3 100 273.31 
9 20 50 280.17 
22 0 1000 332.68 
19 9 50 349.23 
0 23 50 323.75 
22 12 1000 322.09 
23 18 50 263.42 
8 17 100 202.4 
6 24 1000 148.91 
8 5 500 235.45 
4 24 500 323.22 
5 16 1000 285.75 
15 23 500 239.54 
7 22 100 290.56 
9 6 1000 398.26 
19 6 500 433.6 
8 10 500 384.01 
13 21 1000 289.17 
23 12 100 278.18 
23 16 100 372.91 
1 15 1000 249.17 
14 0 500 210.34 
6 20 100 292.29 
22 18 50 336.54 
5 3 100 254.93 
4 11 500 336.17 
17 18 1000 251.31 
1 24 500 388.81 
23 0 100 323.75 
3 10 500 287.92 
24 8 100 192.42 
3 9 500 101.83 
5 11 100 208.61 
4 21 50 235.44 
15 4 50 362.19 
3 17 500 215.4 
22 2 500 221.99 
20 17 1000 158.35 
0 18 500 394.78 
3 12 1000 178.85 
13 14 50 153.78 
15 6 50 342.48 
23 2 50 272.32 
14 3 500 419.71 
11 7 100 194.27 
17 2 1000 299.35 
5 20 50 180.79 
11 2 500 430.27 
19 7 100 254.93 
0 20 500 309.48 
3 18 1000 190.94 
7 21 500 348.47 
21 9 1000 178.27 
23 8 1000 181.76 
10 2 100 423.58 
4 8 100 360.7 
13 18 1000 176.61 
24 17 50 272.28 
9 5 50 173.32 
18 21 50 276.79 
2 8 100 316.61 
11 10 50 133.94 
20 4 100 178.14 
9 1 500 285.13 
19 12 500 205.31 
16 15 50 317.33 
16 8 50 194.92 
13 5 100 394.48 
22 20 100 265.61 
21 2 500 307.88 
0 21 500 336.29 
17 4 500 298.59 
1 3 100 206.68 
7 24 50 271.1 
20 19 50 402.28 
12 19 50 205.31 
14 11 50 328.79 
7 12 500 297.99 
15 1 50 249.17 
19 4 1000 424.13 
16 6 500 264.5 
11 4 50 336.17 
1 14 100 243.54 
22 17 500 296.19 
19 1 100 397.87 
1 0 100 343.57 
7 5 100 300.33 
5 15 50 308.27 
2 0 50 320.3 
9 14 100 359.99 
23 10 1000 218.71 
22 15 500 188.61 
24 3 1000 372.54 
7 20 100 171.47 
7 10 50 224.25 
15 24 50 273.3 
0 2 500 320.3 
22 7 1000 290.56 
11 5 100 208.61 
0 17 50 341.85 
0 11 1000 260.19 
9 8 500 367.97 
15 16 1000 317.33 
1 21 1000 356.76 
9 17 50 290.91 
21 15 500 241.87 
11 18 100 165.47 
17 16 100 259.69 
6 19 50 433.6 
19 24 500 322.58 
17 20 1000 158.35 
12 2 100 243.47 
12 23 1000 278.18 
5 8 100 235.45 
4 9 500 350.47 
10 9 500 285.38 
8 6 1000 583.16 
5 2 50 278.57 
10 6 50 227.93 
4 15 500 362.19 
1 18 50 195.49 
20 0 1000 309.48 
21 6 100 356.46 
6 10 500 227.93 
21 17 1000 346.69 
12 21 500 321.16 
6 23 100 273.39 
5 6 50 316.67 
12 10 500 183.69 
10 13 50 247.94 
1 5 50 310.46 
19 17 500 214.73 
0 24 500 226.87 
1 7 1000 333.1 
4 10 1000 360.55 
9 24 500 326.83 
5 1 50 310.46 
21 10 50 236.01 
16 21 50 342.56 
2 11 500 430.27 
18 0 50 394.78 
20 12 50 216.55 
15 0 500 254.96 
9 15 500 277.26 
20 22 500 265.61 
24 12 50 222.56 
23 17 100 302.45 
24 7 1000 271.1 
2 24 50 405.59 
23 7 1000 360.74 
2 19 50 431.49 
17 21 500 346.69 
20 18 50 169.24 
22 5 500 187.03 
7 15 50 264.06 
11 24 500 163.32 
18 2 100 194.48 
13 6 50 317.51 
5 7 1000 300.33 
19 11 1000 328.62 
10 16 500 263.35 
8 23 1000 181.76 
6 22 50 187.87 
24 0 1000 226.87 
8 15 500 214.56 
13 9 1000 203.97 
8 13 1000 260.88 
5 0 50 318.08 
5 17 50 270.02 
14 18 500 276.72 
8 3 1000 246.48 
5 19 1000 216.7 
5 13 100 394.48 
2 5 1000 278.57 
4 6 100 269.96 
20 21 1000 347.9 
1 2 1000 312.18 
9 18 100 229.26 
22 8 500 351.94 
2 9 1000 275.65 
18 9 500 229.26 
23 1 100 242.17 
23 5 500 334.53 
6 0 500 287.68 
19 13 500 250.4 
7 4 1000 289.17 
9 23 500 340.09 
6 5 100 316.67 
11 15 50 263.72 
13 16 50 384.33 
14 15 100 401.95 
0 8 1000 239 
19 8 50 478.3 
13 2 50 319.22 
6 16 1000 264.5 
16 13 1000 384.33 
12 17 50 361.22 
9 12 1000 187.05 
8 11 50 327.44 
8 14 100 367.67 
23 4 1000 338.52 
10 7 100 224.25 
3 8 50 246.48 
17 10 50 186.8 
14 4 500 176.52 
21 13 1000 289.17 
5 12 100 297.99 
3 21 100 306.32 
6 12 1000 293.21 
11 20 1000 391.74 
18 17 100 251.31 
15 21 1000 241.87 
2 23 100 272.32 
22 1 500 243.47 
13 3 500 230.64 
17 12 50 361.22 
20 13 1000 149.96 
9 2 500 275.65 
20 11 1000 391.74 
0 7 500 367.94 
11 8 50 327.44 
5 9 1000 173.32 
10 23 100 218.71 
8 0 1000 239 
2 18 500 194.48 
21 23 500 329.86 
3 13 500 230.64 
13 12 500 223.35 
16 7 1000 337.19 
20 3 500 383.55 
23 20 100 280.43 
9 19 50 349.23 
18 11 500 165.47 
7 6 1000 300.64 
22 11 50 338.12 
20 6 100 292.29 
15 14 100 401.95 
15 12 50 264.54 
16 17 500 259.69 
24 5 500 239.02 
18 6 100 313.89 
15 17 1000 211.24 
24 23 50 307.95 
7 14 500 288.24 
22 4 1000 301.65 
24 13 1000 159.25 
12 6 100 293.21 
19 23 1000 185.86 
19 3 100 300.26 
13 4 100 177.38 
11 17 1000 203.48 
8 2 100 316.61 
12 7 1000 297.99 
14 23 1000 300.33 
6 17 1000 296.22 
21 3 50 306.32 
22 24 1000 301.15 
9 16 50 162.03 
7 3 100 231.9 
21 14 100 297.14 
8 12 50 257.9 
11 1 500 322.18 
2 7 100 286.15 
10 15 500 309.9 
4 20 50 178.14 
7 23 100 360.74 
14 10 1000 412.3 
0 14 500 210.34 
2 10 500 423.58 
12 4 500 246.51 
12 9 1000 187.05 
11 16 100 198.4 
20 7 100 171.47 
23 21 50 329.86 
14 7 100 288.24 
24 6 1000 148.91 
6 18 1000 313.89 
19 0 50 327.15 
18 16 50 712.06 
1 12 50 239.86 
9 4 1000 350.47 
4 0 1000 277.62 
9 3 500 101.83 
9 22 1000 352.1 
