25 120 519 
7 13 50000 1 1 490.85 
3 10 50000 1 1 503.43 
8 18 50000 1 1 217.13 
10 12 5000 10 1 519.53 
0 6 20000 2.5 1 452.09 
5 15 20000 2.5 1 826.12 
5 11 50000 1 1 338.97 
0 21 5000 10 1 150.52 
8 12 5000 10 1 124.07 
9 13 20000 2.5 1 556.44 
0 23 20000 2.5 1 918.13 
4 22 5000 10 1 896.61 
23 24 5000 10 1 82.48 
10 22 20000 2.5 1 596.33 
16 22 5000 10 1 722.38 
14 22 10000 5 1 528.11 
17 21 5000 10 1 413.72 
3 17 50000 1 1 447.71 
12 15 20000 2.5 1 699.26 
2 16 10000 5 1 798.26 
1 11 5000 10 1 632.22 
2 24 50000 1 1 500.53 
11 17 20000 2.5 1 345.42 
4 9 50000 1 1 340.69 
3 18 5000 10 1 505.73 
17 20 50000 1 1 322.97 
0 3 5000 10 1 173.08 
2 13 20000 2.5 1 726.73 
13 19 5000 10 1 590.79 
10 13 5000 10 1 412.31 
5 6 20000 2.5 1 711.25 
1 5 50000 1 1 775.83 
6 21 50000 1 1 539.2 
15 21 10000 5 1 911.45 
4 17 20000 2.5 1 785.01 
14 18 5000 10 1 657.89 
7 14 20000 2.5 1 299.43 
11 18 10000 5 1 287.55 
0 19 5000 10 1 209.65 
3 16 20000 2.5 1 829.59 
12 17 20000 2.5 1 616.25 
10 17 50000 1 1 782.61 
3 15 10000 5 1 837.12 
4 11 50000 1 1 604.06 
13 22 50000 1 1 414.32 
11 21 5000 10 1 456.75 
1 9 10000 5 1 393.38 
1 2 10000 5 1 507.99 
7 23 50000 1 1 194.09 
9 10 20000 2.5 1 177.58 
13 20 20000 2.5 1 339.55 
14 19 20000 2.5 1 562.12 
2 22 50000 1 1 490.31 
12 22 50000 1 1 374.11 
15 17 5000 10 1 677.12 
0 8 10000 5 1 354.35 
8 16 20000 2.5 1 805.74 
3 19 20000 2.5 1 140.2 
1 17 20000 2.5 1 719.93 
1 22 50000 1 1 901.7 
13 7 50000 1 1 490.85 
10 3 50000 1 1 503.43 
18 8 50000 1 1 217.13 
12 10 5000 10 1 519.53 
6 0 20000 2.5 1 452.09 
15 5 20000 2.5 1 826.12 
11 5 50000 1 1 338.97 
21 0 5000 10 1 150.52 
12 8 5000 10 1 124.07 
13 9 20000 2.5 1 556.44 
23 0 20000 2.5 1 918.13 
22 4 5000 10 1 896.61 
24 23 5000 10 1 82.48 
22 10 20000 2.5 1 596.33 
22 16 5000 10 1 722.38 
22 14 10000 5 1 528.11 
21 17 5000 10 1 413.72 
17 3 50000 1 1 447.71 
15 12 20000 2.5 1 699.26 
16 2 10000 5 1 798.26 
11 1 5000 10 1 632.22 
24 2 50000 1 1 500.53 
17 11 20000 2.5 1 345.42 
9 4 50000 1 1 340.69 
18 3 5000 10 1 505.73 
20 17 50000 1 1 322.97 
3 0 5000 10 1 173.08 
13 2 20000 2.5 1 726.73 
19 13 5000 10 1 590.79 
13 10 5000 10 1 412.31 
6 5 20000 2.5 1 711.25 
5 1 50000 1 1 775.83 
21 6 50000 1 1 539.2 
21 15 10000 5 1 911.45 
17 4 20000 2.5 1 785.01 
18 14 5000 10 1 657.89 
14 7 20000 2.5 1 299.43 
18 11 10000 5 1 287.55 
19 0 5000 10 1 209.65 
16 3 20000 2.5 1 829.59 
17 12 20000 2.5 1 616.25 
17 10 50000 1 1 782.61 
15 3 10000 5 1 837.12 
11 4 50000 1 1 604.06 
22 13 50000 1 1 414.32 
21 11 5000 10 1 456.75 
9 1 10000 5 1 393.38 
2 1 10000 5 1 507.99 
23 7 50000 1 1 194.09 
10 9 20000 2.5 1 177.58 
20 13 20000 2.5 1 339.55 
19 14 20000 2.5 1 562.12 
22 2 50000 1 1 490.31 
22 12 50000 1 1 374.11 
17 15 5000 10 1 677.12 
8 0 10000 5 1 354.35 
16 8 20000 2.5 1 805.74 
19 3 20000 2.5 1 140.2 
17 1 20000 2.5 1 719.93 
22 1 50000 1 1 901.7 
16 1 1000 423.88 
13 15 500 399.52 
10 3 1000 506.47 
21 3 50 587.78 
7 10 1000 536.24 
24 16 500 549.74 
6 5 500 662.25 
24 5 50 359.8 
3 21 1000 587.78 
2 11 1000 387.28 
5 8 500 471.05 
10 13 100 450.91 
20 6 100 729.57 
0 24 500 465.86 
23 6 1000 482.87 
12 23 1000 429.3 
12 0 1000 515.61 
4 24 50 435.81 
3 6 500 579.17 
13 22 1000 603.13 
13 7 500 436.88 
7 17 50 461.3 
16 17 50 417.11 
8 22 500 403.07 
12 11 100 465.49 
16 22 1000 577.73 
23 21 1000 498.48 
24 12 100 374.66 
10 15 50 393.12 
17 1 50 595.52 
16 20 500 475.61 
11 24 100 418.94 
24 1 50 445.38 
13 0 500 565.39 
1 4 50 426.24 
4 19 1000 588.66 
11 21 100 530.43 
10 2 1000 433.21 
3 2 1000 496.11 
7 3 100 567.74 
6 19 1000 424.17 
18 2 100 337.21 
16 9 100 478.8 
15 16 1000 522.24 
10 19 100 418.66 
17 6 100 718.36 
6 15 50 713.43 
9 8 1000 434.96 
21 9 1000 480.28 
2 17 1000 315.34 
13 19 500 594.32 
19 13 50 594.32 
13 21 50 453.4 
12 2 500 442.95 
22 12 50 475.09 
16 21 500 414.08 
0 8 500 642.38 
16 2 50 345.5 
7 13 100 436.88 
24 13 50 590.65 
18 4 500 471.51 
0 15 1000 465.88 
10 8 100 448.06 
14 5 1000 461.08 
11 6 50 822.16 
13 14 50 481.66 
11 2 100 387.28 
11 13 100 474.33 
15 0 500 465.88 
3 24 500 392.51 
15 24 1000 459.84 
9 0 1000 353.17 
17 9 100 656.19 
16 14 50 597.88 
0 11 500 605.5 
24 10 50 646.03 
14 0 1000 506.46 
4 2 50 613.1 
20 4 100 586.48 
23 0 500 487.44 
22 7 100 534.23 
17 5 50 660.59 
1 9 100 536.53 
6 16 500 408.46 
23 16 50 573.2 
1 11 500 507.73 
4 16 50 416.01 
0 3 50 552.09 
1 22 500 630.7 
21 24 100 420.31 
9 13 1000 624.4 
3 4 1000 485.07 
17 11 50 706.97 
17 16 500 417.11 
8 21 50 568.22 
14 12 1000 461.3 
9 4 500 614.66 
4 10 100 535.02 
21 13 50 453.4 
1 2 1000 574.38 
22 17 100 346.84 
1 13 500 426.67 
20 5 50 325.04 
14 8 50 474.62 
12 19 1000 593.19 
3 22 500 618.88 
5 14 1000 461.08 
20 8 500 609.35 
11 22 1000 297.31 
18 11 50 581.21 
21 2 50 328.07 
5 0 500 505.9 
24 14 500 518.64 
7 6 500 550.04 
6 20 500 729.57 
17 10 1000 551 
7 12 50 523.09 
19 2 500 414.43 
19 5 100 754.82 
9 20 1000 620.73 
16 19 50 518.4 
17 3 1000 695.43 
1 8 1000 541.59 
4 0 500 586.92 
12 18 1000 436.38 
7 4 1000 439.86 
12 17 100 594.32 
15 7 1000 406.07 
19 14 500 626.16 
17 14 100 539.62 
4 18 50 471.51 
11 0 100 605.5 
16 11 1000 565.02 
23 15 50 490.34 
15 13 1000 399.52 
19 6 100 424.17 
0 4 1000 586.92 
15 22 50 327.63 
19 0 500 558.46 
15 12 500 629.15 
2 3 50 496.11 
13 9 500 624.4 
18 3 100 742.05 
3 9 500 478.77 
18 7 1000 547.5 
23 4 500 411.09 
18 1 1000 528.8 
5 3 100 627.28 
11 20 500 459.23 
16 5 100 460.03 
12 24 500 374.66 
4 20 100 586.48 
11 19 100 830.28 
1 19 100 522.83 
24 18 50 543.43 
6 13 500 534.52 
8 12 50 521.17 
19 20 100 548.66 
24 11 1000 418.94 
11 14 500 534.74 
15 14 50 474.46 
2 18 50 337.21 
1 14 50 439.01 
11 7 1000 335.37 
18 21 500 608.87 
16 3 50 519.71 
22 1 100 630.7 
17 0 1000 599.67 
1 5 100 381.09 
19 12 100 593.19 
10 9 50 376.99 
7 11 50 335.37 
0 9 50 353.17 
22 8 50 403.07 
15 6 50 713.43 
0 23 500 487.44 
15 21 100 617.64 
23 5 500 382.64 
14 1 500 439.01 
2 14 500 503.25 
17 23 500 472.86 
11 10 1000 574.93 
3 17 1000 695.43 
20 9 50 620.73 
4 1 1000 426.24 
7 19 500 496.98 
23 17 1000 472.86 
20 10 500 628.02 
6 14 50 530 
21 12 100 567.04 
12 15 100 629.15 
15 11 500 663.12 
22 15 1000 327.63 
5 9 100 615.14 
14 21 100 519.53 
4 11 1000 541.43 
12 20 500 610.09 
8 1 100 541.59 
18 22 50 416.27 
5 21 1000 613.02 
13 23 50 482.51 
2 20 1000 335.12 
13 12 500 506.46 
22 2 50 702.41 
7 1 1000 532.14 
10 1 1000 477.19 
3 13 500 523.87 
20 11 100 459.23 
13 16 500 503.98 
9 17 1000 656.19 
21 19 50 606.75 
0 12 500 515.61 
0 19 50 558.46 
5 15 100 473.45 
8 16 50 469.72 
2 22 500 702.41 
14 19 500 626.16 
2 5 1000 339.71 
1 7 100 532.14 
20 22 100 447.35 
0 17 500 599.67 
3 23 100 407.78 
9 12 50 560.49 
18 24 50 543.43 
6 10 50 400.19 
17 24 100 459.5 
4 22 100 521.26 
5 20 50 325.04 
2 6 500 260.9 
23 9 1000 513.68 
22 4 100 521.26 
22 16 50 577.73 
9 1 50 536.53 
10 4 50 535.02 
23 8 100 525.92 
0 2 500 314.41 
19 1 1000 522.83 
8 10 1000 448.06 
8 23 100 525.92 
19 16 100 518.4 
21 17 50 533.8 
4 8 1000 511.25 
17 21 100 533.8 
21 23 50 498.48 
6 0 500 762.03 
8 18 500 640.21 
7 21 100 509.8 
16 13 500 503.98 
11 12 1000 465.49 
2 16 1000 345.5 
22 0 500 462.79 
0 5 500 505.9 
6 18 1000 772.33 
0 16 50 482.87 
21 18 50 608.87 
11 23 100 381.22 
10 23 1000 665.1 
14 11 100 534.74 
7 23 50 499.29 
14 9 1000 631.4 
0 10 1000 452.6 
14 2 1000 503.25 
7 22 500 534.23 
20 7 50 463.82 
5 4 1000 422.16 
15 19 50 643.91 
9 7 100 435.78 
1 23 100 466.74 
15 1 50 457.09 
18 14 500 373.55 
23 19 50 399.46 
14 22 1000 479.78 
14 13 100 481.66 
11 15 1000 663.12 
14 23 500 462.58 
16 6 1000 408.46 
14 20 50 444.41 
0 22 1000 462.79 
11 18 100 581.21 
5 18 50 565.65 
3 1 500 412.69 
17 7 100 461.3 
0 18 500 597.13 
2 12 50 442.95 
12 16 50 472.54 
15 9 100 437.55 
6 2 1000 260.9 
11 1 500 507.73 
5 6 50 662.25 
7 0 500 588.95 
9 10 50 376.99 
15 8 500 673.48 
0 21 1000 722.66 
13 8 500 525.05 
2 4 500 613.1 
14 15 100 474.46 
22 14 500 479.78 
0 7 100 588.95 
10 12 50 416.89 
24 22 50 539.99 
8 4 500 511.25 
2 7 50 534.03 
8 3 500 630.97 
11 9 50 614.7 
23 18 1000 603.05 
22 11 50 297.31 
12 14 50 461.3 
7 15 100 406.07 
12 9 100 560.49 
17 19 1000 632.22 
0 20 50 552.24 
17 22 1000 346.84 
15 17 500 668.17 
17 18 500 606.67 
1 20 100 598.5 
9 5 100 615.14 
18 16 500 504.74 
19 22 100 455.96 
17 8 100 631.02 
22 6 100 372.46 
9 21 1000 480.28 
9 2 100 613.53 
12 7 100 523.09 
2 0 50 314.41 
21 14 50 519.53 
1 0 100 487.91 
7 9 100 435.78 
6 21 100 700.97 
22 9 100 507.05 
14 4 500 449.1 
17 13 1000 468.94 
4 9 50 614.66 
6 1 50 408.87 
23 22 100 519.71 
5 22 50 434.99 
12 13 100 506.46 
2 19 100 414.43 
10 21 1000 446.49 
8 6 50 517.33 
5 16 1000 460.03 
1 3 50 412.69 
10 7 1000 536.24 
21 22 100 470.89 
21 4 500 532.71 
1 16 500 423.88 
15 23 100 490.34 
14 16 500 597.88 
22 21 100 470.89 
3 14 1000 582.37 
4 17 50 577.74 
19 4 500 588.66 
3 8 50 630.97 
14 10 500 553.58 
21 20 50 457.82 
23 2 100 445.53 
13 1 50 426.67 
23 20 50 466.42 
3 0 1000 552.09 
19 21 500 606.75 
1 6 100 408.87 
22 20 100 447.35 
11 4 100 541.43 
23 14 50 462.58 
20 21 100 457.82 
18 23 100 603.05 
8 17 50 631.02 
17 2 500 315.34 
15 2 50 291.4 
8 13 50 525.05 
19 11 50 830.28 
10 5 50 478.85 
5 11 1000 581.39 
17 4 100 577.74 
4 15 1000 403.45 
21 11 50 530.43 
7 16 100 572.24 
16 10 50 546.6 
9 3 50 478.77 
22 10 500 582.37 
19 23 50 399.46 
20 23 1000 466.42 
17 15 1000 668.17 
8 2 500 354.73 
8 9 1000 434.96 
14 17 100 539.62 
13 5 500 354.88 
1 10 500 477.19 
12 10 100 416.89 
7 20 1000 463.82 
12 6 100 548.52 
6 7 500 550.04 
18 6 500 772.33 
13 10 100 450.91 
9 6 500 322.69 
21 1 500 507.98 
9 16 100 478.8 
5 17 500 660.59 
23 12 500 429.3 
16 18 50 504.74 
0 1 100 487.91 
8 14 500 474.62 
8 19 500 650.35 
10 0 1000 452.6 
4 7 100 439.86 
2 13 100 705.27 
15 4 100 403.45 
6 17 50 718.36 
9 14 50 631.4 
13 11 1000 474.33 
4 6 50 484.89 
8 15 1000 673.48 
5 13 1000 354.88 
4 23 1000 411.09 
11 16 1000 565.02 
7 8 100 556.01 
5 1 500 381.09 
2 15 50 291.4 
14 6 50 530 
23 1 1000 466.74 
16 0 1000 482.87 
16 12 500 472.54 
4 5 500 422.16 
12 22 1000 475.09 
23 3 50 407.78 
5 12 500 441.05 
3 7 500 567.74 
9 15 100 437.55 
9 23 100 513.68 
2 23 100 445.53 
12 5 1000 441.05 
9 11 100 614.7 
11 17 1000 706.97 
11 5 500 581.39 
7 5 500 258.54 
4 12 1000 516.95 
16 7 100 572.24 
20 2 50 335.12 
3 20 500 626.48 
11 3 50 487.11 
13 4 100 338.24 
6 3 100 579.17 
6 8 50 517.33 
3 16 50 519.71 
18 20 100 538.63 
20 3 500 626.48 
22 5 100 434.99 
13 2 500 705.27 
10 11 50 574.93 
15 20 50 456.94 
18 0 50 597.13 
22 13 1000 603.13 
4 3 100 485.07 
9 19 1000 289.61 
20 15 50 456.94 
20 1 500 598.5 
16 4 1000 416.01 
21 16 1000 414.08 
1 15 50 457.09 
20 12 1000 610.09 
3 5 1000 627.28 
17 12 1000 594.32 
6 11 100 822.16 
1 12 500 474.6 
10 17 50 551 
12 8 100 521.17 
13 17 50 468.94 
9 22 50 507.05 
22 18 100 416.27 
2 1 500 574.38 
19 9 50 289.61 
16 15 100 522.24 
21 7 50 509.8 
5 7 1000 258.54 
5 19 500 754.82 
15 3 500 525.61 
12 1 1000 474.6 
3 12 50 519.39 
6 12 50 548.52 
7 2 500 534.03 
21 0 1000 722.66 
20 16 1000 475.61 
21 10 500 446.49 
21 5 100 613.02 
1 17 50 595.52 
22 23 100 519.71 
18 5 50 565.65 
4 14 500 449.1 
12 4 50 516.95 
3 11 500 487.11 
3 10 100 506.47 
19 10 500 418.66 
6 9 1000 322.69 
23 11 500 381.22 
15 5 500 473.45 
23 13 100 482.51 
22 19 1000 455.96 
2 10 100 433.21 
10 20 100 628.02 
6 22 100 372.46 
10 16 1000 546.6 
3 15 1000 525.61 
15 10 500 393.12 
13 3 1000 523.87 
14 18 100 373.55 
12 3 100 519.39 
19 17 1000 632.22 
22 3 100 618.88 
20 0 500 552.24 
5 2 1000 339.71 
10 22 1000 582.37 
2 9 1000 613.53 
5 10 100 478.85 
0 13 1000 565.39 
6 4 100 484.89 
20 19 500 548.66 
19 15 50 643.91 
20 14 500 444.41 
10 14 100 553.58 
4 13 1000 338.24 
