25 90 317 
13 23 10000 5 0 294.05 
7 23 10000 5 0 436.69 
8 13 20000 2.5 0 239.54 
3 11 50000 1 0 817.35 
8 11 5000 10 0 471.79 
9 16 20000 2.5 0 206.24 
21 22 50000 1 0 651.25 
10 23 20000 2.5 0 531.52 
6 10 10000 5 0 321.76 
5 8 5000 10 0 369.83 
2 23 50000 1 0 378.12 
2 20 20000 2.5 0 423 
0 4 50000 1 0 916.53 
4 17 5000 10 0 435.95 
12 16 10000 5 0 896.13 
20 24 5000 10 0 708.78 
4 16 50000 1 0 680.07 
14 17 5000 10 0 702.78 
3 8 10000 5 0 623.66 
13 20 10000 5 0 259.93 
5 22 50000 1 0 754.99 
6 22 5000 10 0 514.7 
22 23 10000 5 0 537.34 
14 24 50000 1 0 282.69 
7 11 50000 1 0 505.23 
1 19 5000 10 0 140.59 
12 14 5000 10 0 600.52 
1 21 10000 5 0 710.82 
7 10 50000 1 0 178.39 
6 15 5000 10 0 639.76 
16 18 20000 2.5 0 742.31 
23 24 10000 5 0 679.11 
16 24 20000 2.5 0 483.16 
11 12 20000 2.5 0 593.55 
5 16 10000 5 0 830.7 
6 18 50000 1 0 744.48 
7 14 5000 10 0 314.8 
12 19 5000 10 0 978.67 
11 16 10000 5 0 427.1 
3 17 50000 1 0 303.78 
0 12 10000 5 0 818.32 
2 21 50000 1 0 562.65 
12 22 20000 2.5 0 715.29 
8 20 20000 2.5 0 166.3 
9 12 20000 2.5 0 850.4 
23 13 10000 5 0 294.05 
23 7 10000 5 0 436.69 
13 8 20000 2.5 0 239.54 
11 3 50000 1 0 817.35 
11 8 5000 10 0 471.79 
16 9 20000 2.5 0 206.24 
22 21 50000 1 0 651.25 
23 10 20000 2.5 0 531.52 
10 6 10000 5 0 321.76 
8 5 5000 10 0 369.83 
23 2 50000 1 0 378.12 
20 2 20000 2.5 0 423 
4 0 50000 1 0 916.53 
17 4 5000 10 0 435.95 
16 12 10000 5 0 896.13 
24 20 5000 10 0 708.78 
16 4 50000 1 0 680.07 
17 14 5000 10 0 702.78 
8 3 10000 5 0 623.66 
20 13 10000 5 0 259.93 
22 5 50000 1 0 754.99 
22 6 5000 10 0 514.7 
23 22 10000 5 0 537.34 
24 14 50000 1 0 282.69 
11 7 50000 1 0 505.23 
19 1 5000 10 0 140.59 
14 12 5000 10 0 600.52 
21 1 10000 5 0 710.82 
10 7 50000 1 0 178.39 
15 6 5000 10 0 639.76 
18 16 20000 2.5 0 742.31 
24 23 10000 5 0 679.11 
24 16 20000 2.5 0 483.16 
12 11 20000 2.5 0 593.55 
16 5 10000 5 0 830.7 
18 6 50000 1 0 744.48 
14 7 5000 10 0 314.8 
19 12 5000 10 0 978.67 
16 11 10000 5 0 427.1 
17 3 50000 1 0 303.78 
12 0 10000 5 0 818.32 
21 2 50000 1 0 562.65 
22 12 20000 2.5 0 715.29 
20 8 20000 2.5 0 166.3 
12 9 20000 2.5 0 850.4 
20 5 1000 388.91 
4 5 100 252.84 
1 18 100 314.81 
11 17 100 157.71 
9 11 50 418.53 
10 24 50 404.47 
11 14 1000 292.8 
9 18 500 271.51 
13 22 500 397.93 
0 7 1000 332.06 
14 13 50 256.76 
5 8 100 285.06 
18 23 50 388.91 
3 11 500 493.78 
3 12 1000 192.14 
11 7 50 373 
14 21 500 442.92 
2 16 100 437.05 
11 2 1000 310.68 
10 13 50 622.42 
13 10 50 622.42 
1 3 1000 336.35 
5 2 50 333.17 
17 6 1000 230.28 
12 8 500 219.81 
16 8 1000 319.06 
19 4 50 287.76 
4 7 500 230.28 
19 7 1000 272.84 
12 20 100 181.61 
5 17 1000 229.2 
8 1 500 276.27 
24 17 50 355.07 
24 13 1000 518.31 
9 10 500 322.15 
14 11 100 292.8 
20 17 1000 295.82 
7 23 500 512.27 
22 7 1000 448.4 
22 14 100 219.2 
3 4 50 182.64 
18 17 1000 234.35 
17 19 500 254.58 
5 10 500 514.12 
22 20 1000 286.39 
20 18 100 277.36 
1 10 50 305.54 
18 2 50 258.04 
24 20 1000 556.17 
3 17 1000 299.71 
18 13 1000 441.16 
11 19 1000 420.57 
3 22 500 232.4 
9 2 1000 278.57 
7 4 1000 230.28 
22 6 50 470.07 
20 14 50 402.41 
17 2 100 260.07 
4 12 100 542.66 
14 5 1000 264.48 
5 23 50 349.97 
19 17 50 254.58 
21 10 500 533.82 
11 8 500 455.86 
17 10 1000 478.79 
7 9 1000 342.14 
7 18 1000 298.63 
20 21 1000 281.9 
2 9 500 278.57 
0 11 500 235.34 
24 22 500 342.28 
10 19 50 299.65 
7 16 50 334.17 
1 2 1000 289.17 
23 9 500 333.17 
14 2 50 253.47 
14 22 1000 219.2 
13 20 1000 492.78 
7 0 100 332.06 
5 11 50 217.72 
16 24 1000 485.26 
1 20 50 466.65 
0 2 50 360.53 
2 22 50 405.66 
22 11 100 418.4 
6 24 500 366.1 
12 9 50 324.08 
12 10 50 433.83 
22 0 100 227.25 
10 11 1000 323.41 
1 9 50 303.85 
5 4 500 252.84 
0 6 500 178.83 
5 12 100 334.45 
4 11 1000 658.22 
0 3 100 234.76 
22 10 1000 470.07 
12 13 100 292.25 
9 12 50 324.08 
21 20 500 281.9 
12 21 50 241.8 
19 13 100 279.96 
0 18 1000 327.99 
4 6 50 173.35 
7 19 500 272.84 
19 14 50 383.31 
4 18 100 218 
22 3 1000 232.4 
10 14 1000 347 
9 6 1000 258.14 
19 6 50 309.69 
7 6 100 378.6 
12 3 50 192.14 
10 21 50 533.82 
19 0 100 320.77 
9 21 500 279.49 
16 11 1000 433.83 
16 2 50 437.05 
10 20 1000 355.07 
11 12 500 256.55 
21 9 500 279.49 
9 3 500 320.7 
12 5 500 334.45 
14 16 500 283.24 
6 16 100 233.88 
24 1 1000 236.03 
23 22 50 287.77 
14 8 100 629.84 
10 9 50 322.15 
6 14 100 479.24 
19 3 50 202.55 
24 2 500 469.29 
20 11 50 529.31 
9 23 100 333.17 
5 16 50 179.25 
11 21 1000 433.83 
16 21 100 290.88 
8 19 50 286.07 
8 2 100 346.91 
14 1 1000 415.8 
22 12 100 397.3 
3 0 500 234.76 
9 7 1000 342.14 
6 10 50 416.66 
12 23 50 307.53 
19 5 1000 421.74 
1 14 100 415.8 
13 12 1000 292.25 
4 8 100 307.19 
21 8 100 310.9 
7 22 50 448.4 
16 4 1000 439.89 
16 12 50 324.08 
0 16 1000 396.26 
2 11 50 310.68 
23 11 500 273.22 
11 4 500 658.22 
2 8 50 346.91 
11 5 100 217.72 
20 7 500 322.38 
23 10 50 418.53 
21 14 100 442.92 
18 10 50 322.15 
10 0 50 279.82 
5 9 1000 223.07 
11 6 50 445.9 
23 18 50 388.91 
12 6 100 197.4 
13 18 50 441.16 
8 10 100 250.54 
7 14 100 307.7 
8 20 50 485.17 
21 4 50 111.53 
5 21 1000 273.22 
0 9 100 248.41 
12 22 1000 397.3 
8 14 50 629.84 
0 14 50 390.5 
12 16 50 324.08 
1 0 100 181.04 
22 5 50 239.14 
2 12 50 446.4 
2 23 50 615.92 
23 20 500 544.45 
7 3 1000 241.03 
13 19 100 279.96 
22 19 100 368.19 
20 10 500 355.07 
18 11 500 270.25 
0 10 50 279.82 
2 1 50 289.17 
16 6 100 233.88 
23 3 500 520.74 
3 21 50 273.22 
16 10 100 300.34 
11 20 1000 529.31 
0 20 100 183.79 
22 9 500 405.46 
21 23 100 399.81 
6 2 500 538.05 
7 2 100 510.76 
3 16 500 344.2 
22 16 500 405.46 
20 4 100 301.78 
9 24 50 432.21 
16 20 50 204.19 
8 21 1000 310.9 
13 24 500 518.31 
0 23 1000 210.31 
13 21 100 461.27 
13 11 50 356.19 
12 7 1000 484.34 
5 0 100 305.24 
12 4 500 542.66 
21 24 100 434.9 
23 12 100 307.53 
23 2 100 615.92 
4 22 50 266.37 
5 24 1000 355.07 
6 11 50 445.9 
24 8 500 580.31 
6 4 1000 173.35 
12 18 100 238.34 
22 4 50 266.37 
2 13 50 298.44 
24 12 50 286.44 
16 7 50 334.17 
9 0 100 248.41 
8 12 100 219.81 
11 23 100 273.22 
16 0 500 396.26 
13 17 500 418.15 
24 10 100 404.47 
8 18 100 315.6 
0 22 500 227.25 
18 4 50 218 
16 22 500 405.46 
18 20 50 277.36 
20 8 100 485.17 
13 0 50 304.54 
10 22 100 470.07 
3 20 50 133.41 
12 2 1000 446.4 
2 7 50 510.76 
11 13 500 356.19 
17 4 50 435.37 
18 0 50 327.99 
23 19 100 557.17 
23 16 500 406.97 
2 6 500 538.05 
13 8 100 321.77 
24 4 50 215.57 
13 16 1000 425.23 
13 2 50 298.44 
8 5 100 285.06 
23 0 50 210.31 
7 24 50 473.13 
0 5 50 305.24 
21 0 500 237.06 
6 17 50 230.28 
22 18 50 336.08 
23 14 50 395.99 
18 19 50 382.89 
7 20 100 322.38 
10 5 100 514.12 
11 18 50 270.25 
0 24 500 394.83 
4 10 50 216.87 
14 18 50 382.82 
10 8 100 250.54 
3 24 100 333.17 
20 9 1000 260.58 
8 22 100 433.83 
14 17 50 337.98 
16 13 1000 425.23 
11 0 100 235.34 
23 8 100 506.97 
8 16 500 319.06 
2 18 50 258.04 
8 23 500 506.97 
10 2 100 518.31 
22 13 50 397.93 
20 6 50 634.11 
8 7 1000 293.11 
8 4 50 307.19 
10 16 1000 300.34 
8 13 100 321.77 
9 22 100 405.46 
24 18 100 214.35 
13 7 100 566.69 
18 8 500 315.6 
13 9 100 350.82 
8 0 500 180.99 
10 12 50 433.83 
18 14 100 382.82 
18 21 50 221.17 
20 2 1000 602 
2 0 1000 360.53 
20 13 100 492.78 
14 0 50 390.5 
23 4 500 301.64 
11 22 50 418.4 
2 24 50 469.29 
22 24 50 342.28 
2 20 500 602 
10 17 50 478.79 
4 24 50 215.57 
23 6 50 405.06 
2 4 100 322.41 
20 16 50 204.19 
20 0 50 183.79 
20 23 50 544.45 
7 13 50 566.69 
8 3 50 245.92 
10 4 50 216.87 
4 9 50 490.88 
21 11 100 433.83 
