25 90 317 
13 23 10000 5 1 294.05 
7 23 10000 5 1 436.69 
8 13 20000 2.5 1 239.54 
3 11 50000 1 1 817.35 
8 11 5000 10 1 471.79 
9 16 20000 2.5 1 206.24 
21 22 50000 1 1 651.25 
10 23 20000 2.5 1 531.52 
6 10 10000 5 1 321.76 
5 8 5000 10 1 369.83 
2 23 50000 1 1 378.12 
2 20 20000 2.5 1 423 
0 4 50000 1 1 916.53 
4 17 5000 10 1 435.95 
12 16 10000 5 1 896.13 
20 24 5000 10 1 708.78 
4 16 50000 1 1 680.07 
14 17 5000 10 1 702.78 
3 8 10000 5 1 623.66 
13 20 10000 5 1 259.93 
5 22 50000 1 1 754.99 
6 22 5000 10 1 514.7 
22 23 10000 5 1 537.34 
14 24 50000 1 1 282.69 
7 11 50000 1 1 505.23 
1 19 5000 10 1 140.59 
12 14 5000 10 1 600.52 
1 21 10000 5 1 710.82 
7 10 50000 1 1 178.39 
6 15 5000 10 1 639.76 
16 18 20000 2.5 1 742.31 
23 24 10000 5 1 679.11 
16 24 20000 2.5 1 483.16 
11 12 20000 2.5 1 593.55 
5 16 10000 5 1 830.7 
6 18 50000 1 1 744.48 
7 14 5000 10 1 314.8 
12 19 5000 10 1 978.67 
11 16 10000 5 1 427.1 
3 17 50000 1 1 303.78 
0 12 10000 5 1 818.32 
2 21 50000 1 1 562.65 
12 22 20000 2.5 1 715.29 
8 20 20000 2.5 1 166.3 
9 12 20000 2.5 1 850.4 
23 13 10000 5 1 294.05 
23 7 10000 5 1 436.69 
13 8 20000 2.5 1 239.54 
11 3 50000 1 1 817.35 
11 8 5000 10 1 471.79 
16 9 20000 2.5 1 206.24 
22 21 50000 1 1 651.25 
23 10 20000 2.5 1 531.52 
10 6 10000 5 1 321.76 
8 5 5000 10 1 369.83 
23 2 50000 1 1 378.12 
20 2 20000 2.5 1 423 
4 0 50000 1 1 916.53 
17 4 5000 10 1 435.95 
16 12 10000 5 1 896.13 
24 20 5000 10 1 708.78 
16 4 50000 1 1 680.07 
17 14 5000 10 1 702.78 
8 3 10000 5 1 623.66 
20 13 10000 5 1 259.93 
22 5 50000 1 1 754.99 
22 6 5000 10 1 514.7 
23 22 10000 5 1 537.34 
24 14 50000 1 1 282.69 
11 7 50000 1 1 505.23 
19 1 5000 10 1 140.59 
14 12 5000 10 1 600.52 
21 1 10000 5 1 710.82 
10 7 50000 1 1 178.39 
15 6 5000 10 1 639.76 
18 16 20000 2.5 1 742.31 
24 23 10000 5 1 679.11 
24 16 20000 2.5 1 483.16 
12 11 20000 2.5 1 593.55 
16 5 10000 5 1 830.7 
18 6 50000 1 1 744.48 
14 7 5000 10 1 314.8 
19 12 5000 10 1 978.67 
16 11 10000 5 1 427.1 
17 3 50000 1 1 303.78 
12 0 10000 5 1 818.32 
21 2 50000 1 1 562.65 
22 12 20000 2.5 1 715.29 
20 8 20000 2.5 1 166.3 
12 9 20000 2.5 1 850.4 
20 5 1000 709.53 
4 5 100 429.73 
1 18 100 626.09 
11 17 100 554.93 
9 11 50 845.07 
10 24 50 789.82 
11 14 1000 832.34 
9 18 500 646 
13 22 500 797.86 
0 7 1000 751.79 
14 13 50 794.72 
5 8 100 635.03 
18 23 50 760.94 
3 11 500 730.42 
3 12 1000 550.49 
11 7 50 709.83 
14 21 500 776.77 
2 16 100 759.46 
11 2 1000 695.23 
10 13 50 870.87 
13 10 50 870.87 
1 3 1000 542.59 
5 2 50 757.23 
17 6 1000 648.62 
12 8 500 582.3 
16 8 1000 738.27 
19 4 50 450.81 
4 7 500 527.61 
19 7 1000 691.5 
12 20 100 454.83 
5 17 1000 642.81 
8 1 500 498.88 
24 17 50 665.48 
24 13 1000 978.22 
9 10 500 618.3 
14 11 100 832.34 
20 17 1000 759.62 
7 23 500 879.12 
22 7 1000 773.52 
22 14 100 508.09 
3 4 50 446.32 
18 17 1000 544.37 
17 19 500 552 
5 10 500 879.12 
22 20 1000 831.6 
20 18 100 687.26 
1 10 50 730.82 
18 2 50 716.28 
24 20 1000 990.75 
3 17 1000 806.18 
18 13 1000 786.94 
11 19 1000 734.87 
3 22 500 705.19 
9 2 1000 627.15 
7 4 1000 527.61 
22 6 50 674.63 
20 14 50 925.93 
17 2 100 561.24 
4 12 100 812.87 
14 5 1000 839.89 
5 23 50 856.49 
19 17 50 552 
21 10 500 919.87 
11 8 500 774.57 
17 10 1000 746.42 
7 9 1000 639.33 
7 18 1000 693.63 
20 21 1000 781.35 
2 9 500 627.15 
0 11 500 559.84 
24 22 500 729.41 
10 19 50 780.13 
7 16 50 678.19 
1 2 1000 650.6 
23 9 500 672.52 
14 2 50 784.52 
14 22 1000 508.09 
13 20 1000 808.3 
7 0 100 751.79 
5 11 50 610.49 
16 24 1000 819.43 
1 20 50 718.69 
0 2 50 561.87 
2 22 50 867.05 
22 11 100 717.6 
6 24 500 810.22 
12 9 50 583.63 
12 10 50 767 
22 0 100 479.53 
10 11 1000 638.45 
1 9 50 571.67 
5 4 500 429.73 
0 6 500 548.78 
5 12 100 643.37 
4 11 1000 937.03 
0 3 100 563.48 
22 10 1000 732.27 
12 13 100 524.41 
9 12 50 583.63 
21 20 500 781.35 
12 21 50 582.61 
19 13 100 608.96 
0 18 1000 636.82 
4 6 50 403.63 
7 19 500 691.5 
19 14 50 803.66 
4 18 100 474.91 
22 3 1000 705.19 
10 14 1000 757.13 
9 6 1000 583.65 
19 6 50 558.3 
7 6 100 761.92 
12 3 50 550.49 
10 21 50 919.87 
19 0 100 654.19 
9 21 500 549.46 
16 11 1000 840.82 
16 2 50 759.46 
10 20 1000 839.57 
11 12 500 713.11 
21 9 500 549.46 
9 3 500 721.53 
12 5 500 643.37 
14 16 500 687.54 
6 16 100 552.51 
24 1 1000 578.37 
23 22 50 793.14 
14 8 100 972.99 
10 9 50 618.3 
6 14 100 788.7 
19 3 50 482.42 
24 2 500 824.22 
20 11 50 939.06 
9 23 100 672.52 
5 16 50 568.16 
11 21 1000 804.22 
16 21 100 595.14 
8 19 50 592.67 
8 2 100 720.95 
14 1 1000 746.27 
22 12 100 643.95 
3 0 500 563.48 
9 7 1000 639.33 
6 10 50 675.55 
12 23 50 617.41 
19 5 1000 785.64 
1 14 100 746.27 
13 12 1000 524.41 
4 8 100 681.23 
21 8 100 762.51 
7 22 50 773.52 
16 4 1000 773.06 
16 12 50 583.63 
0 16 1000 636.39 
2 11 50 695.23 
23 11 500 769.78 
11 4 500 937.03 
2 8 50 720.95 
11 5 100 610.49 
20 7 500 866.19 
23 10 50 817.84 
21 14 100 776.77 
18 10 50 582.56 
10 0 50 677.12 
5 9 1000 568.79 
11 6 50 782.53 
23 18 50 760.94 
12 6 100 632.15 
13 18 50 786.94 
8 10 100 848.19 
7 14 100 778.97 
8 20 50 869.45 
21 4 50 375.86 
5 21 1000 552.65 
0 9 100 592.24 
12 22 1000 643.95 
8 14 50 972.99 
0 14 50 790 
12 16 50 583.63 
1 0 100 497.97 
22 5 50 632.25 
2 12 50 691.74 
2 23 50 921 
23 20 500 842.28 
7 3 1000 636.71 
13 19 100 608.96 
22 19 100 767.18 
20 10 500 839.57 
18 11 500 728.93 
0 10 50 677.12 
2 1 50 650.6 
16 6 100 552.51 
23 3 500 905.87 
3 21 50 560 
16 10 100 631.42 
11 20 1000 939.06 
0 20 100 430.49 
22 9 500 776.75 
21 23 100 859.28 
6 2 500 980.95 
7 2 100 979.98 
3 16 500 788.9 
22 16 500 860.31 
20 4 100 574.57 
9 24 50 757.25 
16 20 50 668.33 
8 21 1000 762.51 
13 24 500 978.22 
0 23 1000 500.69 
13 21 100 794.64 
13 11 50 912.91 
12 7 1000 839.91 
5 0 100 671.75 
12 4 500 812.87 
21 24 100 789.82 
23 12 100 617.41 
23 2 100 921 
4 22 50 732.94 
5 24 1000 862.47 
6 11 50 782.53 
24 8 500 982.7 
6 4 1000 403.63 
12 18 100 518.31 
22 4 50 732.94 
2 13 50 778.15 
24 12 50 614.4 
16 7 50 678.19 
9 0 100 592.24 
8 12 100 582.3 
11 23 100 769.78 
16 0 500 636.39 
13 17 500 719.79 
24 10 100 789.82 
8 18 100 703.23 
0 22 500 479.53 
18 4 50 474.91 
16 22 500 860.31 
18 20 50 687.26 
20 8 100 869.45 
13 0 50 544.01 
10 22 100 732.27 
3 20 50 442.27 
12 2 1000 691.74 
2 7 50 979.98 
11 13 500 912.91 
17 4 50 738.98 
18 0 50 636.82 
23 19 100 912.76 
23 16 500 724.95 
2 6 500 980.95 
13 8 100 666.44 
24 4 50 637.68 
13 16 1000 730.42 
13 2 50 778.15 
8 5 100 635.03 
23 0 50 500.69 
7 24 50 863.76 
0 5 50 671.75 
21 0 500 490.49 
6 17 50 648.62 
22 18 50 758.11 
23 14 50 832.6 
18 19 50 662.38 
7 20 100 866.19 
10 5 100 879.12 
11 18 50 728.93 
0 24 500 687.01 
4 10 50 565.84 
14 18 50 799 
10 8 100 848.19 
3 24 100 808.61 
20 9 1000 634.62 
8 22 100 821.62 
14 17 50 853.53 
16 13 1000 730.42 
11 0 100 559.84 
23 8 100 982.69 
8 16 500 738.27 
2 18 50 716.28 
8 23 500 982.69 
10 2 100 992.89 
22 13 50 797.86 
20 6 50 1000.79 
8 7 1000 948.92 
8 4 50 681.23 
10 16 1000 631.42 
8 13 100 666.44 
9 22 100 776.75 
24 18 100 681.86 
13 7 100 840.65 
18 8 500 703.23 
13 9 100 639.69 
8 0 500 566.49 
10 12 50 767 
18 14 100 799 
18 21 50 495.97 
20 2 1000 894.13 
2 0 1000 561.87 
20 13 100 808.3 
14 0 50 790 
23 4 500 692.64 
11 22 50 717.6 
2 24 50 824.22 
22 24 50 729.41 
2 20 500 894.13 
10 17 50 746.42 
4 24 50 637.68 
23 6 50 768.63 
2 4 100 680.44 
20 16 50 668.33 
20 0 50 430.49 
20 23 50 842.28 
7 13 50 840.65 
8 3 50 717.57 
10 4 50 565.84 
4 9 50 888.77 
21 11 100 804.22 
