25 150 296 
8 19 5000 10 0 573.04 
13 24 5000 10 0 190.25 
20 22 5000 10 0 814.25 
1 24 20000 2.5 0 637.42 
15 23 20000 2.5 0 861.5 
10 24 20000 2.5 0 477.44 
18 23 20000 2.5 0 325.24 
4 13 10000 5 0 426.88 
1 23 50000 1 0 546.48 
11 20 10000 5 0 154.9 
13 18 50000 1 0 341.88 
3 10 50000 1 0 346.75 
7 9 50000 1 0 713.45 
2 7 10000 5 0 641.07 
1 12 50000 1 0 634.73 
3 9 10000 5 0 511.05 
6 19 50000 1 0 803.16 
3 7 50000 1 0 661.11 
7 22 5000 10 0 859.64 
12 18 20000 2.5 0 168.64 
2 3 10000 5 0 221.71 
5 7 20000 2.5 0 89.02 
4 21 10000 5 0 347.16 
5 16 10000 5 0 282.58 
5 12 20000 2.5 0 145.64 
21 23 10000 5 0 480.61 
7 15 20000 2.5 0 628.86 
9 20 10000 5 0 683.19 
15 21 50000 1 0 394.24 
15 16 20000 2.5 0 542.86 
10 15 50000 1 0 321.88 
1 3 20000 2.5 0 338.51 
1 13 10000 5 0 787.75 
1 2 50000 1 0 126.27 
14 19 50000 1 0 602.16 
2 24 5000 10 0 609.91 
4 6 20000 2.5 0 203.65 
4 14 20000 2.5 0 50 
12 13 5000 10 0 226.62 
9 14 20000 2.5 0 823.58 
17 21 50000 1 0 515.37 
2 4 10000 5 0 505.01 
0 21 50000 1 0 338.08 
10 20 10000 5 0 464.49 
2 10 10000 5 0 230.2 
3 23 5000 10 0 885.77 
8 20 20000 2.5 0 845.53 
9 17 20000 2.5 0 693.72 
8 14 10000 5 0 773.86 
6 17 5000 10 0 359.34 
5 15 5000 10 0 652.58 
7 17 20000 2.5 0 40.72 
14 20 10000 5 0 152.02 
11 22 50000 1 0 781.6 
1 6 5000 10 0 265.64 
11 15 10000 5 0 598.04 
0 5 5000 10 0 414.23 
15 24 5000 10 0 434.17 
12 23 20000 2.5 0 274.52 
1 14 20000 2.5 0 445.38 
3 19 5000 10 0 333.49 
13 22 10000 5 0 600.8 
10 22 20000 2.5 0 732.48 
7 23 10000 5 0 313.85 
9 18 50000 1 0 793.49 
6 11 5000 10 0 448.14 
13 16 5000 10 0 635.84 
2 15 5000 10 0 224.93 
2 9 50000 1 0 638.12 
0 6 20000 2.5 0 409.38 
1 7 20000 2.5 0 554.92 
6 8 20000 2.5 0 528.93 
19 20 10000 5 0 593.53 
12 16 50000 1 0 419.57 
9 11 10000 5 0 646.76 
19 8 5000 10 0 573.04 
24 13 5000 10 0 190.25 
22 20 5000 10 0 814.25 
24 1 20000 2.5 0 637.42 
23 15 20000 2.5 0 861.5 
24 10 20000 2.5 0 477.44 
23 18 20000 2.5 0 325.24 
13 4 10000 5 0 426.88 
23 1 50000 1 0 546.48 
20 11 10000 5 0 154.9 
18 13 50000 1 0 341.88 
10 3 50000 1 0 346.75 
9 7 50000 1 0 713.45 
7 2 10000 5 0 641.07 
12 1 50000 1 0 634.73 
9 3 10000 5 0 511.05 
19 6 50000 1 0 803.16 
7 3 50000 1 0 661.11 
22 7 5000 10 0 859.64 
18 12 20000 2.5 0 168.64 
3 2 10000 5 0 221.71 
7 5 20000 2.5 0 89.02 
21 4 10000 5 0 347.16 
16 5 10000 5 0 282.58 
12 5 20000 2.5 0 145.64 
23 21 10000 5 0 480.61 
15 7 20000 2.5 0 628.86 
20 9 10000 5 0 683.19 
21 15 50000 1 0 394.24 
16 15 20000 2.5 0 542.86 
15 10 50000 1 0 321.88 
3 1 20000 2.5 0 338.51 
13 1 10000 5 0 787.75 
2 1 50000 1 0 126.27 
19 14 50000 1 0 602.16 
24 2 5000 10 0 609.91 
6 4 20000 2.5 0 203.65 
14 4 20000 2.5 0 50 
13 12 5000 10 0 226.62 
14 9 20000 2.5 0 823.58 
21 17 50000 1 0 515.37 
4 2 10000 5 0 505.01 
21 0 50000 1 0 338.08 
20 10 10000 5 0 464.49 
10 2 10000 5 0 230.2 
23 3 5000 10 0 885.77 
20 8 20000 2.5 0 845.53 
17 9 20000 2.5 0 693.72 
14 8 10000 5 0 773.86 
17 6 5000 10 0 359.34 
15 5 5000 10 0 652.58 
17 7 20000 2.5 0 40.72 
20 14 10000 5 0 152.02 
22 11 50000 1 0 781.6 
6 1 5000 10 0 265.64 
15 11 10000 5 0 598.04 
5 0 5000 10 0 414.23 
24 15 5000 10 0 434.17 
23 12 20000 2.5 0 274.52 
14 1 20000 2.5 0 445.38 
19 3 5000 10 0 333.49 
22 13 10000 5 0 600.8 
22 10 20000 2.5 0 732.48 
23 7 10000 5 0 313.85 
18 9 50000 1 0 793.49 
11 6 5000 10 0 448.14 
16 13 5000 10 0 635.84 
15 2 5000 10 0 224.93 
9 2 50000 1 0 638.12 
6 0 20000 2.5 0 409.38 
7 1 20000 2.5 0 554.92 
8 6 20000 2.5 0 528.93 
20 19 10000 5 0 593.53 
16 12 50000 1 0 419.57 
11 9 10000 5 0 646.76 
8 21 50 189.83 
14 6 1000 211.05 
4 16 500 164.89 
18 10 500 115.49 
24 16 500 244.88 
16 14 1000 139.84 
7 2 1000 178.54 
18 8 100 238.2 
3 16 100 172.27 
19 10 500 287.59 
6 21 1000 243.17 
8 1 500 245.46 
23 3 100 162.38 
9 20 50 177.92 
22 0 1000 181.9 
19 9 50 316.71 
0 23 50 201.3 
22 12 1000 211.16 
23 18 50 139.12 
8 17 100 128.96 
6 24 1000 80.81 
8 5 500 188.12 
4 24 500 241.82 
5 16 1000 185.12 
15 23 500 111.66 
7 22 100 166.16 
9 6 1000 268.77 
19 6 500 287.37 
8 10 500 293.46 
13 21 1000 215.79 
23 12 100 219.3 
23 16 100 193.54 
1 15 1000 188.9 
14 0 500 140.4 
6 20 100 117.34 
22 18 50 218.62 
5 3 100 150.1 
4 11 500 254.54 
17 18 1000 111.57 
1 24 500 184.98 
23 0 100 201.3 
3 10 500 158.93 
24 8 100 127.23 
3 9 500 21.88 
5 11 100 136.43 
4 21 50 142.82 
15 4 50 274.26 
3 17 500 99.24 
22 2 500 101.96 
20 17 1000 69.03 
0 18 500 268.98 
3 12 1000 107.35 
13 14 50 90.55 
15 6 50 172.82 
23 2 50 182.53 
14 3 500 280.17 
11 7 100 143.39 
17 2 1000 197.3 
5 20 50 101.64 
11 2 500 276.43 
19 7 100 142.52 
0 20 500 223.13 
3 18 1000 108.96 
7 21 500 257.92 
21 9 1000 78.03 
23 8 1000 85.16 
10 2 100 351.15 
4 8 100 193.6 
13 18 1000 108.11 
24 17 50 140.59 
9 5 50 87.43 
18 21 50 174.08 
2 8 100 226.55 
11 10 50 60.03 
20 4 100 116.64 
9 1 500 186.16 
19 12 500 99.03 
16 15 50 272.5 
16 8 50 96.71 
13 5 100 317.38 
22 20 100 225.69 
21 2 500 231.78 
0 21 500 219.65 
17 4 500 192.6 
1 3 100 132.77 
7 24 50 145.71 
20 19 50 187.9 
12 19 50 99.03 
14 11 50 278.1 
7 12 500 219.36 
15 1 50 188.9 
19 4 1000 255.25 
16 6 500 168.59 
11 4 50 254.54 
1 14 100 145.63 
22 17 500 168.86 
19 1 100 255.61 
1 0 100 212.72 
7 5 100 200.06 
5 15 50 186.27 
2 0 50 206.23 
9 14 100 272.76 
23 10 1000 136.12 
22 15 500 144.97 
24 3 1000 217.69 
7 20 100 73.99 
7 10 50 84.33 
15 24 50 147.94 
0 2 500 206.23 
22 7 1000 166.16 
11 5 100 136.43 
0 17 50 270.84 
0 11 1000 173.04 
9 8 500 233.27 
15 16 1000 272.5 
1 21 1000 238.47 
9 17 50 146.02 
21 15 500 106.25 
11 18 100 106.87 
17 16 100 203.97 
6 19 50 287.37 
19 24 500 213.71 
17 20 1000 69.03 
12 2 100 111.96 
12 23 1000 219.3 
5 8 100 188.12 
4 9 500 239.09 
10 9 500 196.97 
8 6 1000 403.21 
5 2 50 177.24 
10 6 50 117.2 
4 15 500 274.26 
1 18 50 117.92 
20 0 1000 223.13 
21 6 100 243.17 
6 10 500 117.2 
21 17 1000 244.62 
12 21 500 184.42 
6 23 100 177.59 
5 6 50 193.37 
12 10 500 77.49 
10 13 50 165.17 
1 5 50 205.27 
19 17 500 132.4 
0 24 500 152.04 
1 7 1000 208.73 
4 10 1000 161.99 
9 24 500 232.51 
5 1 50 205.27 
21 10 50 123.27 
16 21 50 243.28 
2 11 500 276.43 
18 0 50 268.98 
20 12 50 122.84 
15 0 500 112.93 
9 15 500 239.51 
20 22 500 225.69 
24 12 50 138.23 
23 17 100 194.76 
24 7 1000 145.71 
2 24 50 265.63 
23 7 1000 232.28 
2 19 50 307.2 
17 21 500 244.62 
20 18 50 102.5 
22 5 500 109.08 
7 15 50 164.72 
11 24 500 82.53 
18 2 100 113.86 
13 6 50 202.8 
5 7 1000 200.06 
19 11 1000 195.37 
10 16 500 203.42 
8 23 1000 85.16 
6 22 50 118.08 
24 0 1000 152.04 
8 15 500 103.71 
13 9 1000 112.44 
8 13 1000 135.9 
5 0 50 191.46 
5 17 50 186.18 
14 18 500 161.99 
8 3 1000 169.9 
5 19 1000 170.83 
5 13 100 317.38 
2 5 1000 177.24 
4 6 100 219.33 
20 21 1000 263.62 
1 2 1000 213.94 
9 18 100 134.62 
22 8 500 251.75 
2 9 1000 101.71 
18 9 500 134.62 
23 1 100 110.24 
23 5 500 278.18 
6 0 500 186.01 
19 13 500 134.51 
7 4 1000 166.62 
9 23 500 282.17 
6 5 100 193.37 
11 15 50 117.68 
13 16 50 265.34 
14 15 100 286.17 
0 8 1000 107.72 
19 8 50 301 
13 2 50 221.24 
6 16 1000 168.59 
16 13 1000 265.34 
12 17 50 241.25 
9 12 1000 101.1 
8 11 50 224.48 
8 14 100 193.6 
23 4 1000 229.71 
10 7 100 84.33 
3 8 50 169.9 
17 10 50 61.77 
14 4 500 95.92 
21 13 1000 215.79 
5 12 100 219.36 
3 21 100 214.98 
6 12 1000 206.73 
11 20 1000 304.85 
18 17 100 111.57 
15 21 1000 106.25 
2 23 100 182.53 
22 1 500 131.44 
13 3 500 148.41 
17 12 50 241.25 
20 13 1000 78.55 
9 2 500 101.71 
20 11 1000 304.85 
0 7 500 270.84 
11 8 50 224.48 
5 9 1000 87.43 
10 23 100 136.12 
8 0 1000 107.72 
2 18 500 113.86 
21 23 500 202.62 
3 13 500 148.41 
13 12 500 133.41 
16 7 1000 235.79 
20 3 500 215.06 
23 20 100 172.64 
9 19 50 316.71 
18 11 500 106.87 
7 6 1000 138.19 
22 11 50 283.81 
20 6 100 117.34 
15 14 100 286.17 
15 12 50 189.19 
16 17 500 203.97 
24 5 500 125.39 
18 6 100 235.79 
15 17 1000 88.32 
24 23 50 212.87 
7 14 500 183.54 
22 4 1000 260 
24 13 1000 68.7 
12 6 100 206.73 
19 23 1000 101.31 
19 3 100 205.66 
13 4 100 84.83 
11 17 1000 151.45 
8 2 100 226.55 
12 7 1000 219.36 
14 23 1000 216.96 
6 17 1000 146.44 
21 3 50 214.98 
22 24 1000 259.94 
9 16 50 120.42 
7 3 100 119.73 
21 14 100 168.7 
8 12 50 178.88 
11 1 500 157.05 
2 7 100 178.54 
10 15 500 204.63 
4 20 50 116.64 
7 23 100 232.28 
14 10 1000 181.07 
0 14 500 140.4 
2 10 500 351.15 
12 4 500 149.77 
12 9 1000 101.1 
11 16 100 112.43 
20 7 100 73.99 
23 21 50 202.62 
14 7 100 183.54 
24 6 1000 80.81 
6 18 1000 235.79 
19 0 50 227.19 
18 16 50 601.28 
1 12 50 127.99 
9 4 1000 239.09 
4 0 1000 201.63 
9 3 500 21.88 
9 22 1000 202.34 
