30 216 838 
7 23 50000 1 1 895.1 
21 24 5000 10 1 791.6 
13 27 20000 2.5 1 995.96 
15 16 50000 1 1 612.78 
11 24 10000 5 1 722.67 
13 19 10000 5 1 866.22 
7 21 20000 2.5 1 809.74 
7 12 20000 2.5 1 480.78 
1 10 10000 5 1 625.05 
11 18 10000 5 1 86.21 
15 18 5000 10 1 903.85 
17 20 5000 10 1 941.7 
3 26 20000 2.5 1 736.44 
3 23 20000 2.5 1 656.08 
3 27 50000 1 1 340.11 
4 13 5000 10 1 906.69 
14 23 5000 10 1 461.21 
0 4 10000 5 1 667.99 
4 20 5000 10 1 147.2 
2 11 10000 5 1 455.93 
16 21 50000 1 1 60.91 
11 14 50000 1 1 767.69 
6 20 50000 1 1 541.77 
0 12 10000 5 1 312.61 
12 24 5000 10 1 584.28 
3 17 5000 10 1 674.03 
4 27 10000 5 1 107.69 
0 24 5000 10 1 679.1 
6 28 10000 5 1 513.67 
19 20 50000 1 1 199.7 
10 11 20000 2.5 1 699.54 
8 14 10000 5 1 291.36 
27 29 20000 2.5 1 84.84 
1 6 50000 1 1 536.57 
2 5 5000 10 1 545.5 
22 24 20000 2.5 1 64.85 
6 7 10000 5 1 285.38 
25 27 50000 1 1 747.89 
5 28 20000 2.5 1 821.98 
15 25 10000 5 1 624.89 
27 28 20000 2.5 1 782.65 
3 8 50000 1 1 496.09 
0 6 50000 1 1 862.4 
9 16 5000 10 1 441.46 
12 19 10000 5 1 522.28 
2 24 10000 5 1 275.45 
18 23 10000 5 1 591.82 
5 11 10000 5 1 823.21 
2 12 50000 1 1 326.92 
17 25 20000 2.5 1 244.72 
5 10 20000 2.5 1 130 
10 25 10000 5 1 449.19 
20 27 20000 2.5 1 76.99 
16 25 5000 10 1 430.47 
12 29 5000 10 1 506.13 
7 24 50000 1 1 314.84 
11 23 50000 1 1 644.17 
12 25 10000 5 1 507.02 
9 21 20000 2.5 1 400.02 
2 19 10000 5 1 196.73 
9 19 50000 1 1 655.03 
0 26 20000 2.5 1 703.88 
11 21 50000 1 1 496.73 
9 10 20000 2.5 1 575.11 
3 5 20000 2.5 1 630.45 
6 25 50000 1 1 293.31 
10 16 5000 10 1 544.52 
6 14 20000 2.5 1 643.57 
14 19 50000 1 1 323.49 
19 24 5000 10 1 144.28 
19 25 10000 5 1 633.87 
12 27 50000 1 1 578.27 
16 18 50000 1 1 477.24 
0 14 10000 5 1 495.58 
9 28 50000 1 1 121.3 
12 16 10000 5 1 581.02 
0 15 5000 10 1 773.4 
0 28 50000 1 1 385.39 
5 27 50000 1 1 290.46 
5 6 50000 1 1 316.47 
10 13 50000 1 1 615.53 
0 11 50000 1 1 410.16 
21 28 50000 1 1 435.63 
1 25 10000 5 1 259.58 
6 16 5000 10 1 600.68 
6 18 10000 5 1 589.84 
1 23 20000 2.5 1 383.04 
4 19 5000 10 1 82.22 
14 17 20000 2.5 1 815.68 
0 2 20000 2.5 1 575.53 
1 20 10000 5 1 925.09 
7 11 5000 10 1 460.53 
5 19 20000 2.5 1 349.56 
10 28 5000 10 1 698.7 
19 28 5000 10 1 662.57 
2 15 50000 1 1 470.68 
18 20 20000 2.5 1 720.2 
1 7 50000 1 1 689.21 
3 14 5000 10 1 328.81 
3 11 10000 5 1 451.08 
23 28 5000 10 1 594.66 
2 23 10000 5 1 797.62 
4 21 5000 10 1 895.38 
1 27 50000 1 1 997.37 
1 19 50000 1 1 865.7 
0 22 50000 1 1 712.92 
23 24 5000 10 1 623.15 
4 8 50000 1 1 237.43 
23 7 50000 1 1 895.1 
24 21 5000 10 1 791.6 
27 13 20000 2.5 1 995.96 
16 15 50000 1 1 612.78 
24 11 10000 5 1 722.67 
19 13 10000 5 1 866.22 
21 7 20000 2.5 1 809.74 
12 7 20000 2.5 1 480.78 
10 1 10000 5 1 625.05 
18 11 10000 5 1 86.21 
18 15 5000 10 1 903.85 
20 17 5000 10 1 941.7 
26 3 20000 2.5 1 736.44 
23 3 20000 2.5 1 656.08 
27 3 50000 1 1 340.11 
13 4 5000 10 1 906.69 
23 14 5000 10 1 461.21 
4 0 10000 5 1 667.99 
20 4 5000 10 1 147.2 
11 2 10000 5 1 455.93 
21 16 50000 1 1 60.91 
14 11 50000 1 1 767.69 
20 6 50000 1 1 541.77 
12 0 10000 5 1 312.61 
24 12 5000 10 1 584.28 
17 3 5000 10 1 674.03 
27 4 10000 5 1 107.69 
24 0 5000 10 1 679.1 
28 6 10000 5 1 513.67 
20 19 50000 1 1 199.7 
11 10 20000 2.5 1 699.54 
14 8 10000 5 1 291.36 
29 27 20000 2.5 1 84.84 
6 1 50000 1 1 536.57 
5 2 5000 10 1 545.5 
24 22 20000 2.5 1 64.85 
7 6 10000 5 1 285.38 
27 25 50000 1 1 747.89 
28 5 20000 2.5 1 821.98 
25 15 10000 5 1 624.89 
28 27 20000 2.5 1 782.65 
8 3 50000 1 1 496.09 
6 0 50000 1 1 862.4 
16 9 5000 10 1 441.46 
19 12 10000 5 1 522.28 
24 2 10000 5 1 275.45 
23 18 10000 5 1 591.82 
11 5 10000 5 1 823.21 
12 2 50000 1 1 326.92 
25 17 20000 2.5 1 244.72 
10 5 20000 2.5 1 130 
25 10 10000 5 1 449.19 
27 20 20000 2.5 1 76.99 
25 16 5000 10 1 430.47 
29 12 5000 10 1 506.13 
24 7 50000 1 1 314.84 
23 11 50000 1 1 644.17 
25 12 10000 5 1 507.02 
21 9 20000 2.5 1 400.02 
19 2 10000 5 1 196.73 
19 9 50000 1 1 655.03 
26 0 20000 2.5 1 703.88 
21 11 50000 1 1 496.73 
10 9 20000 2.5 1 575.11 
5 3 20000 2.5 1 630.45 
25 6 50000 1 1 293.31 
16 10 5000 10 1 544.52 
14 6 20000 2.5 1 643.57 
19 14 50000 1 1 323.49 
24 19 5000 10 1 144.28 
25 19 10000 5 1 633.87 
27 12 50000 1 1 578.27 
18 16 50000 1 1 477.24 
14 0 10000 5 1 495.58 
28 9 50000 1 1 121.3 
16 12 10000 5 1 581.02 
15 0 5000 10 1 773.4 
28 0 50000 1 1 385.39 
27 5 50000 1 1 290.46 
6 5 50000 1 1 316.47 
13 10 50000 1 1 615.53 
11 0 50000 1 1 410.16 
28 21 50000 1 1 435.63 
25 1 10000 5 1 259.58 
16 6 5000 10 1 600.68 
18 6 10000 5 1 589.84 
23 1 20000 2.5 1 383.04 
19 4 5000 10 1 82.22 
17 14 20000 2.5 1 815.68 
2 0 20000 2.5 1 575.53 
20 1 10000 5 1 925.09 
11 7 5000 10 1 460.53 
19 5 20000 2.5 1 349.56 
28 10 5000 10 1 698.7 
28 19 5000 10 1 662.57 
15 2 50000 1 1 470.68 
20 18 20000 2.5 1 720.2 
7 1 50000 1 1 689.21 
14 3 5000 10 1 328.81 
11 3 10000 5 1 451.08 
28 23 5000 10 1 594.66 
23 2 10000 5 1 797.62 
21 4 5000 10 1 895.38 
27 1 50000 1 1 997.37 
19 1 50000 1 1 865.7 
22 0 50000 1 1 712.92 
24 23 5000 10 1 623.15 
8 4 50000 1 1 237.43 
13 3 100 305.12 
6 5 50 264.68 
19 8 50 415.15 
21 17 50 286.46 
26 18 500 141.89 
1 13 100 148.86 
28 8 50 194.07 
15 19 100 109.06 
13 6 500 203.42 
15 0 50 283.21 
26 6 1000 284.43 
22 25 1000 226.56 
13 5 500 431.09 
8 11 100 263.9 
5 17 1000 266.82 
22 18 500 263.28 
20 19 1000 237.07 
15 21 100 251.83 
27 4 1000 277.38 
27 23 50 254.39 
14 12 100 219.58 
22 15 100 210.09 
25 1 1000 179.82 
20 12 1000 440.02 
10 18 1000 260.33 
20 15 500 177.9 
16 8 50 164.23 
10 19 100 288.89 
7 13 500 198.02 
22 23 100 168.85 
24 5 50 513.16 
9 2 1000 148.33 
23 7 50 326.19 
5 14 500 450.67 
3 15 1000 271.14 
19 10 100 288.89 
17 6 500 213.45 
6 3 500 225.59 
1 14 1000 141.92 
18 15 100 272.52 
14 8 1000 355.09 
10 27 50 309.03 
8 4 50 452.57 
22 28 500 217.51 
2 1 50 161.59 
18 29 50 193.04 
22 29 1000 308.99 
16 24 50 168.09 
14 22 50 333.49 
28 11 500 392.33 
6 1 100 183 
24 8 100 349.98 
19 17 100 199.43 
18 5 1000 319.04 
24 7 100 317.4 
13 27 50 621.88 
18 16 500 302.86 
26 10 100 162.35 
28 6 500 238 
14 3 500 463.21 
11 8 100 263.9 
25 17 1000 236.73 
15 28 50 292.98 
0 9 50 245.46 
0 28 500 173.13 
1 9 1000 200.55 
22 10 100 442.16 
1 10 500 255.34 
18 14 500 305.82 
10 3 100 284.79 
14 21 1000 163.3 
27 20 500 297.99 
28 13 500 232.97 
3 4 50 425.89 
2 19 50 320.54 
25 3 50 299.11 
8 12 100 307.86 
21 2 50 213.13 
5 27 100 402.84 
19 4 50 235.7 
29 16 500 135.2 
5 0 50 184.68 
18 13 500 146.88 
27 3 1000 468.21 
23 24 1000 168.85 
7 24 500 317.4 
8 0 50 196.49 
6 11 50 213.88 
29 14 50 330.19 
1 29 1000 225.97 
28 17 50 266.12 
11 10 50 303.74 
17 7 1000 151.66 
23 16 100 284.26 
5 3 1000 287.94 
13 22 100 396.22 
7 10 500 188.24 
27 18 100 195.09 
6 10 50 333.7 
11 6 500 213.88 
19 3 1000 361.61 
16 12 100 236.56 
7 17 50 151.66 
0 6 500 132.52 
16 6 50 463.63 
2 3 100 333.67 
8 13 500 429.92 
10 11 500 303.74 
9 6 500 210.76 
14 10 100 374.46 
16 5 50 126.76 
27 19 500 344.67 
21 27 100 132.6 
21 10 50 344.49 
5 28 500 276.7 
4 9 100 249.87 
28 5 1000 276.7 
13 28 100 232.97 
25 11 500 259.97 
21 1 1000 165.61 
29 20 1000 229.5 
28 27 500 295.13 
7 0 100 335.89 
16 29 50 135.2 
23 17 50 220.69 
23 2 500 160.36 
9 13 50 242.88 
26 21 500 236.2 
19 11 50 259.81 
12 25 50 89.16 
12 4 50 429.96 
15 3 500 271.14 
15 12 50 309.78 
17 25 500 236.73 
21 0 100 195.83 
21 14 100 163.3 
6 16 100 463.63 
9 24 1000 218.36 
16 11 100 332.86 
22 14 500 333.49 
0 5 500 184.68 
11 17 1000 259.47 
18 8 100 269.81 
2 11 500 223 
4 8 1000 452.57 
6 27 500 315.93 
6 14 100 219.11 
29 17 1000 316.67 
22 4 100 159.69 
8 3 100 386.81 
2 21 100 213.13 
22 8 100 337.28 
22 9 500 246.77 
2 28 1000 152.82 
0 7 50 335.89 
24 12 500 376.03 
4 2 500 319.55 
13 29 50 579.86 
9 20 1000 311.89 
7 26 500 276.75 
27 8 100 533.54 
4 20 1000 254.25 
17 1 50 213.72 
27 25 100 224.53 
0 20 50 190.09 
27 21 50 132.6 
7 29 1000 280.22 
4 19 500 235.7 
2 23 50 160.36 
6 26 100 284.43 
23 28 50 176.01 
6 9 50 210.76 
17 21 50 286.46 
28 20 50 214.81 
7 14 50 206.28 
19 25 100 300.53 
29 4 100 294.64 
13 15 50 299.47 
8 6 50 251.64 
9 27 50 255.73 
6 22 1000 291.36 
4 13 50 585.41 
20 9 50 311.89 
23 15 1000 272.13 
28 12 500 259.97 
14 23 50 231.99 
2 20 50 312.62 
0 15 100 283.21 
17 13 500 104.94 
26 28 50 147.02 
25 27 100 224.53 
2 27 100 475.33 
1 2 100 161.59 
21 11 1000 300.21 
18 20 50 263.7 
11 15 50 305.82 
1 20 500 274.21 
27 2 1000 475.33 
3 9 50 236.86 
18 17 100 192.54 
26 2 100 283.35 
24 18 1000 241.75 
20 25 500 167.75 
21 25 50 284.48 
12 17 500 100.23 
3 8 500 386.81 
26 29 100 169.89 
20 16 500 118.31 
12 10 1000 189.21 
4 21 50 155.52 
8 18 100 269.81 
15 17 1000 155.21 
0 24 500 482.08 
9 23 100 197.67 
29 6 1000 303.23 
4 24 100 163.74 
4 3 1000 425.89 
15 22 500 210.09 
10 9 50 365.78 
16 23 50 284.26 
4 27 50 277.38 
17 0 500 171.03 
13 21 1000 218.63 
29 15 50 318.86 
23 8 500 281.31 
2 18 50 259.45 
29 25 100 226.04 
9 1 100 200.55 
5 19 500 358.53 
20 4 1000 254.25 
3 10 500 284.79 
5 29 50 375.3 
3 23 50 303.47 
9 10 1000 365.78 
8 15 500 261.25 
8 7 1000 262.31 
15 7 500 206.45 
20 22 1000 208.32 
0 25 50 224.58 
22 26 50 281.67 
26 4 500 251.04 
0 19 500 313.24 
20 18 50 263.7 
4 25 50 312.11 
7 2 1000 205.35 
10 2 50 392.95 
11 2 1000 223 
28 21 1000 336.4 
20 5 1000 463.94 
19 7 50 328.44 
25 15 1000 213.95 
4 0 1000 225.42 
21 24 1000 193.25 
25 7 50 183.69 
24 26 50 281.67 
19 15 500 109.06 
14 16 100 174.9 
16 13 100 190.24 
15 8 100 261.25 
17 5 100 266.82 
7 19 500 328.44 
7 4 1000 263.31 
27 28 1000 295.13 
26 17 500 155.89 
17 26 500 155.89 
16 10 100 318.29 
11 13 100 172.43 
23 5 50 188.07 
15 26 100 170.33 
4 29 50 294.64 
22 21 50 193.25 
26 13 50 205.27 
19 9 500 164.69 
7 22 50 308.89 
14 18 50 305.82 
1 22 500 144.09 
16 9 1000 328.85 
10 15 500 307 
10 22 100 442.16 
25 4 100 312.11 
29 19 50 345.43 
15 14 1000 249.91 
19 27 500 344.67 
23 26 1000 237.44 
26 9 100 142.4 
0 2 1000 315.84 
0 23 1000 214.36 
18 3 100 186.81 
16 15 500 290.48 
19 29 500 345.43 
0 3 100 129.14 
26 24 50 281.67 
15 24 1000 179.77 
27 1 100 225.97 
0 16 100 230.15 
23 27 100 254.39 
6 4 100 359.1 
6 24 500 291.36 
5 22 500 513.16 
9 5 50 340.58 
20 0 1000 190.09 
26 7 1000 276.75 
14 13 500 197.27 
13 1 500 148.86 
1 7 100 243.19 
21 12 100 218.16 
22 11 1000 178.54 
20 17 100 234.73 
23 3 1000 303.47 
14 15 500 249.91 
8 27 1000 533.54 
4 28 1000 180.35 
18 2 500 259.45 
16 0 500 230.15 
11 14 1000 276.74 
17 11 1000 259.47 
6 29 100 303.23 
28 10 50 312.73 
16 25 1000 322.97 
25 14 1000 190.92 
3 6 500 225.59 
11 25 1000 259.97 
6 7 50 374.68 
10 14 1000 374.46 
7 11 100 157.1 
5 20 1000 463.94 
10 6 50 333.7 
14 6 1000 219.11 
20 11 500 254.99 
18 0 500 169.97 
7 3 100 293.42 
7 23 100 326.19 
25 9 1000 307.18 
4 15 50 223 
4 5 1000 387.32 
12 14 50 219.58 
23 22 100 168.85 
1 4 50 140.82 
7 28 100 165.45 
24 25 500 226.56 
23 11 1000 340.68 
15 10 1000 307 
5 2 500 427.12 
18 22 1000 263.28 
29 18 500 193.04 
10 1 1000 255.34 
3 5 500 287.94 
13 23 100 143.39 
13 18 1000 146.88 
8 29 500 463.89 
25 19 50 300.53 
4 12 500 429.96 
11 16 500 332.86 
23 4 100 302.16 
26 12 100 158.46 
3 25 50 299.11 
15 5 1000 379.04 
15 2 100 211.43 
11 9 50 374.5 
15 18 100 272.52 
28 18 100 389.65 
11 12 50 178.34 
5 18 1000 319.04 
14 17 100 161.4 
12 5 500 209.5 
10 7 100 188.24 
24 16 1000 168.09 
16 28 1000 387.1 
6 17 1000 213.45 
28 25 500 290.55 
17 2 50 187.48 
26 11 100 204.62 
20 8 100 446.14 
13 14 50 197.27 
2 8 50 252.45 
19 23 500 258.49 
17 8 50 151.66 
2 26 500 283.35 
18 12 500 119.21 
4 16 50 183.94 
15 20 500 177.9 
4 11 500 271.64 
5 21 50 209.04 
7 18 50 265.13 
12 3 100 254.55 
29 8 100 463.89 
0 18 50 169.97 
20 23 50 267.33 
3 18 1000 186.81 
24 6 100 291.36 
11 19 50 259.81 
26 25 500 159.55 
0 17 100 171.03 
20 24 50 208.32 
28 4 50 180.35 
17 29 500 316.67 
29 11 50 191.48 
5 13 1000 431.09 
28 14 100 167 
26 14 100 257.1 
10 12 500 189.21 
21 7 100 287.42 
22 3 500 294.47 
18 9 100 342.91 
10 24 500 442.16 
15 6 100 233.92 
22 19 500 138.06 
8 28 500 194.07 
3 20 50 484.01 
23 19 50 258.49 
16 22 500 168.09 
10 0 100 166.47 
1 21 100 165.61 
17 28 50 266.12 
14 9 50 152.8 
8 19 50 415.15 
9 0 50 245.46 
12 1 100 216.78 
20 21 50 105.56 
18 27 500 195.09 
2 13 50 363.33 
7 20 50 232.89 
18 1 1000 334.28 
6 19 1000 435.21 
27 10 100 309.03 
10 4 100 286.55 
15 13 1000 299.47 
21 28 50 336.4 
7 16 500 257.21 
28 22 50 217.51 
13 16 1000 190.24 
13 4 500 585.41 
5 26 500 130.19 
11 23 1000 340.68 
12 11 50 178.34 
11 21 500 300.21 
4 14 100 311.12 
5 1 50 307.23 
24 3 50 294.47 
25 26 50 159.55 
12 16 500 236.56 
20 28 100 214.81 
24 10 1000 442.16 
16 26 1000 257.38 
14 2 100 288.95 
5 12 100 209.5 
11 4 1000 271.64 
29 3 100 419.95 
3 7 100 293.42 
19 22 1000 138.06 
3 16 100 133.55 
21 9 100 306.11 
21 26 500 236.2 
11 3 100 202.02 
9 18 50 342.91 
20 2 1000 312.62 
6 25 50 292.62 
20 29 50 229.5 
16 18 100 302.86 
8 2 500 252.45 
14 11 1000 276.74 
16 7 500 257.21 
16 21 1000 261.44 
4 6 50 359.1 
7 8 500 262.31 
6 23 100 269.51 
28 9 1000 217.12 
10 13 1000 418.71 
22 12 100 380.81 
29 28 50 295.13 
25 8 50 290.2 
28 26 500 147.02 
7 25 100 183.69 
17 9 100 248.33 
6 28 1000 238 
27 7 50 327.5 
24 9 50 218.36 
18 19 50 199.13 
5 15 50 379.04 
8 21 100 119.47 
17 12 100 100.23 
16 19 1000 202.79 
7 5 500 282.08 
28 23 50 176.01 
1 19 500 145.08 
3 13 1000 305.12 
24 23 500 168.85 
21 4 50 155.52 
22 13 50 396.22 
9 14 500 152.8 
12 13 500 145.55 
13 26 50 205.27 
1 3 100 177.35 
1 25 50 179.82 
14 25 500 190.92 
27 24 1000 256.17 
15 4 50 223 
17 23 100 220.69 
3 17 500 238.69 
3 14 1000 463.21 
18 11 100 124.07 
0 10 1000 166.47 
28 16 1000 387.1 
25 20 50 167.75 
28 19 50 210.87 
8 17 50 151.66 
27 15 500 319.28 
20 7 50 232.89 
9 11 50 374.5 
13 17 500 104.94 
5 8 100 365.63 
12 23 1000 306.51 
14 0 100 260.43 
17 10 50 263.06 
5 11 50 268.95 
18 26 1000 141.89 
16 3 100 133.55 
13 12 500 145.55 
25 22 1000 226.56 
7 12 1000 251.73 
5 24 50 513.16 
24 28 1000 217.51 
25 10 500 185.92 
12 8 50 307.86 
9 19 50 164.69 
11 7 500 157.1 
13 19 1000 664.12 
3 27 50 468.21 
19 2 100 320.54 
5 10 500 258.32 
19 26 500 308.61 
18 23 100 263.89 
18 6 500 164.61 
18 24 1000 241.75 
26 23 1000 237.44 
19 16 500 202.79 
0 8 50 196.49 
25 16 1000 322.97 
22 2 500 282.86 
19 12 100 478.05 
2 4 50 319.55 
9 26 1000 142.4 
27 9 100 255.73 
0 11 500 197.52 
1 24 1000 144.09 
21 6 500 379.19 
28 15 100 292.98 
6 8 1000 251.64 
8 22 1000 337.28 
2 0 50 315.84 
27 17 1000 305.08 
2 17 50 187.48 
1 6 100 183 
16 4 100 183.94 
10 26 100 162.35 
16 14 50 174.9 
24 14 50 333.49 
14 26 1000 257.1 
23 1 100 226.58 
24 15 50 179.77 
21 22 500 193.25 
10 25 1000 185.92 
28 7 1000 165.45 
8 24 1000 349.98 
7 15 50 206.45 
27 12 100 385.03 
14 7 1000 206.28 
13 2 1000 363.33 
16 20 100 118.31 
9 4 1000 249.87 
1 11 500 383.32 
5 4 100 387.32 
18 28 1000 389.65 
9 22 50 246.77 
17 4 500 224.91 
9 16 100 328.85 
20 1 100 274.21 
24 27 1000 256.17 
17 22 1000 187 
24 11 1000 178.54 
5 25 50 308.51 
11 5 50 268.95 
6 2 100 333.03 
12 9 500 181.16 
18 4 50 251.17 
27 16 100 135.2 
19 1 500 145.08 
29 7 50 280.22 
13 10 100 418.71 
1 12 100 216.78 
7 21 50 287.42 
3 0 50 129.14 
12 0 500 194.45 
14 1 50 141.92 
9 21 100 306.11 
10 21 50 344.49 
1 0 500 200.55 
16 2 50 215.28 
15 9 50 333.91 
19 21 1000 242.61 
8 20 1000 446.14 
10 8 50 293.25 
24 2 50 275.25 
29 12 100 385.03 
17 15 100 155.21 
11 18 500 124.07 
20 6 50 361.91 
13 7 1000 198.02 
4 18 500 251.17 
17 3 50 238.69 
23 10 100 219.58 
21 13 50 218.63 
6 12 50 201.79 
10 17 50 263.06 
25 28 500 290.55 
9 7 1000 242.02 
25 12 100 89.16 
24 1 1000 144.09 
10 16 50 318.29 
24 4 500 163.74 
7 1 500 243.19 
12 2 100 332.85 
11 0 100 197.52 
21 15 100 251.83 
3 19 50 361.61 
14 19 100 205.33 
22 0 500 482.08 
10 20 100 357.91 
23 13 500 143.39 
4 17 100 224.91 
9 3 500 236.86 
19 6 1000 435.21 
29 10 50 260.89 
9 8 50 266.98 
8 25 1000 290.2 
23 6 50 269.51 
18 21 1000 265.56 
27 14 50 330.19 
26 27 1000 169.89 
9 25 100 307.18 
5 23 100 188.07 
28 2 100 152.82 
25 21 50 284.48 
20 10 1000 357.91 
4 22 1000 159.69 
3 24 500 294.47 
21 5 100 209.04 
23 25 500 214.92 
19 18 100 199.13 
14 5 500 450.67 
2 7 50 205.35 
8 23 100 281.31 
22 1 500 144.09 
5 16 50 126.76 
25 23 500 214.92 
20 26 500 139.52 
13 25 100 130.74 
21 18 50 265.56 
12 20 50 440.02 
25 5 100 308.51 
6 18 1000 164.61 
6 21 100 379.19 
25 6 1000 292.62 
20 27 500 297.99 
3 2 1000 333.67 
17 16 1000 321.44 
23 18 1000 263.89 
29 24 50 308.99 
26 19 50 308.61 
2 25 1000 226.18 
0 21 50 195.83 
23 14 50 231.99 
22 27 50 256.17 
14 24 1000 333.49 
1 28 50 292.54 
8 9 1000 266.98 
14 4 100 311.12 
12 28 50 259.97 
22 6 500 291.36 
24 19 500 150.76 
4 26 100 251.04 
5 6 1000 264.68 
24 17 50 187 
26 5 100 130.19 
25 13 500 130.74 
25 2 500 226.18 
19 0 50 313.24 
14 20 1000 417.67 
16 27 50 135.2 
8 10 1000 293.25 
1 26 100 142.54 
0 13 100 185.73 
27 26 500 169.89 
20 14 100 417.67 
12 15 50 309.78 
2 6 50 333.03 
21 8 500 119.47 
15 1 1000 119.04 
2 12 500 332.85 
2 15 500 211.43 
21 3 100 113.46 
12 22 1000 380.81 
20 13 100 608.92 
19 20 1000 237.07 
7 27 1000 327.5 
27 13 1000 621.88 
11 22 50 178.54 
15 25 100 213.95 
23 12 1000 306.51 
13 11 50 172.43 
19 24 100 150.76 
0 14 100 260.43 
28 24 500 217.51 
19 28 50 210.87 
9 12 100 181.16 
1 15 500 119.04 
13 24 500 396.22 
24 13 50 396.22 
22 7 100 308.89 
11 28 500 392.33 
15 27 1000 319.28 
26 22 1000 281.67 
21 23 500 241.28 
15 16 500 290.48 
27 22 500 256.17 
17 19 1000 199.43 
21 20 50 105.56 
15 11 500 305.82 
27 6 1000 315.93 
9 28 100 217.12 
4 1 500 140.82 
13 20 100 608.92 
24 20 500 208.32 
20 3 50 484.01 
28 1 500 292.54 
3 12 500 254.55 
12 6 100 201.79 
16 17 500 321.44 
3 28 500 187.59 
18 10 100 260.33 
26 15 50 170.33 
0 27 1000 204.18 
6 20 50 361.91 
22 16 500 168.09 
4 10 1000 286.55 
5 7 1000 282.08 
23 21 100 241.28 
11 27 50 204.18 
11 1 500 383.32 
8 26 1000 222.1 
2 16 100 215.28 
6 0 50 132.52 
7 6 100 374.68 
10 23 50 219.58 
22 5 1000 513.16 
14 28 100 167 
8 16 500 164.23 
1 27 50 225.97 
26 1 1000 142.54 
26 8 50 222.1 
13 8 500 429.92 
0 22 1000 482.08 
0 4 50 225.42 
28 3 1000 187.59 
19 14 50 205.33 
3 11 50 202.02 
13 0 50 185.73 
5 9 50 340.58 
25 18 100 247.97 
1 16 500 163.84 
24 21 50 193.25 
12 24 500 376.03 
9 15 500 333.91 
22 17 50 187 
1 23 100 226.58 
25 24 100 226.56 
19 13 50 664.12 
10 28 100 312.73 
18 25 50 247.97 
2 24 50 275.25 
3 22 50 294.47 
2 14 100 288.95 
12 7 500 251.73 
26 16 50 257.38 
17 27 500 305.08 
23 20 1000 267.33 
0 12 100 194.45 
12 27 1000 385.03 
17 14 100 161.4 
17 24 100 187 
2 10 50 392.95 
27 11 1000 204.18 
2 5 500 427.12 
7 9 1000 242.02 
2 22 50 282.86 
26 20 500 139.52 
23 0 50 214.36 
8 5 50 365.63 
25 0 1000 224.58 
23 9 500 197.67 
27 5 100 402.84 
1 17 500 213.72 
3 1 1000 177.35 
12 26 50 158.46 
4 7 50 263.31 
11 20 50 254.99 
27 0 1000 204.18 
8 1 100 63.86 
8 14 100 355.09 
1 8 100 63.86 
4 23 500 302.16 
15 23 1000 272.13 
18 7 1000 265.13 
6 13 50 203.42 
24 0 50 482.08 
22 20 50 208.32 
1 5 1000 307.23 
17 20 100 234.73 
11 26 50 204.62 
11 24 500 178.54 
12 18 50 119.21 
28 0 50 173.13 
17 18 50 192.54 
12 19 50 478.05 
19 5 50 358.53 
21 16 500 261.44 
0 1 500 200.55 
16 1 1000 163.84 
1 18 100 334.28 
3 21 100 113.46 
6 15 50 233.92 
10 5 1000 258.32 
9 17 100 248.33 
13 9 500 242.88 
2 9 1000 148.33 
21 19 500 242.61 
14 27 1000 330.19 
12 21 50 218.16 
