20 76 245 
3 10 50000 1 0 179.8 
3 16 50000 1 0 82.38 
1 14 50000 1 0 699.96 
9 11 20000 2.5 0 93.63 
11 15 10000 5 0 694.11 
6 13 20000 2.5 0 364.34 
0 7 10000 5 0 592.33 
9 13 50000 1 0 267.77 
12 16 50000 1 0 283.26 
8 11 10000 5 0 197.21 
3 17 50000 1 0 597.45 
0 3 50000 1 0 780.79 
2 16 20000 2.5 0 922.19 
4 15 50000 1 0 130.87 
1 16 50000 1 0 105.29 
11 16 5000 10 0 346.71 
7 17 10000 5 0 715.12 
1 11 10000 5 0 424.61 
0 18 20000 2.5 0 773.77 
9 12 5000 10 0 341.35 
6 19 10000 5 0 599.22 
3 7 50000 1 0 263.88 
2 12 20000 2.5 0 788.49 
3 12 10000 5 0 259.73 
1 15 10000 5 0 814.42 
1 18 10000 5 0 145.1 
4 16 10000 5 0 811.35 
0 15 5000 10 0 155.94 
7 15 5000 10 0 743.02 
1 9 20000 2.5 0 330.98 
3 5 5000 10 0 420.81 
3 9 5000 10 0 330.15 
6 11 5000 10 0 258.76 
1 17 20000 2.5 0 632.44 
2 3 10000 5 0 888.2 
8 16 5000 10 0 540.52 
1 19 5000 10 0 727.1 
10 11 50000 1 0 297.42 
10 3 50000 1 0 179.8 
16 3 50000 1 0 82.38 
14 1 50000 1 0 699.96 
11 9 20000 2.5 0 93.63 
15 11 10000 5 0 694.11 
13 6 20000 2.5 0 364.34 
7 0 10000 5 0 592.33 
13 9 50000 1 0 267.77 
16 12 50000 1 0 283.26 
11 8 10000 5 0 197.21 
17 3 50000 1 0 597.45 
3 0 50000 1 0 780.79 
16 2 20000 2.5 0 922.19 
15 4 50000 1 0 130.87 
16 1 50000 1 0 105.29 
16 11 5000 10 0 346.71 
17 7 10000 5 0 715.12 
11 1 10000 5 0 424.61 
18 0 20000 2.5 0 773.77 
12 9 5000 10 0 341.35 
19 6 10000 5 0 599.22 
7 3 50000 1 0 263.88 
12 2 20000 2.5 0 788.49 
12 3 10000 5 0 259.73 
15 1 10000 5 0 814.42 
18 1 10000 5 0 145.1 
16 4 10000 5 0 811.35 
15 0 5000 10 0 155.94 
15 7 5000 10 0 743.02 
9 1 20000 2.5 0 330.98 
5 3 5000 10 0 420.81 
9 3 5000 10 0 330.15 
11 6 5000 10 0 258.76 
17 1 20000 2.5 0 632.44 
3 2 10000 5 0 888.2 
16 8 5000 10 0 540.52 
19 1 5000 10 0 727.1 
11 10 50000 1 0 297.42 
19 4 1000 176.39 
7 2 500 236.63 
9 17 1000 265.73 
13 12 1000 261.7 
19 8 500 291.1 
19 11 1000 429.22 
6 1 50 270.93 
0 3 50 277.42 
12 0 100 173.44 
11 12 50 465.21 
13 1 1000 430.38 
0 9 500 109.67 
2 0 50 156.92 
11 13 50 391.02 
12 8 50 335.56 
10 4 50 165.35 
0 19 500 128.86 
0 16 100 246.75 
9 7 100 395.51 
10 9 500 367.28 
15 7 500 361.73 
3 17 100 342.89 
10 19 100 216.02 
11 1 1000 424.97 
15 11 100 68.74 
3 6 100 223.43 
19 9 1000 297.38 
13 19 50 240.28 
4 12 100 159.45 
6 10 50 293.02 
16 11 1000 554.12 
0 2 1000 156.92 
4 13 50 121.11 
2 8 50 149.56 
8 3 1000 408.37 
17 18 500 323.4 
16 18 50 348.99 
15 16 50 361.73 
7 10 500 349.65 
10 7 500 349.65 
18 12 100 212.89 
16 4 500 361.73 
12 2 1000 247.19 
15 18 100 367.72 
7 6 100 223.43 
11 6 50 189.68 
1 13 500 430.38 
16 7 1000 315.26 
19 7 1000 116.61 
18 17 100 323.4 
7 0 500 277.42 
18 6 50 270.93 
12 3 1000 511.25 
10 13 100 275.63 
6 2 50 129.65 
6 4 50 174.82 
11 4 100 97.06 
1 3 1000 337.58 
17 0 1000 179.01 
8 6 500 212.33 
16 8 1000 554.12 
1 15 1000 367.72 
15 19 100 317.82 
16 9 1000 442.8 
16 2 1000 236.63 
11 19 500 429.22 
16 3 50 666.03 
17 6 50 183.3 
3 15 50 361.73 
16 1 500 425.71 
3 12 100 511.25 
10 1 500 335.98 
13 10 500 275.63 
10 2 500 187.38 
7 13 100 352.13 
8 2 500 149.56 
2 16 100 236.63 
9 6 1000 372.87 
7 15 50 361.73 
15 6 1000 63.5 
18 2 100 124.33 
0 17 500 179.01 
16 17 50 213.42 
15 10 100 177.05 
6 13 100 372.87 
2 9 50 110.91 
8 16 100 554.12 
15 12 1000 183.19 
4 11 50 97.06 
16 0 100 246.75 
2 6 1000 129.65 
16 6 500 395.09 
0 12 500 173.44 
7 9 500 395.51 
10 18 500 335.98 
2 7 100 236.63 
0 6 500 132.02 
6 9 100 372.87 
10 11 500 389.69 
8 17 50 274.02 
2 1 100 124.33 
4 3 500 251.74 
0 15 50 183.19 
9 11 1000 391.02 
0 11 1000 159.45 
1 11 500 424.97 
17 1 50 323.4 
3 16 50 666.03 
4 6 500 174.82 
8 7 500 331.32 
8 18 50 240.7 
12 11 500 465.21 
15 0 500 183.19 
11 9 500 391.02 
18 16 500 348.99 
2 13 100 109.83 
13 7 100 352.13 
4 8 100 169.57 
19 18 100 279.72 
8 0 50 97.99 
15 3 500 361.73 
9 2 100 110.91 
10 8 100 227.5 
12 10 1000 307.52 
18 10 1000 335.98 
17 9 500 265.73 
3 8 50 408.37 
0 1 50 244.51 
9 10 50 367.28 
11 7 1000 311.17 
18 8 50 240.7 
12 7 50 367.69 
4 16 1000 361.73 
7 16 500 315.26 
7 18 500 307.14 
17 4 500 119.76 
6 11 50 189.68 
11 3 100 389.69 
8 1 500 240.7 
15 9 500 147.06 
8 19 500 291.1 
1 9 100 371.91 
6 15 50 63.5 
7 8 50 331.32 
9 18 1000 371.91 
2 15 500 96.52 
2 11 500 159.35 
12 19 500 167.18 
11 0 500 159.45 
0 8 100 97.99 
7 17 50 342.89 
18 3 100 337.58 
16 10 500 479.83 
4 17 1000 119.76 
17 7 100 342.89 
8 15 500 82.56 
3 2 50 236.63 
18 7 500 307.14 
1 12 1000 212.89 
18 9 500 371.91 
1 17 500 323.4 
10 17 500 226.83 
19 16 50 165.32 
3 19 50 116.61 
1 4 50 305.69 
18 13 50 430.38 
17 16 100 213.42 
3 7 100 276.54 
15 8 1000 82.56 
4 1 1000 305.69 
15 2 1000 96.52 
2 3 50 236.63 
11 17 100 222.66 
17 12 100 197.69 
0 4 500 178.39 
15 17 100 152.68 
1 16 1000 425.71 
8 4 500 169.57 
1 2 1000 124.33 
2 4 50 137.54 
8 12 100 335.56 
9 4 100 126.79 
11 10 100 389.69 
12 17 100 197.69 
4 18 1000 305.69 
4 2 50 137.54 
7 11 500 311.17 
7 4 500 251.74 
2 17 1000 296.53 
10 16 1000 479.83 
4 0 1000 178.39 
9 12 50 643.2 
12 4 100 159.45 
1 7 500 315.5 
7 1 100 315.5 
2 18 1000 124.33 
17 15 1000 152.68 
12 1 1000 212.89 
19 3 50 116.61 
11 15 1000 68.74 
1 10 100 335.98 
3 4 500 251.74 
6 16 50 395.09 
2 10 500 187.38 
9 15 100 147.06 
9 0 500 109.67 
3 18 1000 337.58 
3 1 1000 337.58 
18 15 500 367.72 
3 11 50 389.69 
11 2 50 159.35 
12 18 100 212.89 
15 1 50 367.72 
12 15 50 183.19 
17 10 50 226.83 
1 0 500 244.51 
9 8 100 241.78 
11 16 500 554.12 
13 11 50 391.02 
6 7 50 223.43 
9 3 50 577.54 
16 12 50 511.25 
17 11 500 222.66 
10 12 50 307.52 
17 2 50 296.53 
18 4 100 305.69 
12 16 500 511.25 
17 8 50 274.02 
8 10 50 227.5 
1 8 1000 240.7 
0 7 1000 277.42 
9 16 500 442.8 
7 12 50 367.69 
3 9 1000 577.54 
2 12 50 247.19 
17 3 100 342.89 
3 0 100 277.42 
10 0 50 188.5 
0 10 1000 188.5 
16 15 500 361.73 
9 1 50 371.91 
10 15 50 177.05 
18 11 500 418.31 
12 9 50 643.2 
7 3 100 276.54 
