20 76 122 
3 10 50000 1 0 179.8 
3 16 50000 1 0 82.38 
1 14 50000 1 0 699.96 
9 11 20000 2.5 0 93.63 
11 15 10000 5 0 694.11 
6 13 20000 2.5 0 364.34 
0 7 10000 5 0 592.33 
9 13 50000 1 0 267.77 
12 16 50000 1 0 283.26 
8 11 10000 5 0 197.21 
3 17 50000 1 0 597.45 
0 3 50000 1 0 780.79 
2 16 20000 2.5 0 922.19 
4 15 50000 1 0 130.87 
1 16 50000 1 0 105.29 
11 16 5000 10 0 346.71 
7 17 10000 5 0 715.12 
1 11 10000 5 0 424.61 
0 18 20000 2.5 0 773.77 
9 12 5000 10 0 341.35 
6 19 10000 5 0 599.22 
3 7 50000 1 0 263.88 
2 12 20000 2.5 0 788.49 
3 12 10000 5 0 259.73 
1 15 10000 5 0 814.42 
1 18 10000 5 0 145.1 
4 16 10000 5 0 811.35 
0 15 5000 10 0 155.94 
7 15 5000 10 0 743.02 
1 9 20000 2.5 0 330.98 
3 5 5000 10 0 420.81 
3 9 5000 10 0 330.15 
6 11 5000 10 0 258.76 
1 17 20000 2.5 0 632.44 
2 3 10000 5 0 888.2 
8 16 5000 10 0 540.52 
1 19 5000 10 0 727.1 
10 11 50000 1 0 297.42 
10 3 50000 1 0 179.8 
16 3 50000 1 0 82.38 
14 1 50000 1 0 699.96 
11 9 20000 2.5 0 93.63 
15 11 10000 5 0 694.11 
13 6 20000 2.5 0 364.34 
7 0 10000 5 0 592.33 
13 9 50000 1 0 267.77 
16 12 50000 1 0 283.26 
11 8 10000 5 0 197.21 
17 3 50000 1 0 597.45 
3 0 50000 1 0 780.79 
16 2 20000 2.5 0 922.19 
15 4 50000 1 0 130.87 
16 1 50000 1 0 105.29 
16 11 5000 10 0 346.71 
17 7 10000 5 0 715.12 
11 1 10000 5 0 424.61 
18 0 20000 2.5 0 773.77 
12 9 5000 10 0 341.35 
19 6 10000 5 0 599.22 
7 3 50000 1 0 263.88 
12 2 20000 2.5 0 788.49 
12 3 10000 5 0 259.73 
15 1 10000 5 0 814.42 
18 1 10000 5 0 145.1 
16 4 10000 5 0 811.35 
15 0 5000 10 0 155.94 
15 7 5000 10 0 743.02 
9 1 20000 2.5 0 330.98 
5 3 5000 10 0 420.81 
9 3 5000 10 0 330.15 
11 6 5000 10 0 258.76 
17 1 20000 2.5 0 632.44 
3 2 10000 5 0 888.2 
16 8 5000 10 0 540.52 
19 1 5000 10 0 727.1 
11 10 50000 1 0 297.42 
19 4 1000 402.67 
7 2 500 540.58 
9 17 1000 662.18 
13 12 1000 794.01 
19 8 500 585.16 
19 11 1000 797.24 
6 1 50 861 
0 3 50 459.76 
12 0 100 412.71 
11 12 50 1093.98 
13 1 1000 945.28 
0 9 500 343.84 
2 0 50 334 
11 13 50 1069.73 
12 8 50 973.8 
10 4 50 410.69 
0 19 500 321.12 
0 16 100 483.38 
9 7 100 666.44 
10 9 500 889.23 
15 7 500 591.71 
3 17 100 879.72 
10 19 100 501.14 
11 1 1000 945 
15 11 100 306.67 
3 6 100 802.79 
19 9 1000 669.29 
13 19 50 647.45 
4 12 100 423.06 
6 10 50 789.68 
16 11 1000 1153.62 
0 2 1000 334 
4 13 50 260.39 
2 8 50 514.05 
8 3 1000 806.5 
17 18 500 583.05 
16 18 50 797.24 
15 16 50 638.22 
7 10 500 573.08 
10 7 500 573.08 
18 12 100 761.39 
16 4 500 638.22 
12 2 1000 758.44 
15 18 100 560.39 
7 6 100 645.98 
11 6 50 981.87 
1 13 500 945.28 
16 7 1000 671.05 
19 7 1000 410.34 
18 17 100 583.05 
7 0 500 459.76 
18 6 50 850.45 
12 3 1000 1009.68 
10 13 100 754.39 
6 2 50 390.63 
6 4 50 373.81 
11 4 100 341.1 
1 3 1000 909.8 
17 0 1000 497.35 
8 6 500 594.57 
16 8 1000 1153.62 
1 15 1000 560.39 
15 19 100 449.81 
16 9 1000 949.73 
16 2 1000 786.34 
11 19 500 797.24 
16 3 50 955.35 
17 6 50 412.34 
3 15 50 608.74 
16 1 500 871.84 
3 12 100 1009.68 
10 1 500 819.32 
13 10 500 754.39 
10 2 500 461.92 
7 13 100 743.15 
8 2 500 514.05 
2 16 100 786.34 
9 6 1000 1015.82 
7 15 50 591.71 
15 6 1000 275.74 
18 2 100 311.74 
0 17 500 497.35 
16 17 50 599.04 
15 10 100 361.73 
6 13 100 1015.82 
2 9 50 675.49 
8 16 100 1153.62 
15 12 1000 472.65 
4 11 50 341.1 
16 0 100 483.38 
2 6 1000 390.63 
16 6 500 979.02 
0 12 500 412.71 
7 9 500 666.44 
10 18 500 791.93 
2 7 100 540.58 
0 6 500 329.31 
6 9 100 1015.82 
10 11 500 980.53 
8 17 50 569.89 
2 1 100 311.74 
4 3 500 517.37 
0 15 50 536.03 
9 11 1000 1201.75 
0 11 1000 404.25 
1 11 500 945 
17 1 50 635.9 
3 16 50 955.35 
4 6 500 373.81 
8 7 500 642.58 
8 18 50 620.29 
12 11 500 1093.98 
15 0 500 536.03 
11 9 500 1201.75 
18 16 500 797.24 
2 13 100 352.84 
13 7 100 743.15 
4 8 100 356.16 
19 18 100 776.6 
8 0 50 314.28 
15 3 500 608.74 
9 2 100 675.49 
