30 216 838 
7 23 50000 1 1 895.1 
21 24 5000 10 1 791.6 
13 27 20000 2.5 1 995.96 
15 16 50000 1 1 612.78 
11 24 10000 5 1 722.67 
13 19 10000 5 1 866.22 
7 21 20000 2.5 1 809.74 
7 12 20000 2.5 1 480.78 
1 10 10000 5 1 625.05 
11 18 10000 5 1 86.21 
15 18 5000 10 1 903.85 
17 20 5000 10 1 941.7 
3 26 20000 2.5 1 736.44 
3 23 20000 2.5 1 656.08 
3 27 50000 1 1 340.11 
4 13 5000 10 1 906.69 
14 23 5000 10 1 461.21 
0 4 10000 5 1 667.99 
4 20 5000 10 1 147.2 
2 11 10000 5 1 455.93 
16 21 50000 1 1 60.91 
11 14 50000 1 1 767.69 
6 20 50000 1 1 541.77 
0 12 10000 5 1 312.61 
12 24 5000 10 1 584.28 
3 17 5000 10 1 674.03 
4 27 10000 5 1 107.69 
0 24 5000 10 1 679.1 
6 28 10000 5 1 513.67 
19 20 50000 1 1 199.7 
10 11 20000 2.5 1 699.54 
8 14 10000 5 1 291.36 
27 29 20000 2.5 1 84.84 
1 6 50000 1 1 536.57 
2 5 5000 10 1 545.5 
22 24 20000 2.5 1 64.85 
6 7 10000 5 1 285.38 
25 27 50000 1 1 747.89 
5 28 20000 2.5 1 821.98 
15 25 10000 5 1 624.89 
27 28 20000 2.5 1 782.65 
3 8 50000 1 1 496.09 
0 6 50000 1 1 862.4 
9 16 5000 10 1 441.46 
12 19 10000 5 1 522.28 
2 24 10000 5 1 275.45 
18 23 10000 5 1 591.82 
5 11 10000 5 1 823.21 
2 12 50000 1 1 326.92 
17 25 20000 2.5 1 244.72 
5 10 20000 2.5 1 130 
10 25 10000 5 1 449.19 
20 27 20000 2.5 1 76.99 
16 25 5000 10 1 430.47 
12 29 5000 10 1 506.13 
7 24 50000 1 1 314.84 
11 23 50000 1 1 644.17 
12 25 10000 5 1 507.02 
9 21 20000 2.5 1 400.02 
2 19 10000 5 1 196.73 
9 19 50000 1 1 655.03 
0 26 20000 2.5 1 703.88 
11 21 50000 1 1 496.73 
9 10 20000 2.5 1 575.11 
3 5 20000 2.5 1 630.45 
6 25 50000 1 1 293.31 
10 16 5000 10 1 544.52 
6 14 20000 2.5 1 643.57 
14 19 50000 1 1 323.49 
19 24 5000 10 1 144.28 
19 25 10000 5 1 633.87 
12 27 50000 1 1 578.27 
16 18 50000 1 1 477.24 
0 14 10000 5 1 495.58 
9 28 50000 1 1 121.3 
12 16 10000 5 1 581.02 
0 15 5000 10 1 773.4 
0 28 50000 1 1 385.39 
5 27 50000 1 1 290.46 
5 6 50000 1 1 316.47 
10 13 50000 1 1 615.53 
0 11 50000 1 1 410.16 
21 28 50000 1 1 435.63 
1 25 10000 5 1 259.58 
6 16 5000 10 1 600.68 
6 18 10000 5 1 589.84 
1 23 20000 2.5 1 383.04 
4 19 5000 10 1 82.22 
14 17 20000 2.5 1 815.68 
0 2 20000 2.5 1 575.53 
1 20 10000 5 1 925.09 
7 11 5000 10 1 460.53 
5 19 20000 2.5 1 349.56 
10 28 5000 10 1 698.7 
19 28 5000 10 1 662.57 
2 15 50000 1 1 470.68 
18 20 20000 2.5 1 720.2 
1 7 50000 1 1 689.21 
3 14 5000 10 1 328.81 
3 11 10000 5 1 451.08 
23 28 5000 10 1 594.66 
2 23 10000 5 1 797.62 
4 21 5000 10 1 895.38 
1 27 50000 1 1 997.37 
1 19 50000 1 1 865.7 
0 22 50000 1 1 712.92 
23 24 5000 10 1 623.15 
4 8 50000 1 1 237.43 
23 7 50000 1 1 895.1 
24 21 5000 10 1 791.6 
27 13 20000 2.5 1 995.96 
16 15 50000 1 1 612.78 
24 11 10000 5 1 722.67 
19 13 10000 5 1 866.22 
21 7 20000 2.5 1 809.74 
12 7 20000 2.5 1 480.78 
10 1 10000 5 1 625.05 
18 11 10000 5 1 86.21 
18 15 5000 10 1 903.85 
20 17 5000 10 1 941.7 
26 3 20000 2.5 1 736.44 
23 3 20000 2.5 1 656.08 
27 3 50000 1 1 340.11 
13 4 5000 10 1 906.69 
23 14 5000 10 1 461.21 
4 0 10000 5 1 667.99 
20 4 5000 10 1 147.2 
11 2 10000 5 1 455.93 
21 16 50000 1 1 60.91 
14 11 50000 1 1 767.69 
20 6 50000 1 1 541.77 
12 0 10000 5 1 312.61 
24 12 5000 10 1 584.28 
17 3 5000 10 1 674.03 
27 4 10000 5 1 107.69 
24 0 5000 10 1 679.1 
28 6 10000 5 1 513.67 
20 19 50000 1 1 199.7 
11 10 20000 2.5 1 699.54 
14 8 10000 5 1 291.36 
29 27 20000 2.5 1 84.84 
6 1 50000 1 1 536.57 
5 2 5000 10 1 545.5 
24 22 20000 2.5 1 64.85 
7 6 10000 5 1 285.38 
27 25 50000 1 1 747.89 
28 5 20000 2.5 1 821.98 
25 15 10000 5 1 624.89 
28 27 20000 2.5 1 782.65 
8 3 50000 1 1 496.09 
6 0 50000 1 1 862.4 
16 9 5000 10 1 441.46 
19 12 10000 5 1 522.28 
24 2 10000 5 1 275.45 
23 18 10000 5 1 591.82 
11 5 10000 5 1 823.21 
12 2 50000 1 1 326.92 
25 17 20000 2.5 1 244.72 
10 5 20000 2.5 1 130 
25 10 10000 5 1 449.19 
27 20 20000 2.5 1 76.99 
25 16 5000 10 1 430.47 
29 12 5000 10 1 506.13 
24 7 50000 1 1 314.84 
23 11 50000 1 1 644.17 
25 12 10000 5 1 507.02 
21 9 20000 2.5 1 400.02 
19 2 10000 5 1 196.73 
19 9 50000 1 1 655.03 
26 0 20000 2.5 1 703.88 
21 11 50000 1 1 496.73 
10 9 20000 2.5 1 575.11 
5 3 20000 2.5 1 630.45 
25 6 50000 1 1 293.31 
16 10 5000 10 1 544.52 
14 6 20000 2.5 1 643.57 
19 14 50000 1 1 323.49 
24 19 5000 10 1 144.28 
25 19 10000 5 1 633.87 
27 12 50000 1 1 578.27 
18 16 50000 1 1 477.24 
14 0 10000 5 1 495.58 
28 9 50000 1 1 121.3 
16 12 10000 5 1 581.02 
15 0 5000 10 1 773.4 
28 0 50000 1 1 385.39 
27 5 50000 1 1 290.46 
6 5 50000 1 1 316.47 
13 10 50000 1 1 615.53 
11 0 50000 1 1 410.16 
28 21 50000 1 1 435.63 
25 1 10000 5 1 259.58 
16 6 5000 10 1 600.68 
18 6 10000 5 1 589.84 
23 1 20000 2.5 1 383.04 
19 4 5000 10 1 82.22 
17 14 20000 2.5 1 815.68 
2 0 20000 2.5 1 575.53 
20 1 10000 5 1 925.09 
11 7 5000 10 1 460.53 
19 5 20000 2.5 1 349.56 
28 10 5000 10 1 698.7 
28 19 5000 10 1 662.57 
15 2 50000 1 1 470.68 
20 18 20000 2.5 1 720.2 
7 1 50000 1 1 689.21 
14 3 5000 10 1 328.81 
11 3 10000 5 1 451.08 
28 23 5000 10 1 594.66 
23 2 10000 5 1 797.62 
21 4 5000 10 1 895.38 
27 1 50000 1 1 997.37 
19 1 50000 1 1 865.7 
22 0 50000 1 1 712.92 
24 23 5000 10 1 623.15 
8 4 50000 1 1 237.43 
13 3 100 160.44 
6 5 50 116.5 
19 8 50 305.64 
21 17 50 127.63 
26 18 500 71.26 
1 13 100 119.95 
28 8 50 118.49 
15 19 100 56.02 
13 6 500 127.59 
15 0 50 149.83 
26 6 1000 176.24 
22 25 1000 95.98 
13 5 500 264.68 
8 11 100 182.31 
5 17 1000 196.27 
22 18 500 184.48 
20 19 1000 161.07 
15 21 100 148.15 
27 4 1000 206.28 
27 23 50 196.15 
14 12 100 161.12 
22 15 100 179.5 
25 1 1000 111.37 
20 12 1000 293.74 
10 18 1000 143.69 
20 15 500 112.58 
16 8 50 100.15 
10 19 100 189.46 
7 13 500 149.27 
22 23 100 71.33 
24 5 50 438.98 
9 2 1000 111.84 
23 7 50 255.06 
5 14 500 309.8 
3 15 1000 139.54 
19 10 100 189.46 
17 6 500 73.96 
6 3 500 151 
1 14 1000 54.27 
18 15 100 215.99 
14 8 1000 257.85 
10 27 50 199.21 
8 4 50 371.61 
22 28 500 93.02 
2 1 50 75.54 
18 29 50 74.82 
22 29 1000 175.07 
16 24 50 85.43 
14 22 50 270.46 
28 11 500 314.26 
6 1 100 118.83 
24 8 100 257.19 
19 17 100 57.03 
18 5 1000 168.8 
24 7 100 221.95 
13 27 50 473.36 
18 16 500 175.74 
26 10 100 123.64 
28 6 500 155.82 
14 3 500 350.48 
11 8 100 182.31 
25 17 1000 97.25 
15 28 50 218.59 
0 9 50 128.84 
0 28 500 79.98 
1 9 1000 90.3 
22 10 100 316.87 
1 10 500 179.38 
18 14 500 199.04 
10 3 100 144.59 
14 21 1000 85.23 
27 20 500 122.21 
28 13 500 146.19 
3 4 50 338.02 
2 19 50 230.11 
25 3 50 172.41 
8 12 100 206.28 
21 2 50 126.97 
5 27 100 289.02 
19 4 50 145.39 
29 16 500 83.76 
5 0 50 68.18 
18 13 500 69.46 
27 3 1000 288 
23 24 1000 71.33 
7 24 500 221.95 
8 0 50 130.21 
6 11 50 100.73 
29 14 50 158.96 
1 29 1000 164.96 
28 17 50 166.4 
11 10 50 231.46 
17 7 1000 70.66 
23 16 100 210.37 
5 3 1000 124.08 
13 22 100 215.57 
7 10 500 132.74 
27 18 100 78.59 
6 10 50 220.62 
11 6 500 100.73 
19 3 1000 237.61 
16 12 100 167.64 
7 17 50 70.66 
0 6 500 113.69 
16 6 50 297.29 
2 3 100 191.75 
8 13 500 343.14 
10 11 500 231.46 
9 6 500 134.06 
14 10 100 251.73 
16 5 50 66.22 
27 19 500 219.57 
21 27 100 89.45 
21 10 50 218.78 
5 28 500 177.9 
4 9 100 192.92 
28 5 1000 177.9 
13 28 100 146.19 
25 11 500 180.17 
21 1 1000 88.93 
29 20 1000 102.44 
28 27 500 193.17 
7 0 100 226.56 
16 29 50 83.76 
23 17 50 150.08 
23 2 500 86.85 
9 13 50 177.56 
26 21 500 168.64 
19 11 50 153.87 
12 25 50 59.4 
12 4 50 260.48 
15 3 500 139.54 
15 12 50 213.79 
17 25 500 97.25 
21 0 100 131.83 
21 14 100 85.23 
6 16 100 297.29 
9 24 1000 132.08 
16 11 100 220.89 
22 14 500 270.46 
0 5 500 68.18 
11 17 1000 167.57 
18 8 100 201.43 
2 11 500 136.94 
4 8 1000 371.61 
6 27 500 207.41 
6 14 100 118.68 
29 17 1000 260.58 
22 4 100 99.55 
8 3 100 255.88 
2 21 100 126.97 
22 8 100 257.19 
22 9 500 160.49 
2 28 1000 90.64 
0 7 50 226.56 
24 12 500 241.12 
4 2 500 217.59 
13 29 50 473.36 
9 20 1000 182.62 
7 26 500 130.41 
27 8 100 363.46 
4 20 1000 151.55 
17 1 50 192.43 
27 25 100 146.06 
0 20 50 68.57 
27 21 50 89.45 
7 29 1000 188.01 
4 19 500 145.39 
2 23 50 86.85 
6 26 100 176.24 
23 28 50 95.89 
6 9 50 134.06 
17 21 50 127.63 
28 20 50 193.7 
7 14 50 78.18 
19 25 100 152.35 
29 4 100 184.59 
13 15 50 214.66 
8 6 50 139.21 
9 27 50 163.83 
6 22 1000 239.1 
4 13 50 425.94 
20 9 50 182.62 
23 15 1000 145.29 
28 12 500 196.23 
14 23 50 138.05 
2 20 50 167.08 
0 15 100 149.83 
17 13 500 43.35 
26 28 50 112.89 
25 27 100 146.06 
2 27 100 314.82 
1 2 100 75.54 
21 11 1000 175.74 
18 20 50 100.62 
11 15 50 204.55 
1 20 500 211.16 
27 2 1000 314.82 
3 9 50 127.63 
18 17 100 122.79 
26 2 100 150.04 
24 18 1000 162.95 
20 25 500 67.2 
21 25 50 147.52 
12 17 500 59.94 
3 8 500 255.88 
26 29 100 116.5 
20 16 500 57.48 
12 10 1000 126.4 
4 21 50 99.57 
8 18 100 201.43 
15 17 1000 98.18 
0 24 500 244.53 
9 23 100 109.25 
29 6 1000 192.39 
4 24 100 99.55 
4 3 1000 338.02 
15 22 500 179.5 
10 9 50 232.1 
16 23 50 210.37 
4 27 50 206.28 
17 0 500 70.76 
13 21 1000 179.67 
29 15 50 228.02 
23 8 500 209.65 
2 18 50 183.73 
29 25 100 147.57 
9 1 100 90.3 
5 19 500 195.87 
20 4 1000 151.55 
3 10 500 144.59 
5 29 50 245.07 
3 23 50 186.49 
9 10 1000 232.1 
8 15 500 189.85 
8 7 1000 145.81 
15 7 500 120.58 
20 22 1000 140.38 
0 25 50 70.67 
22 26 50 206.56 
26 4 500 171.88 
0 19 500 126.4 
20 18 50 100.62 
4 25 50 185.92 
7 2 1000 152.77 
10 2 50 241.1 
11 2 1000 136.94 
28 21 1000 253.92 
20 5 1000 351.04 
19 7 50 222.55 
25 15 1000 116.5 
4 0 1000 141.6 
21 24 1000 111.44 
25 7 50 92.87 
24 26 50 206.56 
19 15 500 56.02 
14 16 100 91.68 
16 13 100 97.93 
15 8 100 189.85 
17 5 100 196.27 
7 19 500 222.55 
7 4 1000 196.59 
27 28 1000 193.17 
26 17 500 70.75 
17 26 500 70.75 
16 10 100 252.09 
11 13 100 108.9 
23 5 50 133.94 
15 26 100 92.05 
4 29 50 184.59 
22 21 50 111.44 
26 13 50 122.65 
19 9 500 79.59 
7 22 50 221.95 
14 18 50 199.04 
1 22 500 56.95 
16 9 1000 239.46 
10 15 500 167.49 
10 22 100 316.87 
25 4 100 185.92 
29 19 50 247.24 
15 14 1000 148.14 
19 27 500 219.57 
23 26 1000 160 
26 9 100 69.37 
0 2 1000 158.74 
0 23 1000 128.19 
18 3 100 151.37 
16 15 500 116.49 
19 29 500 247.24 
0 3 100 86.78 
26 24 50 206.56 
15 24 1000 150.81 
27 1 100 177.9 
0 16 100 146.81 
23 27 100 196.15 
6 4 100 252.46 
6 24 500 239.1 
5 22 500 438.98 
9 5 50 205.67 
20 0 1000 68.57 
26 7 1000 130.41 
14 13 500 91.01 
13 1 500 119.95 
1 7 100 206.83 
21 12 100 124 
22 11 1000 92.49 
20 17 100 156.26 
23 3 1000 186.49 
14 15 500 148.14 
8 27 1000 363.46 
4 28 1000 99.77 
18 2 500 183.73 
16 0 500 146.81 
11 14 1000 184.53 
17 11 1000 167.57 
6 29 100 192.39 
28 10 50 206 
16 25 1000 241.45 
25 14 1000 98.43 
3 6 500 151 
11 25 1000 180.17 
6 7 50 247.38 
10 14 1000 251.73 
7 11 100 107.37 
5 20 1000 351.04 
10 6 50 220.62 
14 6 1000 118.68 
20 11 500 120.27 
18 0 500 112.09 
7 3 100 181.37 
7 23 100 255.06 
25 9 1000 194.05 
4 15 50 181.85 
4 5 1000 278.42 
12 14 50 161.12 
23 22 100 71.33 
1 4 50 37.48 
7 28 100 85.69 
24 25 500 95.98 
23 11 1000 259.75 
15 10 1000 167.49 
5 2 500 268.87 
18 22 1000 184.48 
29 18 500 74.82 
10 1 1000 179.38 
3 5 500 124.08 
13 23 100 95.46 
13 18 1000 69.46 
8 29 500 350.76 
25 19 50 152.35 
4 12 500 260.48 
11 16 500 220.89 
23 4 100 201.18 
26 12 100 88.46 
3 25 50 172.41 
15 5 1000 292.04 
15 2 100 149.71 
11 9 50 263.66 
15 18 100 215.99 
28 18 100 266.55 
11 12 50 95.8 
5 18 1000 168.8 
14 17 100 109.06 
12 5 500 122.72 
10 7 100 132.74 
24 16 1000 85.43 
16 28 1000 306.17 
6 17 1000 73.96 
28 25 500 180.43 
17 2 50 108.31 
26 11 100 136.33 
20 8 100 338.24 
13 14 50 91.01 
2 8 50 164.04 
19 23 500 101.5 
17 8 50 41.58 
2 26 500 150.04 
18 12 500 65.5 
4 16 50 125.71 
15 20 500 112.58 
4 11 500 190.65 
5 21 50 144.26 
7 18 50 147.41 
12 3 100 171.51 
29 8 100 350.76 
0 18 50 112.09 
20 23 50 168.18 
3 18 1000 151.37 
24 6 100 239.1 
11 19 50 153.87 
26 25 500 105.71 
0 17 100 70.76 
20 24 50 140.38 
28 4 50 99.77 
17 29 500 260.58 
29 11 50 86.78 
5 13 1000 264.68 
28 14 100 119.71 
26 14 100 119.89 
10 12 500 126.4 
21 7 100 205.67 
22 3 500 136.52 
18 9 100 250.56 
10 24 500 316.87 
15 6 100 159.33 
22 19 500 79.01 
8 28 500 118.49 
3 20 50 252.69 
23 19 50 101.5 
16 22 500 85.43 
10 0 100 60.43 
1 21 100 88.93 
17 28 50 166.4 
14 9 50 96.51 
8 19 50 305.64 
9 0 50 128.84 
12 1 100 177.16 
20 21 50 57.91 
18 27 500 78.59 
2 13 50 217.93 
7 20 50 119.74 
18 1 1000 234.49 
6 19 1000 321.38 
27 10 100 199.21 
10 4 100 158.92 
15 13 1000 214.66 
21 28 50 253.92 
7 16 500 166.61 
28 22 50 93.02 
13 16 1000 97.93 
13 4 500 425.94 
5 26 500 63.21 
11 23 1000 259.75 
12 11 50 95.8 
11 21 500 175.74 
4 14 100 227.47 
5 1 50 172.51 
24 3 50 136.52 
25 26 50 105.71 
12 16 500 167.64 
20 28 100 193.7 
24 10 1000 316.87 
16 26 1000 207.13 
14 2 100 190.56 
5 12 100 122.72 
11 4 1000 190.65 
29 3 100 247.24 
3 7 100 181.37 
19 22 1000 79.01 
3 16 100 98.71 
21 9 100 228.45 
21 26 500 168.64 
11 3 100 126 
9 18 50 250.56 
20 2 1000 167.08 
6 25 50 140.25 
20 29 50 102.44 
16 18 100 175.74 
8 2 500 164.04 
14 11 1000 184.53 
16 7 500 166.61 
16 21 1000 140.05 
4 6 50 252.46 
7 8 500 145.81 
6 23 100 165.81 
28 9 1000 123.78 
10 13 1000 283.85 
22 12 100 245.9 
29 28 50 193.17 
25 8 50 108.74 
28 26 500 112.89 
7 25 100 92.87 
17 9 100 194.05 
6 28 1000 155.82 
27 7 50 179.97 
24 9 50 132.08 
18 19 50 142.36 
5 15 50 292.04 
8 21 100 86.35 
17 12 100 59.94 
16 19 1000 144.08 
7 5 500 160.86 
28 23 50 95.89 
1 19 500 100.55 
3 13 1000 160.44 
24 23 500 71.33 
21 4 50 99.57 
22 13 50 215.57 
9 14 500 96.51 
12 13 500 103.8 
13 26 50 122.65 
1 3 100 85.48 
1 25 50 111.37 
14 25 500 98.43 
27 24 1000 114.73 
15 4 50 181.85 
17 23 100 150.08 
3 17 500 174.73 
3 14 1000 350.48 
18 11 100 94.15 
0 10 1000 60.43 
28 16 1000 306.17 
25 20 50 67.2 
28 19 50 124.09 
8 17 50 41.58 
27 15 500 191.96 
20 7 50 119.74 
9 11 50 263.66 
13 17 500 43.35 
5 8 100 189.14 
12 23 1000 227.26 
14 0 100 171.44 
17 10 50 195.89 
5 11 50 177.9 
18 26 1000 71.26 
16 3 100 98.71 
13 12 500 103.8 
25 22 1000 95.98 
7 12 1000 217.01 
5 24 50 438.98 
24 28 1000 93.02 
25 10 500 173.15 
12 8 50 206.28 
9 19 50 79.59 
11 7 500 107.37 
13 19 1000 458.22 
3 27 50 288 
19 2 100 230.11 
5 10 500 169.31 
19 26 500 213.07 
18 23 100 165.83 
18 6 500 116.58 
18 24 1000 162.95 
26 23 1000 160 
19 16 500 144.08 
0 8 50 130.21 
25 16 1000 241.45 
22 2 500 107.56 
19 12 100 320.91 
2 4 50 217.59 
9 26 1000 69.37 
27 9 100 163.83 
0 11 500 102.35 
1 24 1000 56.95 
21 6 500 281.31 
28 15 100 218.59 
6 8 1000 139.21 
8 22 1000 257.19 
2 0 50 158.74 
27 17 1000 248.99 
2 17 50 108.31 
1 6 100 118.83 
16 4 100 125.71 
10 26 100 123.64 
16 14 50 91.68 
24 14 50 270.46 
14 26 1000 119.89 
23 1 100 120.03 
24 15 50 150.81 
21 22 500 111.44 
10 25 1000 173.15 
28 7 1000 85.69 
8 24 1000 257.19 
7 15 50 120.58 
27 12 100 226.32 
14 7 1000 78.18 
13 2 1000 217.93 
16 20 100 57.48 
9 4 1000 192.92 
1 11 500 304.82 
5 4 100 278.42 
18 28 1000 266.55 
9 22 50 160.49 
17 4 500 126.03 
9 16 100 239.46 
20 1 100 211.16 
24 27 1000 114.73 
17 22 1000 100.22 
24 11 1000 92.49 
5 25 50 177.7 
11 5 50 177.9 
6 2 100 130.81 
12 9 500 126.4 
18 4 50 205.98 
27 16 100 83.76 
19 1 500 100.55 
29 7 50 188.01 
13 10 100 283.85 
1 12 100 177.16 
7 21 50 205.67 
3 0 50 86.78 
12 0 500 102.98 
14 1 50 54.27 
9 21 100 228.45 
10 21 50 218.78 
1 0 500 156.5 
16 2 50 180.46 
15 9 50 267.18 
19 21 1000 137 
8 20 1000 338.24 
10 8 50 158.34 
24 2 50 116.5 
29 12 100 226.32 
17 15 100 98.18 
11 18 500 94.15 
20 6 50 260.7 
13 7 1000 149.27 
4 18 500 205.98 
17 3 50 174.73 
23 10 100 133.77 
21 13 50 179.67 
6 12 50 97.81 
10 17 50 195.89 
25 28 500 180.43 
9 7 1000 145.98 
25 12 100 59.4 
24 1 1000 56.95 
10 16 50 252.09 
24 4 500 99.55 
7 1 500 206.83 
12 2 100 195.16 
11 0 100 102.35 
21 15 100 148.15 
3 19 50 237.61 
14 19 100 103.2 
22 0 500 244.53 
10 20 100 223 
23 13 500 95.46 
4 17 100 126.03 
9 3 500 127.63 
19 6 1000 321.38 
29 10 50 198.86 
9 8 50 201.7 
8 25 1000 108.74 
23 6 50 165.81 
18 21 1000 171.2 
27 14 50 260.2 
26 27 1000 116.5 
9 25 100 194.05 
5 23 100 133.94 
28 2 100 90.64 
25 21 50 147.52 
20 10 1000 223 
4 22 1000 99.55 
3 24 500 136.52 
21 5 100 144.26 
23 25 500 132.75 
19 18 100 142.36 
14 5 500 309.8 
2 7 50 152.77 
8 23 100 209.65 
22 1 500 56.95 
5 16 50 66.22 
25 23 500 132.75 
20 26 500 85.2 
13 25 100 103.58 
21 18 50 171.2 
12 20 50 293.74 
25 5 100 177.7 
6 18 1000 116.58 
6 21 100 281.31 
25 6 1000 140.25 
20 27 500 122.21 
3 2 1000 191.75 
17 16 1000 207.65 
23 18 1000 165.83 
29 24 50 175.07 
26 19 50 213.07 
2 25 1000 153.03 
0 21 50 131.83 
23 14 50 138.05 
22 27 50 114.73 
14 24 1000 270.46 
1 28 50 253.28 
8 9 1000 201.7 
14 4 100 227.47 
12 28 50 196.23 
22 6 500 239.1 
24 19 500 88.58 
4 26 100 171.88 
5 6 1000 116.5 
24 17 50 100.22 
26 5 100 63.21 
25 13 500 103.58 
25 2 500 153.03 
19 0 50 126.4 
14 20 1000 285.72 
16 27 50 83.76 
8 10 1000 158.34 
1 26 100 83.63 
0 13 100 136.25 
27 26 500 116.5 
20 14 100 285.72 
12 15 50 213.79 
2 6 50 130.81 
21 8 500 86.35 
15 1 1000 67.7 
2 12 500 195.16 
2 15 500 149.71 
21 3 100 50.24 
12 22 1000 245.9 
20 13 100 426.3 
19 20 1000 161.07 
7 27 1000 179.97 
27 13 1000 473.36 
11 22 50 92.49 
15 25 100 116.5 
23 12 1000 227.26 
13 11 50 108.9 
19 24 100 88.58 
0 14 100 171.44 
28 24 500 93.02 
19 28 50 124.09 
9 12 100 126.4 
1 15 500 67.7 
13 24 500 215.57 
24 13 50 215.57 
22 7 100 221.95 
11 28 500 314.26 
15 27 1000 191.96 
26 22 1000 206.56 
21 23 500 156.63 
15 16 500 116.49 
27 22 500 114.73 
17 19 1000 57.03 
21 20 50 57.91 
15 11 500 204.55 
27 6 1000 207.41 
9 28 100 123.78 
4 1 500 37.48 
13 20 100 426.3 
24 20 500 140.38 
20 3 50 252.69 
28 1 500 253.28 
3 12 500 171.51 
12 6 100 97.81 
16 17 500 207.65 
3 28 500 75.71 
18 10 100 143.69 
26 15 50 92.05 
0 27 1000 105.16 
6 20 50 260.7 
22 16 500 85.43 
4 10 1000 158.92 
5 7 1000 160.86 
23 21 100 156.63 
11 27 50 116.5 
11 1 500 304.82 
8 26 1000 155.21 
2 16 100 180.46 
6 0 50 113.69 
7 6 100 247.38 
10 23 50 133.77 
22 5 1000 438.98 
14 28 100 119.71 
8 16 500 100.15 
1 27 50 177.9 
26 1 1000 83.63 
26 8 50 155.21 
13 8 500 343.14 
0 22 1000 244.53 
0 4 50 141.6 
28 3 1000 75.71 
19 14 50 103.2 
3 11 50 126 
13 0 50 136.25 
5 9 50 205.67 
25 18 100 155.74 
1 16 500 87.6 
24 21 50 111.44 
12 24 500 241.12 
9 15 500 267.18 
22 17 50 100.22 
1 23 100 120.03 
25 24 100 95.98 
19 13 50 458.22 
10 28 100 206 
18 25 50 155.74 
2 24 50 116.5 
3 22 50 136.52 
2 14 100 190.56 
12 7 500 217.01 
26 16 50 207.13 
17 27 500 248.99 
23 20 1000 168.18 
0 12 100 102.98 
12 27 1000 226.32 
17 14 100 109.06 
17 24 100 100.22 
2 10 50 241.1 
27 11 1000 116.5 
2 5 500 268.87 
7 9 1000 145.98 
2 22 50 107.56 
26 20 500 85.2 
23 0 50 128.19 
8 5 50 189.14 
25 0 1000 70.67 
23 9 500 109.25 
27 5 100 289.02 
1 17 500 192.43 
3 1 1000 85.48 
12 26 50 88.46 
4 7 50 196.59 
11 20 50 120.27 
27 0 1000 105.16 
8 1 100 34.85 
8 14 100 257.85 
1 8 100 34.85 
4 23 500 201.18 
15 23 1000 145.29 
18 7 1000 147.41 
6 13 50 127.59 
24 0 50 244.53 
22 20 50 140.38 
1 5 1000 172.51 
17 20 100 156.26 
11 26 50 136.33 
11 24 500 92.49 
12 18 50 65.5 
28 0 50 79.98 
17 18 50 122.79 
12 19 50 320.91 
19 5 50 195.87 
21 16 500 140.05 
0 1 500 156.5 
16 1 1000 87.6 
1 18 100 234.49 
3 21 100 50.24 
6 15 50 159.33 
10 5 1000 169.31 
9 17 100 194.05 
13 9 500 177.56 
2 9 1000 111.84 
21 19 500 137 
14 27 1000 260.2 
12 21 50 124 
