30 174 765 
12 19 5000 10 1 342.29 
3 16 50000 1 1 650.15 
19 27 5000 10 1 503.67 
16 24 50000 1 1 827.9 
17 22 5000 10 1 900.46 
16 27 5000 10 1 457 
4 22 10000 5 1 658.78 
9 23 20000 2.5 1 204.29 
0 8 20000 2.5 1 781.61 
0 3 50000 1 1 661.08 
16 28 20000 2.5 1 296.94 
4 9 10000 5 1 258.64 
1 22 5000 10 1 84.38 
1 23 10000 5 1 775.74 
15 29 10000 5 1 448.6 
25 26 5000 10 1 268.67 
2 16 10000 5 1 220.83 
1 9 50000 1 1 925.66 
9 17 20000 2.5 1 18.66 
11 18 10000 5 1 818.3 
5 17 10000 5 1 600.77 
0 13 5000 10 1 445.95 
22 24 10000 5 1 184.3 
3 11 20000 2.5 1 588.58 
9 16 20000 2.5 1 35.17 
23 26 5000 10 1 85.3 
15 28 5000 10 1 409.51 
6 11 5000 10 1 689.44 
19 28 50000 1 1 740.09 
7 13 5000 10 1 696.46 
4 11 50000 1 1 367.5 
7 16 10000 5 1 875.15 
6 12 20000 2.5 1 540.17 
1 14 20000 2.5 1 705.53 
12 17 10000 5 1 861.88 
6 29 50000 1 1 402.7 
4 27 10000 5 1 455.08 
1 2 20000 2.5 1 742.25 
12 16 10000 5 1 813.86 
13 20 5000 10 1 717.69 
7 27 10000 5 1 662.47 
6 16 50000 1 1 605.85 
1 28 50000 1 1 746.3 
20 26 5000 10 1 582.57 
1 20 20000 2.5 1 580.45 
11 28 50000 1 1 236.29 
15 23 10000 5 1 399.65 
16 21 10000 5 1 758.24 
11 17 50000 1 1 135.82 
0 20 10000 5 1 458.21 
2 12 20000 2.5 1 772.79 
3 13 20000 2.5 1 222.82 
10 12 50000 1 1 614.25 
2 21 20000 2.5 1 687.07 
15 24 50000 1 1 475.51 
3 21 50000 1 1 251 
4 21 20000 2.5 1 960.85 
5 11 50000 1 1 733.15 
13 24 50000 1 1 715.28 
21 29 10000 5 1 269.52 
0 7 20000 2.5 1 836.84 
6 10 50000 1 1 495.85 
19 22 10000 5 1 103.87 
2 4 5000 10 1 362.59 
9 29 20000 2.5 1 789.24 
8 29 5000 10 1 89.33 
8 14 5000 10 1 526.3 
15 19 10000 5 1 620.14 
18 19 10000 5 1 119.54 
12 23 20000 2.5 1 693.57 
23 29 10000 5 1 810.29 
4 17 5000 10 1 248.39 
9 12 10000 5 1 845.21 
19 24 50000 1 1 235.41 
2 17 20000 2.5 1 195.69 
14 27 20000 2.5 1 451.69 
8 28 20000 2.5 1 483.76 
17 20 5000 10 1 372.06 
18 29 50000 1 1 383.38 
0 16 5000 10 1 79.26 
9 22 5000 10 1 916.09 
27 29 5000 10 1 326.78 
12 28 20000 2.5 1 533.74 
1 12 10000 5 1 223.53 
15 17 50000 1 1 584.4 
0 29 10000 5 1 794.86 
14 16 50000 1 1 312.58 
19 12 5000 10 1 342.29 
16 3 50000 1 1 650.15 
27 19 5000 10 1 503.67 
24 16 50000 1 1 827.9 
22 17 5000 10 1 900.46 
27 16 5000 10 1 457 
22 4 10000 5 1 658.78 
23 9 20000 2.5 1 204.29 
8 0 20000 2.5 1 781.61 
3 0 50000 1 1 661.08 
28 16 20000 2.5 1 296.94 
9 4 10000 5 1 258.64 
22 1 5000 10 1 84.38 
23 1 10000 5 1 775.74 
29 15 10000 5 1 448.6 
26 25 5000 10 1 268.67 
16 2 10000 5 1 220.83 
9 1 50000 1 1 925.66 
17 9 20000 2.5 1 18.66 
18 11 10000 5 1 818.3 
17 5 10000 5 1 600.77 
13 0 5000 10 1 445.95 
24 22 10000 5 1 184.3 
11 3 20000 2.5 1 588.58 
16 9 20000 2.5 1 35.17 
26 23 5000 10 1 85.3 
28 15 5000 10 1 409.51 
11 6 5000 10 1 689.44 
28 19 50000 1 1 740.09 
13 7 5000 10 1 696.46 
11 4 50000 1 1 367.5 
16 7 10000 5 1 875.15 
12 6 20000 2.5 1 540.17 
14 1 20000 2.5 1 705.53 
17 12 10000 5 1 861.88 
29 6 50000 1 1 402.7 
27 4 10000 5 1 455.08 
2 1 20000 2.5 1 742.25 
16 12 10000 5 1 813.86 
20 13 5000 10 1 717.69 
27 7 10000 5 1 662.47 
16 6 50000 1 1 605.85 
28 1 50000 1 1 746.3 
26 20 5000 10 1 582.57 
20 1 20000 2.5 1 580.45 
28 11 50000 1 1 236.29 
23 15 10000 5 1 399.65 
21 16 10000 5 1 758.24 
17 11 50000 1 1 135.82 
20 0 10000 5 1 458.21 
12 2 20000 2.5 1 772.79 
13 3 20000 2.5 1 222.82 
12 10 50000 1 1 614.25 
21 2 20000 2.5 1 687.07 
24 15 50000 1 1 475.51 
21 3 50000 1 1 251 
21 4 20000 2.5 1 960.85 
11 5 50000 1 1 733.15 
24 13 50000 1 1 715.28 
29 21 10000 5 1 269.52 
7 0 20000 2.5 1 836.84 
10 6 50000 1 1 495.85 
22 19 10000 5 1 103.87 
4 2 5000 10 1 362.59 
29 9 20000 2.5 1 789.24 
29 8 5000 10 1 89.33 
14 8 5000 10 1 526.3 
19 15 10000 5 1 620.14 
19 18 10000 5 1 119.54 
23 12 20000 2.5 1 693.57 
29 23 10000 5 1 810.29 
17 4 5000 10 1 248.39 
12 9 10000 5 1 845.21 
24 19 50000 1 1 235.41 
17 2 20000 2.5 1 195.69 
27 14 20000 2.5 1 451.69 
28 8 20000 2.5 1 483.76 
20 17 5000 10 1 372.06 
29 18 50000 1 1 383.38 
16 0 5000 10 1 79.26 
22 9 5000 10 1 916.09 
29 27 5000 10 1 326.78 
28 12 20000 2.5 1 533.74 
12 1 10000 5 1 223.53 
17 15 50000 1 1 584.4 
29 0 10000 5 1 794.86 
16 14 50000 1 1 312.58 
20 16 50 390.91 
18 16 500 162.85 
4 11 100 506.08 
15 22 50 343.64 
23 9 500 180.8 
18 9 100 141.67 
4 26 500 367.36 
0 20 1000 394.97 
18 2 1000 118.07 
5 17 1000 569.16 
13 24 1000 154.98 
8 11 500 243.58 
0 22 100 194.74 
29 23 500 268.8 
4 2 1000 610.34 
11 19 100 196.1 
21 0 50 432.74 
2 28 100 533.6 
14 0 500 230.36 
6 7 1000 157.28 
12 17 100 188.94 
0 26 1000 419.79 
18 8 1000 341.01 
12 11 500 201.68 
6 15 1000 342.17 
2 6 500 145.45 
11 14 100 314.79 
11 13 100 360.96 
1 21 100 204.97 
19 17 1000 153.28 
6 18 1000 240.78 
4 17 500 484.14 
2 1 1000 102.59 
24 15 1000 261.59 
14 2 500 350.88 
15 20 1000 347.3 
6 19 1000 235.24 
17 18 50 135.94 
4 5 50 666.47 
21 17 50 240.79 
15 12 100 213.62 
14 13 100 288.7 
29 0 50 344.22 
7 8 1000 284.93 
26 5 100 422.33 
5 12 50 185.57 
4 24 100 160.21 
24 23 1000 205.89 
29 2 1000 167.65 
20 0 50 394.97 
12 22 1000 171.92 
6 23 100 179.37 
24 27 100 276.3 
0 11 100 435.6 
6 16 100 211.73 
9 12 1000 185.15 
17 4 100 484.14 
22 8 1000 418.61 
2 11 100 660.68 
4 13 100 329.59 
1 23 1000 261.64 
21 24 100 244.44 
16 21 50 354.39 
18 26 1000 191.66 
10 5 100 282.96 
16 28 100 323.44 
14 9 500 366.08 
28 26 50 312.91 
10 16 100 230.14 
14 3 100 370.17 
7 16 1000 360.29 
27 29 100 197.56 
27 9 50 307.27 
5 29 100 207.93 
16 6 100 211.73 
15 27 500 271.62 
28 17 1000 373.47 
22 16 50 186.12 
24 4 1000 160.21 
26 14 100 269.17 
20 26 100 426.8 
10 29 100 271.69 
16 5 1000 477.29 
10 23 500 283.65 
21 3 500 213.94 
8 21 100 131.98 
15 6 100 342.17 
16 8 1000 289.26 
0 24 50 176.51 
0 21 50 432.74 
29 4 500 153.1 
18 13 100 157.56 
18 29 1000 266.64 
24 28 500 311.56 
12 1 50 122.44 
28 20 100 350.17 
22 29 1000 317.63 
10 15 500 323.47 
29 18 1000 266.64 
16 23 50 465.31 
0 6 100 181.82 
22 12 500 171.92 
2 20 100 526.59 
12 29 50 270.78 
17 11 100 416.79 
13 27 100 262.41 
0 27 50 361.84 
12 21 100 177.88 
29 11 500 275.53 
9 5 1000 618.63 
7 3 50 382.56 
1 19 50 235.69 
7 10 1000 198.12 
17 7 1000 305.57 
17 24 100 138.71 
10 18 500 293.59 
12 5 100 185.57 
5 18 500 134.6 
3 10 100 161.78 
24 5 500 129.96 
27 22 1000 218.52 
26 24 500 182.29 
24 6 500 325.02 
20 8 1000 274.4 
12 19 100 216.15 
19 22 500 218.85 
13 11 100 360.96 
1 26 1000 263.34 
26 18 500 191.66 
10 7 100 198.12 
13 2 100 381.47 
9 11 100 574.5 
9 16 100 437.08 
24 20 100 202.85 
23 21 1000 367.76 
13 14 100 288.7 
4 22 50 141.09 
14 11 1000 314.79 
17 14 500 404.44 
19 27 50 164.51 
23 15 50 219.16 
6 20 100 166.42 
28 18 1000 239.82 
9 1 500 293.97 
3 11 100 298.94 
24 18 50 228.79 
7 20 500 352.01 
15 17 50 276.57 
11 7 500 309.89 
22 27 1000 218.52 
21 5 100 237.4 
15 2 1000 264.22 
29 7 500 225.34 
10 14 100 294.26 
1 17 500 256.65 
5 7 50 266.82 
1 12 50 122.44 
29 27 500 197.56 
19 12 1000 216.15 
23 5 100 428.71 
11 0 1000 435.6 
19 4 500 131.28 
29 19 500 301.56 
0 23 500 420.15 
27 23 50 306.88 
23 29 500 268.8 
24 13 100 154.98 
16 22 100 186.12 
15 10 50 323.47 
17 15 100 276.57 
2 14 100 350.88 
13 26 1000 210.17 
21 23 500 367.76 
2 10 100 265.54 
18 22 500 249.47 
6 8 50 315.84 
3 15 1000 362.69 
23 0 50 420.15 
17 5 50 569.16 
28 1 1000 115.86 
12 23 100 199.95 
1 9 1000 293.97 
8 7 100 284.93 
22 20 100 127.55 
29 20 500 218.26 
19 16 500 137.62 
11 29 50 275.53 
29 10 100 271.69 
16 1 1000 315.61 
5 11 100 569.16 
15 11 100 336.38 
19 6 100 235.24 
8 19 50 387.61 
13 19 50 175.03 
7 19 500 116.51 
28 12 500 276.26 
15 14 50 254.93 
3 23 100 314.42 
7 0 500 360.29 
14 17 500 404.44 
24 14 500 156.31 
23 16 500 465.31 
17 2 100 324.9 
20 15 1000 347.3 
23 13 1000 163.92 
5 9 100 618.63 
9 10 100 239.89 
27 24 100 276.3 
6 28 1000 188.59 
7 27 500 391.59 
3 21 500 213.94 
14 18 100 175.05 
10 24 1000 557.36 
10 4 100 165.58 
6 24 500 325.02 
14 12 1000 286.77 
26 1 500 263.34 
15 13 1000 252.53 
14 19 1000 201.54 
4 0 500 621.8 
17 0 100 381 
2 22 100 190.36 
23 19 500 199.84 
27 18 500 124.89 
13 1 100 218.94 
6 21 1000 287.79 
0 4 50 621.8 
16 24 500 154.98 
26 28 1000 312.91 
17 23 500 507.16 
20 9 500 417.69 
28 5 50 403.04 
10 3 50 161.78 
27 15 1000 271.62 
1 22 100 83.53 
22 6 100 176.17 
1 13 1000 218.94 
7 5 100 266.82 
29 1 1000 397.03 
23 17 50 507.16 
3 22 500 89.47 
24 29 1000 284.94 
2 9 1000 465.02 
0 10 1000 249.16 
3 20 1000 261.24 
2 7 1000 304.29 
24 2 100 151.8 
26 16 50 469.66 
1 4 1000 123.2 
18 28 500 239.82 
16 7 50 360.29 
11 12 50 201.68 
16 18 100 162.85 
18 1 50 268.03 
6 29 500 227.79 
26 20 50 426.8 
3 7 100 382.56 
27 1 100 193.48 
5 2 1000 519.68 
22 21 100 269.63 
21 11 50 195.39 
1 7 100 92.36 
19 18 500 238.76 
7 14 500 347.07 
4 16 50 734.09 
1 20 50 131.25 
20 22 500 127.55 
15 29 1000 196.34 
22 13 500 197.16 
22 19 1000 218.85 
18 4 50 126.61 
5 24 1000 129.96 
17 29 500 289.14 
22 10 100 225.52 
26 22 1000 274.61 
12 2 100 364.9 
23 1 1000 261.64 
17 3 100 313.51 
15 3 500 362.69 
26 4 50 367.36 
7 26 100 181.49 
1 14 100 214.59 
22 15 500 343.64 
11 26 100 419.65 
9 29 1000 315.08 
19 1 50 235.69 
29 16 500 344.22 
0 19 1000 120.29 
2 15 500 264.22 
2 18 500 118.07 
18 12 1000 267.25 
5 23 100 428.71 
10 9 100 239.89 
7 17 100 305.57 
19 13 500 175.03 
15 4 100 408.76 
5 1 100 181.1 
20 11 1000 362.69 
12 15 100 213.62 
12 14 1000 286.77 
21 10 50 225.9 
24 0 500 176.51 
9 2 50 465.02 
1 8 500 397.46 
18 15 50 312.08 
23 22 100 222.38 
28 10 100 282.66 
0 13 1000 355.17 
2 27 50 384.41 
28 29 1000 187.35 
15 7 100 230.84 
22 1 500 83.53 
27 7 1000 391.59 
27 26 50 296.83 
11 9 500 574.5 
14 28 500 285.02 
10 0 50 249.16 
12 9 500 185.15 
11 3 1000 298.94 
19 24 50 214.47 
14 15 500 254.93 
23 6 1000 179.37 
20 21 100 228.38 
23 24 1000 205.89 
7 22 500 151.2 
21 16 100 354.39 
11 18 500 168.52 
21 12 500 177.88 
14 8 100 270.99 
3 8 1000 219.3 
26 10 100 282.54 
16 20 1000 390.91 
18 27 100 124.89 
13 7 100 353.86 
29 8 50 206.13 
7 29 50 225.34 
9 6 100 153.64 
17 1 50 256.65 
10 8 500 266.86 
8 5 500 194.27 
0 18 50 179.15 
3 13 50 277.95 
21 8 1000 131.98 
21 20 500 228.38 
10 21 1000 225.9 
22 7 500 151.2 
5 8 50 194.27 
0 17 500 381 
13 21 500 290.68 
27 16 1000 389.51 
9 17 100 526.62 
3 2 1000 257.36 
27 19 100 164.51 
4 6 1000 308.28 
8 6 50 315.84 
3 4 500 203.76 
7 28 100 259.11 
7 12 1000 227.35 
8 20 100 274.4 
22 18 1000 249.47 
9 15 500 261.55 
0 7 500 360.29 
19 20 100 139.42 
29 22 500 317.63 
10 28 500 282.66 
23 4 50 383.95 
20 12 1000 264.72 
19 23 500 199.84 
0 16 1000 291.26 
1 11 1000 302.75 
9 8 50 229.85 
16 4 50 734.09 
1 2 50 102.59 
14 29 500 337.52 
19 2 500 141.34 
8 12 50 215.23 
7 1 50 92.36 
27 20 100 325.05 
19 8 100 387.61 
13 5 100 224.35 
2 8 500 287.48 
26 19 500 194.4 
10 19 1000 283.49 
20 23 500 426.8 
2 19 1000 141.34 
4 1 500 123.2 
26 6 50 174.66 
20 13 1000 395.72 
2 13 1000 381.47 
5 14 50 313.82 
13 8 500 232.1 
8 13 100 232.1 
16 27 500 389.51 
22 9 1000 194.74 
28 14 50 285.02 
12 24 50 292.85 
15 23 1000 219.16 
21 29 500 116.31 
19 5 500 150.33 
10 22 50 225.52 
8 2 1000 287.48 
2 3 100 257.36 
2 0 100 476.24 
26 11 50 419.65 
29 15 100 196.34 
13 18 1000 157.56 
5 22 50 111.34 
28 15 500 205.07 
21 28 50 286.73 
4 20 500 451.35 
4 28 100 590.34 
19 29 100 301.56 
10 20 1000 273.59 
27 17 100 283.59 
23 11 50 430.96 
22 2 1000 190.36 
27 3 1000 260.78 
16 14 50 256.81 
24 7 1000 144.03 
28 3 50 339.45 
16 29 500 344.22 
2 4 50 610.34 
9 21 500 251.8 
9 24 50 132.78 
10 26 50 282.54 
16 2 100 347.77 
10 17 100 271.96 
13 29 100 218.76 
23 27 50 306.88 
5 4 100 666.47 
16 3 1000 320.38 
7 18 500 124.15 
26 7 50 181.49 
14 24 50 156.31 
7 23 1000 211.92 
8 9 500 229.85 
3 6 50 299.7 
18 17 1000 135.94 
24 9 50 132.78 
18 19 500 238.76 
20 6 1000 166.42 
18 20 1000 155.22 
0 1 500 313.26 
4 3 1000 203.76 
8 29 1000 206.13 
19 14 100 201.54 
26 27 50 296.83 
28 21 500 286.73 
21 9 1000 251.8 
20 29 1000 218.26 
3 18 50 106.69 
8 23 50 264.28 
24 8 1000 255.01 
8 10 100 266.86 
17 28 100 373.47 
20 5 100 415.69 
14 4 100 448.56 
24 22 100 209.67 
23 7 1000 211.92 
4 29 1000 153.1 
13 28 100 318.25 
18 14 500 175.05 
17 8 100 242.28 
26 13 50 210.17 
19 3 50 85.42 
21 13 50 290.68 
5 10 500 282.96 
0 29 50 344.22 
22 23 500 222.38 
3 12 1000 118.26 
5 15 500 279.39 
18 10 500 293.59 
8 15 50 206.35 
15 18 1000 312.08 
6 9 1000 153.64 
12 13 500 299.49 
9 3 50 324.53 
17 21 500 240.79 
20 10 1000 273.59 
14 10 100 294.26 
8 27 100 144.38 
16 13 100 373.15 
6 13 1000 183.05 
7 9 500 262.98 
21 15 50 179.23 
2 17 100 324.9 
8 16 1000 289.26 
9 14 1000 366.08 
23 20 500 426.8 
0 5 1000 472.64 
16 9 50 437.08 
24 11 50 175.92 
28 9 1000 328.66 
11 20 100 362.69 
5 3 1000 339.33 
29 24 1000 284.94 
9 18 50 141.67 
12 0 1000 212.84 
27 13 1000 262.41 
16 10 50 230.14 
15 0 100 222.03 
12 27 500 221.55 
20 7 50 352.01 
10 1 1000 250.63 
28 11 500 345.23 
2 23 500 415.29 
7 24 1000 144.03 
5 27 100 289.61 
15 28 500 205.07 
13 22 500 197.16 
7 2 100 304.29 
16 17 100 504.94 
1 5 50 181.1 
14 23 500 269.9 
16 19 500 137.62 
29 21 100 116.31 
19 7 500 116.51 
21 1 500 204.97 
3 19 100 85.42 
27 4 100 398.46 
18 3 50 106.69 
12 8 50 215.23 
19 9 100 146.77 
8 14 500 270.99 
9 23 100 180.8 
4 23 100 383.95 
1 15 100 327.67 
1 18 100 268.03 
20 24 50 202.85 
12 18 1000 267.25 
17 12 100 188.94 
21 14 100 361.92 
3 17 50 313.51 
28 6 100 188.59 
8 3 1000 219.3 
0 9 1000 310.21 
3 14 100 370.17 
1 29 1000 397.03 
3 0 50 334.15 
13 3 100 277.95 
27 2 50 384.41 
21 4 500 238.4 
3 29 50 151.17 
13 4 500 329.59 
18 11 500 168.52 
22 17 100 181.12 
1 10 100 250.63 
7 4 100 321.74 
22 14 1000 193.48 
21 7 100 210.12 
12 3 100 118.26 
14 27 500 342.45 
15 24 1000 261.59 
3 24 1000 198 
16 12 50 211.41 
13 23 50 163.92 
7 15 50 230.84 
10 2 50 265.54 
28 27 50 319.85 
6 22 100 176.17 
29 13 50 218.76 
29 9 100 315.08 
4 9 50 686.39 
16 0 500 291.26 
12 16 500 211.41 
3 9 50 324.53 
6 5 100 160.8 
6 0 100 181.82 
3 1 500 92.44 
27 6 100 332.64 
1 6 500 154.84 
10 11 1000 291.85 
8 18 500 341.01 
17 6 1000 147.34 
4 19 100 131.28 
9 7 500 262.98 
11 22 100 211.67 
28 7 500 259.11 
17 13 500 326.06 
27 5 50 289.61 
26 2 50 440.5 
27 8 500 144.38 
6 11 500 247.34 
14 22 1000 193.48 
24 1 1000 220.64 
11 2 500 660.68 
6 14 100 247.75 
24 17 50 138.71 
18 21 50 232 
3 16 50 320.38 
17 19 500 153.28 
9 13 50 311.9 
17 9 50 526.62 
2 21 100 220.69 
2 12 50 364.9 
20 14 1000 341.18 
17 22 500 181.12 
19 10 50 283.49 
12 4 100 274.48 
3 5 50 339.33 
23 8 1000 264.28 
10 13 500 271.45 
17 10 1000 271.96 
8 17 500 242.28 
28 16 1000 323.44 
28 24 100 311.56 
23 3 100 314.42 
19 11 500 196.1 
7 21 500 210.12 
6 1 100 154.84 
4 7 100 321.74 
12 6 500 314.16 
10 27 500 234.56 
21 22 100 269.63 
6 4 100 308.28 
20 2 50 526.59 
11 8 50 243.58 
29 3 100 151.17 
20 17 50 296.58 
4 15 50 408.76 
28 22 100 151.23 
8 24 500 255.01 
4 27 100 398.46 
29 17 500 289.14 
29 5 1000 207.93 
22 3 1000 89.47 
9 22 50 194.74 
20 3 50 261.24 
27 14 50 342.45 
1 3 100 92.44 
18 7 50 124.15 
7 11 1000 309.89 
21 6 500 287.79 
21 18 500 232 
21 19 1000 244.25 
5 0 100 472.64 
9 27 1000 307.27 
19 28 100 197.88 
14 5 1000 313.82 
27 10 1000 234.56 
24 3 100 198 
29 6 50 227.79 
27 12 500 221.55 
16 15 1000 239.96 
4 14 500 448.56 
24 10 100 557.36 
28 19 500 197.88 
13 15 100 252.53 
28 0 500 341.35 
11 16 100 566.42 
22 4 50 141.09 
21 2 50 220.69 
15 19 100 320.23 
23 18 500 195.48 
28 23 50 334.79 
2 24 50 151.8 
8 22 500 418.61 
6 17 100 147.34 
2 5 1000 519.68 
0 8 50 289.26 
15 1 50 327.67 
18 5 50 134.6 
24 21 500 244.44 
5 6 50 160.8 
8 1 100 397.46 
29 12 1000 270.78 
18 23 1000 195.48 
13 6 50 183.05 
22 11 50 211.67 
18 24 100 228.79 
12 28 500 276.26 
17 16 500 504.94 
19 21 1000 244.25 
21 27 50 222.84 
14 6 1000 247.75 
15 21 1000 179.23 
14 16 500 256.81 
0 12 100 212.84 
22 5 1000 111.34 
12 7 1000 227.35 
23 14 50 269.9 
20 4 50 451.35 
15 16 500 239.96 
13 10 50 271.45 
15 5 50 279.39 
23 2 500 415.29 
19 0 500 120.29 
22 28 1000 151.23 
11 28 100 345.23 
11 5 100 569.16 
18 0 500 179.15 
9 4 1000 686.39 
11 17 50 416.79 
24 12 1000 292.85 
7 13 50 353.86 
22 0 50 194.74 
23 12 1000 199.95 
0 15 50 222.03 
13 12 100 299.49 
2 16 100 347.77 
28 8 500 237.01 
24 19 50 214.47 
0 14 1000 230.36 
23 28 100 334.79 
28 4 1000 590.34 
4 10 1000 165.58 
11 23 100 430.96 
27 21 500 222.84 
11 24 500 175.92 
14 21 100 361.92 
9 28 500 328.66 
5 21 1000 237.4 
6 3 100 299.7 
11 10 100 291.85 
3 27 100 260.78 
13 0 50 355.17 
0 3 100 334.15 
23 10 1000 283.65 
13 9 50 311.9 
4 12 50 274.48 
11 1 500 302.75 
11 21 50 195.39 
29 28 1000 187.35 
26 15 50 208.82 
16 11 100 566.42 
17 27 1000 283.59 
5 19 1000 150.33 
5 16 50 477.29 
0 2 500 476.24 
27 11 1000 306.49 
1 16 1000 315.61 
3 28 1000 339.45 
11 27 100 306.49 
28 2 1000 533.6 
1 27 500 193.48 
26 0 100 419.79 
5 13 500 224.35 
11 6 500 247.34 
29 14 100 337.52 
24 16 50 154.98 
1 24 1000 220.64 
9 0 500 310.21 
18 6 500 240.78 
11 4 50 506.08 
14 7 50 347.07 
11 15 100 336.38 
6 27 100 332.64 
28 13 100 318.25 
2 29 500 167.65 
1 0 500 313.26 
15 8 1000 206.35 
6 2 100 145.45 
8 4 100 254.93 
15 9 100 261.55 
14 1 500 214.59 
9 19 500 146.77 
6 12 50 314.16 
13 17 50 326.06 
4 8 50 254.93 
1 28 50 115.86 
27 28 500 319.85 
4 21 500 238.4 
19 15 50 320.23 
22 24 500 209.67 
13 16 100 373.15 
