25 120 173 
7 13 50000 1 1 490.85 
3 10 50000 1 1 503.43 
8 18 50000 1 1 217.13 
10 12 5000 10 1 519.53 
0 6 20000 2.5 1 452.09 
5 15 20000 2.5 1 826.12 
5 11 50000 1 1 338.97 
0 21 5000 10 1 150.52 
8 12 5000 10 1 124.07 
9 13 20000 2.5 1 556.44 
0 23 20000 2.5 1 918.13 
4 22 5000 10 1 896.61 
23 24 5000 10 1 82.48 
10 22 20000 2.5 1 596.33 
16 22 5000 10 1 722.38 
14 22 10000 5 1 528.11 
17 21 5000 10 1 413.72 
3 17 50000 1 1 447.71 
12 15 20000 2.5 1 699.26 
2 16 10000 5 1 798.26 
1 11 5000 10 1 632.22 
2 24 50000 1 1 500.53 
11 17 20000 2.5 1 345.42 
4 9 50000 1 1 340.69 
3 18 5000 10 1 505.73 
17 20 50000 1 1 322.97 
0 3 5000 10 1 173.08 
2 13 20000 2.5 1 726.73 
13 19 5000 10 1 590.79 
10 13 5000 10 1 412.31 
5 6 20000 2.5 1 711.25 
1 5 50000 1 1 775.83 
6 21 50000 1 1 539.2 
15 21 10000 5 1 911.45 
4 17 20000 2.5 1 785.01 
14 18 5000 10 1 657.89 
7 14 20000 2.5 1 299.43 
11 18 10000 5 1 287.55 
0 19 5000 10 1 209.65 
3 16 20000 2.5 1 829.59 
12 17 20000 2.5 1 616.25 
10 17 50000 1 1 782.61 
3 15 10000 5 1 837.12 
4 11 50000 1 1 604.06 
13 22 50000 1 1 414.32 
11 21 5000 10 1 456.75 
1 9 10000 5 1 393.38 
1 2 10000 5 1 507.99 
7 23 50000 1 1 194.09 
9 10 20000 2.5 1 177.58 
13 20 20000 2.5 1 339.55 
14 19 20000 2.5 1 562.12 
2 22 50000 1 1 490.31 
12 22 50000 1 1 374.11 
15 17 5000 10 1 677.12 
0 8 10000 5 1 354.35 
8 16 20000 2.5 1 805.74 
3 19 20000 2.5 1 140.2 
1 17 20000 2.5 1 719.93 
1 22 50000 1 1 901.7 
13 7 50000 1 1 490.85 
10 3 50000 1 1 503.43 
18 8 50000 1 1 217.13 
12 10 5000 10 1 519.53 
6 0 20000 2.5 1 452.09 
15 5 20000 2.5 1 826.12 
11 5 50000 1 1 338.97 
21 0 5000 10 1 150.52 
12 8 5000 10 1 124.07 
13 9 20000 2.5 1 556.44 
23 0 20000 2.5 1 918.13 
22 4 5000 10 1 896.61 
24 23 5000 10 1 82.48 
22 10 20000 2.5 1 596.33 
22 16 5000 10 1 722.38 
22 14 10000 5 1 528.11 
21 17 5000 10 1 413.72 
17 3 50000 1 1 447.71 
15 12 20000 2.5 1 699.26 
16 2 10000 5 1 798.26 
11 1 5000 10 1 632.22 
24 2 50000 1 1 500.53 
17 11 20000 2.5 1 345.42 
9 4 50000 1 1 340.69 
18 3 5000 10 1 505.73 
20 17 50000 1 1 322.97 
3 0 5000 10 1 173.08 
13 2 20000 2.5 1 726.73 
19 13 5000 10 1 590.79 
13 10 5000 10 1 412.31 
6 5 20000 2.5 1 711.25 
5 1 50000 1 1 775.83 
21 6 50000 1 1 539.2 
21 15 10000 5 1 911.45 
17 4 20000 2.5 1 785.01 
18 14 5000 10 1 657.89 
14 7 20000 2.5 1 299.43 
18 11 10000 5 1 287.55 
19 0 5000 10 1 209.65 
16 3 20000 2.5 1 829.59 
17 12 20000 2.5 1 616.25 
17 10 50000 1 1 782.61 
15 3 10000 5 1 837.12 
11 4 50000 1 1 604.06 
22 13 50000 1 1 414.32 
21 11 5000 10 1 456.75 
9 1 10000 5 1 393.38 
2 1 10000 5 1 507.99 
23 7 50000 1 1 194.09 
10 9 20000 2.5 1 177.58 
20 13 20000 2.5 1 339.55 
19 14 20000 2.5 1 562.12 
22 2 50000 1 1 490.31 
22 12 50000 1 1 374.11 
17 15 5000 10 1 677.12 
8 0 10000 5 1 354.35 
16 8 20000 2.5 1 805.74 
19 3 20000 2.5 1 140.2 
17 1 20000 2.5 1 719.93 
22 1 50000 1 1 901.7 
16 1 1000 335.89 
13 15 500 319.15 
10 3 1000 398.77 
21 3 50 516.08 
7 10 1000 443.34 
24 16 500 414.43 
6 5 500 574.23 
24 5 50 308.95 
3 21 1000 516.08 
2 11 1000 297.51 
5 8 500 399.78 
10 13 100 348.9 
20 6 100 572.23 
0 24 500 352.59 
23 6 1000 372.46 
12 23 1000 324.37 
12 0 1000 347.82 
4 24 50 356.49 
3 6 500 449.73 
13 22 1000 455.76 
13 7 500 334.21 
7 17 50 401.38 
16 17 50 318.75 
8 22 500 321.54 
12 11 100 341.12 
16 22 1000 483 
23 21 1000 353.08 
24 12 100 280.66 
10 15 50 321.71 
17 1 50 461.19 
16 20 500 358.46 
11 24 100 314.06 
24 1 50 348.04 
13 0 500 491.77 
1 4 50 292.22 
4 19 1000 492.08 
11 21 100 417.48 
10 2 1000 354.05 
3 2 1000 349.59 
7 3 100 433.72 
6 19 1000 319.1 
18 2 100 251.05 
16 9 100 337.51 
15 16 1000 393.36 
10 19 100 337.81 
17 6 100 644.42 
6 15 50 598.13 
9 8 1000 366.47 
21 9 1000 374.63 
2 17 1000 240.88 
13 19 500 488.04 
19 13 50 488.04 
13 21 50 397.67 
12 2 500 381.73 
22 12 50 397.75 
16 21 500 289.48 
0 8 500 493.57 
16 2 50 245.31 
7 13 100 334.21 
24 13 50 436.01 
18 4 500 353.61 
0 15 1000 359.51 
10 8 100 353.17 
14 5 1000 321.61 
11 6 50 681.81 
13 14 50 347.97 
11 2 100 297.51 
11 13 100 347.53 
15 0 500 359.51 
3 24 500 263.02 
15 24 1000 373.97 
9 0 1000 292.22 
17 9 100 554.76 
16 14 50 515.31 
0 11 500 481.68 
24 10 50 528.25 
14 0 1000 408.37 
4 2 50 503.7 
20 4 100 482.85 
23 0 500 426.77 
22 7 100 457.67 
17 5 50 516.33 
1 9 100 357.59 
6 16 500 344.13 
23 16 50 414.83 
1 11 500 369.96 
4 16 50 331.47 
0 3 50 474.27 
1 22 500 533.07 
21 24 100 334.58 
9 13 1000 578.86 
3 4 1000 379.24 
17 11 50 599.5 
17 16 500 318.75 
8 21 50 442.6 
14 12 1000 357.92 
9 4 500 450.19 
4 10 100 402.04 
21 13 50 397.67 
1 2 1000 486.9 
22 17 100 257.71 
1 13 500 351.11 
20 5 50 233.32 
14 8 50 364.84 
12 19 1000 444.38 
3 22 500 509.96 
5 14 1000 321.61 
20 8 500 484.36 
11 22 1000 250.55 
18 11 50 442.83 
21 2 50 243.49 
5 0 500 369.15 
24 14 500 398.03 
7 6 500 421.37 
6 20 500 572.23 
17 10 1000 429.19 
7 12 50 465.24 
19 2 500 305.64 
19 5 100 595.8 
9 20 1000 482.58 
16 19 50 410.48 
17 3 1000 577.67 
1 8 1000 473.47 
4 0 500 481.68 
12 18 1000 351.74 
7 4 1000 375.49 
12 17 100 521.75 
15 7 1000 283.55 
19 14 500 474.46 
17 14 100 411.59 
4 18 50 353.61 
11 0 100 481.68 
16 11 1000 459.27 
23 15 50 375.31 
15 13 1000 319.15 
19 6 100 319.1 
0 4 1000 481.68 
15 22 50 287.71 
19 0 500 414.51 
15 12 500 467.53 
2 3 50 349.59 
13 9 500 578.86 
18 3 100 621.32 
3 9 500 415.27 
18 7 1000 450.91 
23 4 500 301.88 
18 1 1000 428.68 
5 3 100 554.86 
11 20 500 302.39 
16 5 100 334.23 
12 24 500 280.66 
4 20 100 482.85 
11 19 100 737.14 
1 19 100 433.13 
24 18 50 442.92 
6 13 500 414.4 
8 12 50 440.57 
19 20 100 430.25 
24 11 1000 314.06 
11 14 500 460.01 
15 14 50 400.84 
2 18 50 251.05 
1 14 50 280.48 
11 7 1000 176.46 
18 21 500 500.41 
16 3 50 440.39 
22 1 100 533.07 
17 0 1000 465.15 
1 5 100 274.39 
19 12 100 444.38 
10 9 50 253.45 
7 11 50 176.46 
0 9 50 292.22 
