20 56 176 
7 15 50000 1 0 488.63 
0 14 50000 1 0 152.06 
4 16 20000 2.5 0 506.46 
5 16 10000 5 0 567.73 
3 4 10000 5 0 548.51 
17 18 10000 5 0 305.94 
10 16 10000 5 0 337.43 
7 17 20000 2.5 0 155.21 
3 11 50000 1 0 445.26 
2 16 10000 5 0 546.68 
3 12 50000 1 0 371.5 
0 12 5000 10 0 388.71 
9 11 50000 1 0 574.27 
9 16 5000 10 0 401.16 
1 19 50000 1 0 564.74 
3 17 20000 2.5 0 336.51 
5 17 50000 1 0 661.23 
12 19 20000 2.5 0 445.55 
1 8 50000 1 0 628.62 
2 6 10000 5 0 168.43 
4 14 10000 5 0 828.65 
5 11 20000 2.5 0 510.89 
15 16 50000 1 0 671.97 
2 4 10000 5 0 836.13 
0 7 20000 2.5 0 838.43 
2 13 10000 5 0 81.18 
1 10 20000 2.5 0 521.83 
2 12 10000 5 0 651.19 
15 7 50000 1 0 488.63 
14 0 50000 1 0 152.06 
16 4 20000 2.5 0 506.46 
16 5 10000 5 0 567.73 
4 3 10000 5 0 548.51 
18 17 10000 5 0 305.94 
16 10 10000 5 0 337.43 
17 7 20000 2.5 0 155.21 
11 3 50000 1 0 445.26 
16 2 10000 5 0 546.68 
12 3 50000 1 0 371.5 
12 0 5000 10 0 388.71 
11 9 50000 1 0 574.27 
16 9 5000 10 0 401.16 
19 1 50000 1 0 564.74 
17 3 20000 2.5 0 336.51 
17 5 50000 1 0 661.23 
19 12 20000 2.5 0 445.55 
8 1 50000 1 0 628.62 
6 2 10000 5 0 168.43 
14 4 10000 5 0 828.65 
11 5 20000 2.5 0 510.89 
16 15 50000 1 0 671.97 
4 2 10000 5 0 836.13 
7 0 20000 2.5 0 838.43 
13 2 10000 5 0 81.18 
10 1 20000 2.5 0 521.83 
12 2 10000 5 0 651.19 
16 0 50 2041.48 
15 5 100 1192.27 
7 1 50 1108.32 
0 5 1000 1304.68 
16 14 50 1775.2 
0 16 1000 2041.48 
4 7 500 1800.15 
12 17 100 1127.94 
0 17 500 1037.4 
10 11 1000 1585.59 
7 17 500 1493.01 
3 0 50 1023.76 
17 15 100 1501.85 
5 2 1000 1407.67 
14 1 500 1443.39 
7 4 100 1800.15 
9 2 500 1293.44 
5 19 50 1195.04 
3 12 1000 1435.42 
16 7 1000 2403.43 
0 3 1000 1023.76 
7 10 100 1598.14 
16 4 100 1750.32 
16 5 1000 1856.16 
5 16 1000 1856.16 
17 16 1000 2186.35 
3 15 500 1567.51 
0 7 50 1244.16 
0 10 500 1896.7 
11 5 500 1759.44 
2 9 50 1293.44 
5 11 100 1759.44 
12 16 50 2628.23 
2 7 100 1255.97 
15 3 500 1567.51 
9 1 500 1290.88 
19 7 1000 1147.19 
4 17 50 1957.64 
7 3 50 1787.41 
19 11 100 1270.58 
10 5 1000 1512.77 
15 1 500 1159.83 
7 12 500 1271.6 
4 16 500 1750.32 
10 2 500 1338.55 
17 19 50 1137.12 
3 9 1000 1950.22 
19 17 1000 1137.12 
17 9 100 1354.81 
3 4 500 1956.55 
9 5 1000 1463.48 
1 2 50 1341.63 
3 7 100 1787.41 
12 0 100 1021.36 
12 11 1000 1359.93 
15 14 500 1044.21 
9 0 50 1381.9 
4 10 1000 1554.61 
19 15 100 1281.99 
4 14 50 1446.29 
17 3 500 1832.9 
11 12 50 1359.93 
15 9 1000 1360.32 
4 19 50 1696.63 
12 9 50 1586.23 
14 10 1000 1751.18 
11 14 50 1032.27 
2 16 100 1762.35 
17 14 50 987.5 
5 15 500 1192.27 
2 19 100 1533.73 
4 1 500 1393.26 
12 7 50 1271.6 
15 10 500 1469.7 
19 5 50 1195.04 
1 15 1000 1159.83 
14 2 500 1285.25 
15 2 100 1083.07 
15 17 50 1501.85 
15 19 50 1281.99 
14 17 1000 987.5 
19 4 50 1696.63 
5 7 100 1325.79 
7 2 50 1255.97 
12 10 100 2628.23 
15 4 1000 1310.31 
3 16 500 4583.32 
16 11 500 2170.98 
0 2 500 1390.3 
14 19 500 868.42 
17 1 1000 1304.76 
10 19 500 2628.23 
17 5 100 1635.21 
11 4 50 1657.65 
0 11 100 1084.34 
3 2 1000 1721.45 
11 2 1000 1376.71 
11 19 50 1270.58 
2 15 100 1083.07 
3 10 500 2272.12 
1 5 500 1276.38 
11 10 1000 1585.59 
12 15 1000 1542.9 
12 2 100 2099.5 
11 0 100 1084.34 
19 0 50 1049.03 
5 14 500 1183.4 
17 10 1000 1608.24 
14 3 500 1193.77 
4 2 100 1684.88 
5 0 500 1304.68 
10 15 500 1469.7 
11 7 1000 1158.23 
10 3 100 2272.12 
2 0 100 1390.3 
7 11 50 1158.23 
1 14 50 1443.39 
14 5 500 1183.4 
2 11 500 1376.71 
7 19 100 1147.19 
3 14 50 1193.77 
4 15 100 1310.31 
3 5 50 1546.43 
0 4 50 1446.29 
17 2 50 1272.15 
10 14 1000 1751.18 
12 5 500 1289.12 
0 12 100 1021.36 
5 17 500 1635.21 
7 0 100 1244.16 
17 12 50 1127.94 
5 12 100 1289.12 
15 12 50 1542.9 
1 3 100 1728.17 
16 2 50 1762.35 
2 4 100 1684.88 
19 3 50 1413.44 
11 16 100 2170.98 
12 4 50 1870.9 
10 4 100 1554.61 
7 5 100 1325.79 
5 4 100 1294.21 
3 17 500 1832.9 
2 17 50 1272.15 
4 12 500 1870.9 
4 3 1000 1956.55 
14 16 500 1775.2 
15 11 100 1230.21 
0 1 100 1409.31 
10 17 100 1608.24 
10 12 50 2628.23 
14 15 100 1044.21 
12 14 50 1137.95 
16 3 1000 4583.32 
12 3 50 1435.42 
14 4 50 1446.29 
3 19 100 1413.44 
7 16 1000 2403.43 
16 19 50 2628.23 
1 17 100 1304.76 
16 17 50 2186.35 
14 12 50 1137.95 
11 17 500 1310.31 
2 3 1000 1721.45 
17 4 500 1957.64 
2 1 50 1341.63 
4 11 50 1657.65 
2 5 100 1407.67 
17 0 50 1037.4 
9 17 50 1354.81 
4 5 50 1294.21 
17 7 100 1493.01 
5 3 500 1546.43 
15 0 50 1175 
17 11 100 1310.31 
16 12 500 2628.23 
