20 56 58 
7 15 50000 1 1 488.63 
0 14 50000 1 1 152.06 
4 16 20000 2.5 1 506.46 
5 16 10000 5 1 567.73 
3 4 10000 5 1 548.51 
17 18 10000 5 1 305.94 
10 16 10000 5 1 337.43 
7 17 20000 2.5 1 155.21 
3 11 50000 1 1 445.26 
2 16 10000 5 1 546.68 
3 12 50000 1 1 371.5 
0 12 5000 10 1 388.71 
9 11 50000 1 1 574.27 
9 16 5000 10 1 401.16 
1 19 50000 1 1 564.74 
3 17 20000 2.5 1 336.51 
5 17 50000 1 1 661.23 
12 19 20000 2.5 1 445.55 
1 8 50000 1 1 628.62 
2 6 10000 5 1 168.43 
4 14 10000 5 1 828.65 
5 11 20000 2.5 1 510.89 
15 16 50000 1 1 671.97 
2 4 10000 5 1 836.13 
0 7 20000 2.5 1 838.43 
2 13 10000 5 1 81.18 
1 10 20000 2.5 1 521.83 
2 12 10000 5 1 651.19 
15 7 50000 1 1 488.63 
14 0 50000 1 1 152.06 
16 4 20000 2.5 1 506.46 
16 5 10000 5 1 567.73 
4 3 10000 5 1 548.51 
18 17 10000 5 1 305.94 
16 10 10000 5 1 337.43 
17 7 20000 2.5 1 155.21 
11 3 50000 1 1 445.26 
16 2 10000 5 1 546.68 
12 3 50000 1 1 371.5 
12 0 5000 10 1 388.71 
11 9 50000 1 1 574.27 
16 9 5000 10 1 401.16 
19 1 50000 1 1 564.74 
17 3 20000 2.5 1 336.51 
17 5 50000 1 1 661.23 
19 12 20000 2.5 1 445.55 
8 1 50000 1 1 628.62 
6 2 10000 5 1 168.43 
14 4 10000 5 1 828.65 
11 5 20000 2.5 1 510.89 
16 15 50000 1 1 671.97 
4 2 10000 5 1 836.13 
7 0 20000 2.5 1 838.43 
13 2 10000 5 1 81.18 
10 1 20000 2.5 1 521.83 
12 2 10000 5 1 651.19 
16 0 50 1406.75 
15 5 100 828.35 
7 1 50 884.75 
0 5 1000 1072.53 
16 14 50 1369.75 
0 16 1000 1406.75 
4 7 500 1109.35 
12 17 100 876.35 
0 17 500 671.68 
10 11 1000 1185.56 
7 17 500 1039.2 
3 0 50 792.13 
17 15 100 1067.89 
5 2 1000 1007.27 
14 1 500 918.59 
7 4 100 1109.35 
9 2 500 859.53 
5 19 50 835.37 
3 12 1000 987.1 
16 7 1000 1512.01 
0 3 1000 792.13 
7 10 100 1300.41 
16 4 100 900.49 
16 5 1000 1192.41 
5 16 1000 1192.41 
17 16 1000 1365.99 
3 15 500 1378.64 
0 7 50 814.15 
0 10 500 1329.88 
11 5 500 1417.34 
2 9 50 859.53 
5 11 100 1417.34 
12 16 50 1596.93 
2 7 100 988.1 
15 3 500 1378.64 
9 1 500 780.05 
19 7 1000 795.91 
4 17 50 1326.36 
7 3 50 1161.1 
19 11 100 902.76 
10 5 1000 1219.13 
15 1 500 834.5 
7 12 500 945.96 
4 16 500 900.49 
10 2 500 1088.6 
17 19 50 945.58 
3 9 1000 1465.26 
19 17 1000 945.58 
17 9 100 971.5 
3 4 500 1568.49 
9 5 1000 1106.92 
1 2 50 903.52 
3 7 100 1161.1 
12 0 100 867.09 
12 11 1000 1032.27 
15 14 500 653.86 
9 0 50 966.67 
4 10 1000 1029.24 
