30 216 838 
7 23 50000 1 0 895.1 
21 24 5000 10 0 791.6 
13 27 20000 2.5 0 995.96 
15 16 50000 1 0 612.78 
11 24 10000 5 0 722.67 
13 19 10000 5 0 866.22 
7 21 20000 2.5 0 809.74 
7 12 20000 2.5 0 480.78 
1 10 10000 5 0 625.05 
11 18 10000 5 0 86.21 
15 18 5000 10 0 903.85 
17 20 5000 10 0 941.7 
3 26 20000 2.5 0 736.44 
3 23 20000 2.5 0 656.08 
3 27 50000 1 0 340.11 
4 13 5000 10 0 906.69 
14 23 5000 10 0 461.21 
0 4 10000 5 0 667.99 
4 20 5000 10 0 147.2 
2 11 10000 5 0 455.93 
16 21 50000 1 0 60.91 
11 14 50000 1 0 767.69 
6 20 50000 1 0 541.77 
0 12 10000 5 0 312.61 
12 24 5000 10 0 584.28 
3 17 5000 10 0 674.03 
4 27 10000 5 0 107.69 
0 24 5000 10 0 679.1 
6 28 10000 5 0 513.67 
19 20 50000 1 0 199.7 
10 11 20000 2.5 0 699.54 
8 14 10000 5 0 291.36 
27 29 20000 2.5 0 84.84 
1 6 50000 1 0 536.57 
2 5 5000 10 0 545.5 
22 24 20000 2.5 0 64.85 
6 7 10000 5 0 285.38 
25 27 50000 1 0 747.89 
5 28 20000 2.5 0 821.98 
15 25 10000 5 0 624.89 
27 28 20000 2.5 0 782.65 
3 8 50000 1 0 496.09 
0 6 50000 1 0 862.4 
9 16 5000 10 0 441.46 
12 19 10000 5 0 522.28 
2 24 10000 5 0 275.45 
18 23 10000 5 0 591.82 
5 11 10000 5 0 823.21 
2 12 50000 1 0 326.92 
17 25 20000 2.5 0 244.72 
5 10 20000 2.5 0 130 
10 25 10000 5 0 449.19 
20 27 20000 2.5 0 76.99 
16 25 5000 10 0 430.47 
12 29 5000 10 0 506.13 
7 24 50000 1 0 314.84 
11 23 50000 1 0 644.17 
12 25 10000 5 0 507.02 
9 21 20000 2.5 0 400.02 
2 19 10000 5 0 196.73 
9 19 50000 1 0 655.03 
0 26 20000 2.5 0 703.88 
11 21 50000 1 0 496.73 
9 10 20000 2.5 0 575.11 
3 5 20000 2.5 0 630.45 
6 25 50000 1 0 293.31 
10 16 5000 10 0 544.52 
6 14 20000 2.5 0 643.57 
14 19 50000 1 0 323.49 
19 24 5000 10 0 144.28 
19 25 10000 5 0 633.87 
12 27 50000 1 0 578.27 
16 18 50000 1 0 477.24 
0 14 10000 5 0 495.58 
9 28 50000 1 0 121.3 
12 16 10000 5 0 581.02 
0 15 5000 10 0 773.4 
0 28 50000 1 0 385.39 
5 27 50000 1 0 290.46 
5 6 50000 1 0 316.47 
10 13 50000 1 0 615.53 
0 11 50000 1 0 410.16 
21 28 50000 1 0 435.63 
1 25 10000 5 0 259.58 
6 16 5000 10 0 600.68 
6 18 10000 5 0 589.84 
1 23 20000 2.5 0 383.04 
4 19 5000 10 0 82.22 
14 17 20000 2.5 0 815.68 
0 2 20000 2.5 0 575.53 
1 20 10000 5 0 925.09 
7 11 5000 10 0 460.53 
5 19 20000 2.5 0 349.56 
10 28 5000 10 0 698.7 
19 28 5000 10 0 662.57 
2 15 50000 1 0 470.68 
18 20 20000 2.5 0 720.2 
1 7 50000 1 0 689.21 
3 14 5000 10 0 328.81 
3 11 10000 5 0 451.08 
23 28 5000 10 0 594.66 
2 23 10000 5 0 797.62 
4 21 5000 10 0 895.38 
1 27 50000 1 0 997.37 
1 19 50000 1 0 865.7 
0 22 50000 1 0 712.92 
23 24 5000 10 0 623.15 
4 8 50000 1 0 237.43 
23 7 50000 1 0 895.1 
24 21 5000 10 0 791.6 
27 13 20000 2.5 0 995.96 
16 15 50000 1 0 612.78 
24 11 10000 5 0 722.67 
19 13 10000 5 0 866.22 
21 7 20000 2.5 0 809.74 
12 7 20000 2.5 0 480.78 
10 1 10000 5 0 625.05 
18 11 10000 5 0 86.21 
18 15 5000 10 0 903.85 
20 17 5000 10 0 941.7 
26 3 20000 2.5 0 736.44 
23 3 20000 2.5 0 656.08 
27 3 50000 1 0 340.11 
13 4 5000 10 0 906.69 
23 14 5000 10 0 461.21 
4 0 10000 5 0 667.99 
20 4 5000 10 0 147.2 
11 2 10000 5 0 455.93 
21 16 50000 1 0 60.91 
14 11 50000 1 0 767.69 
20 6 50000 1 0 541.77 
12 0 10000 5 0 312.61 
24 12 5000 10 0 584.28 
17 3 5000 10 0 674.03 
27 4 10000 5 0 107.69 
24 0 5000 10 0 679.1 
28 6 10000 5 0 513.67 
20 19 50000 1 0 199.7 
11 10 20000 2.5 0 699.54 
14 8 10000 5 0 291.36 
29 27 20000 2.5 0 84.84 
6 1 50000 1 0 536.57 
5 2 5000 10 0 545.5 
24 22 20000 2.5 0 64.85 
7 6 10000 5 0 285.38 
27 25 50000 1 0 747.89 
28 5 20000 2.5 0 821.98 
25 15 10000 5 0 624.89 
28 27 20000 2.5 0 782.65 
8 3 50000 1 0 496.09 
6 0 50000 1 0 862.4 
16 9 5000 10 0 441.46 
19 12 10000 5 0 522.28 
24 2 10000 5 0 275.45 
23 18 10000 5 0 591.82 
11 5 10000 5 0 823.21 
12 2 50000 1 0 326.92 
25 17 20000 2.5 0 244.72 
10 5 20000 2.5 0 130 
25 10 10000 5 0 449.19 
27 20 20000 2.5 0 76.99 
25 16 5000 10 0 430.47 
29 12 5000 10 0 506.13 
24 7 50000 1 0 314.84 
23 11 50000 1 0 644.17 
25 12 10000 5 0 507.02 
21 9 20000 2.5 0 400.02 
19 2 10000 5 0 196.73 
19 9 50000 1 0 655.03 
26 0 20000 2.5 0 703.88 
21 11 50000 1 0 496.73 
10 9 20000 2.5 0 575.11 
5 3 20000 2.5 0 630.45 
25 6 50000 1 0 293.31 
16 10 5000 10 0 544.52 
14 6 20000 2.5 0 643.57 
19 14 50000 1 0 323.49 
24 19 5000 10 0 144.28 
25 19 10000 5 0 633.87 
27 12 50000 1 0 578.27 
18 16 50000 1 0 477.24 
14 0 10000 5 0 495.58 
28 9 50000 1 0 121.3 
16 12 10000 5 0 581.02 
15 0 5000 10 0 773.4 
28 0 50000 1 0 385.39 
27 5 50000 1 0 290.46 
6 5 50000 1 0 316.47 
13 10 50000 1 0 615.53 
11 0 50000 1 0 410.16 
28 21 50000 1 0 435.63 
25 1 10000 5 0 259.58 
16 6 5000 10 0 600.68 
18 6 10000 5 0 589.84 
23 1 20000 2.5 0 383.04 
19 4 5000 10 0 82.22 
17 14 20000 2.5 0 815.68 
2 0 20000 2.5 0 575.53 
20 1 10000 5 0 925.09 
11 7 5000 10 0 460.53 
19 5 20000 2.5 0 349.56 
28 10 5000 10 0 698.7 
28 19 5000 10 0 662.57 
15 2 50000 1 0 470.68 
20 18 20000 2.5 0 720.2 
7 1 50000 1 0 689.21 
14 3 5000 10 0 328.81 
11 3 10000 5 0 451.08 
28 23 5000 10 0 594.66 
23 2 10000 5 0 797.62 
21 4 5000 10 0 895.38 
27 1 50000 1 0 997.37 
19 1 50000 1 0 865.7 
22 0 50000 1 0 712.92 
24 23 5000 10 0 623.15 
8 4 50000 1 0 237.43 
13 3 100 363.21 
6 5 50 339.06 
19 8 50 461.93 
21 17 50 354.95 
26 18 500 210.18 
1 13 100 197 
28 8 50 274.16 
15 19 100 161.4 
13 6 500 291.78 
15 0 50 388.17 
26 6 1000 342.55 
22 25 1000 294.12 
13 5 500 514.45 
8 11 100 336.18 
5 17 1000 318.55 
22 18 500 340.9 
20 19 1000 355.48 
15 21 100 351.44 
27 4 1000 417.62 
27 23 50 336.34 
14 12 100 289.44 
22 15 100 259.66 
25 1 1000 219.36 
20 12 1000 515.24 
10 18 1000 335.91 
20 15 500 280.16 
16 8 50 193.62 
10 19 100 330.04 
7 13 500 261.57 
22 23 100 280.45 
24 5 50 582.74 
9 2 1000 177.4 
23 7 50 377.34 
5 14 500 533.54 
3 15 1000 363.21 
19 10 100 330.04 
17 6 500 269.83 
6 3 500 293.15 
1 14 1000 172.13 
18 15 100 339.09 
14 8 1000 419.56 
10 27 50 370.25 
8 4 50 554.9 
22 28 500 304.29 
2 1 50 197.43 
18 29 50 255.43 
22 29 1000 407.43 
16 24 50 258.6 
14 22 50 391.66 
28 11 500 438.82 
6 1 100 278.88 
24 8 100 402.64 
19 17 100 327.43 
18 5 1000 390.88 
24 7 100 410.07 
13 27 50 666.64 
18 16 500 369.52 
26 10 100 246.26 
28 6 500 289.37 
14 3 500 587.34 
11 8 100 336.18 
25 17 1000 264.2 
15 28 50 311.06 
0 9 50 287 
0 28 500 227.88 
1 9 1000 282.31 
22 10 100 500.46 
1 10 500 316.87 
18 14 500 367.36 
10 3 100 362.71 
14 21 1000 207.26 
27 20 500 359.63 
28 13 500 302.2 
3 4 50 474.72 
2 19 50 415.54 
25 3 50 336.08 
8 12 100 402.18 
21 2 50 263.26 
5 27 100 466.92 
19 4 50 294.64 
29 16 500 183.46 
5 0 50 218.23 
18 13 500 216.41 
27 3 1000 507.64 
23 24 1000 283.6 
7 24 500 410.07 
8 0 50 251.22 
6 11 50 256.78 
29 14 50 392.82 
1 29 1000 312.62 
28 17 50 316.63 
11 10 50 368.37 
17 7 1000 207.53 
23 16 100 311.48 
5 3 1000 388.76 
13 22 100 543.3 
7 10 500 268.79 
27 18 100 260.62 
6 10 50 408.23 
11 6 500 256.78 
19 3 1000 494.18 
16 12 100 329.96 
7 17 50 207.53 
0 6 500 171.85 
16 6 50 488.77 
2 3 100 429.47 
8 13 500 498.66 
10 11 500 368.37 
9 6 500 275.29 
14 10 100 440.52 
16 5 50 183.22 
27 19 500 444.06 
21 27 100 164.03 
21 10 50 401.87 
5 28 500 338.31 
4 9 100 337.01 
28 5 1000 338.31 
13 28 100 302.2 
25 11 500 304.26 
21 1 1000 251.28 
29 20 1000 360.15 
28 27 500 344.36 
7 0 100 439.29 
16 29 50 183.46 
23 17 50 259.97 
23 2 500 218.25 
9 13 50 324.82 
26 21 500 271.83 
19 11 50 329.37 
12 25 50 156.38 
12 4 50 515.94 
15 3 500 363.21 
15 12 50 372.71 
17 25 500 264.2 
21 0 100 248.15 
21 14 100 207.26 
6 16 100 488.77 
9 24 1000 291.63 
16 11 100 388.38 
22 14 500 391.66 
0 5 500 218.23 
11 17 1000 291.54 
18 8 100 306.76 
2 11 500 274.08 
4 8 1000 554.9 
6 27 500 355.35 
6 14 100 308.72 
29 17 1000 374.91 
22 4 100 212.71 
8 3 100 481.79 
2 21 100 263.26 
22 8 100 393.71 
22 9 500 320.04 
2 28 1000 216.89 
0 7 50 439.29 
24 12 500 506.28 
4 2 500 462.58 
13 29 50 659.51 
9 20 1000 348.72 
7 26 500 323.91 
27 8 100 598.61 
4 20 1000 353.87 
17 1 50 226.73 
27 25 100 324.94 
0 20 50 243.75 
27 21 50 164.03 
7 29 1000 362.54 
4 19 500 294.64 
2 23 50 218.25 
6 26 100 342.55 
23 28 50 227.19 
6 9 50 275.29 
17 21 50 354.95 
28 20 50 261.62 
7 14 50 246.51 
19 25 100 350.1 
29 4 100 385.05 
13 15 50 409.29 
8 6 50 320.38 
9 27 50 299.85 
6 22 1000 355.55 
4 13 50 702.79 
20 9 50 348.72 
23 15 1000 347.87 
28 12 500 352.64 
14 23 50 349.59 
2 20 50 424.33 
0 15 100 388.17 
17 13 500 136.22 
26 28 50 168.35 
25 27 100 324.94 
2 27 100 592.09 
1 2 100 197.43 
21 11 1000 366.64 
18 20 50 281.66 
11 15 50 366.59 
1 20 500 309.15 
27 2 1000 592.09 
3 9 50 353.36 
18 17 100 255.53 
26 2 100 335.67 
24 18 1000 319.37 
20 25 500 226.25 
21 25 50 357.02 
12 17 500 122.6 
3 8 500 481.79 
26 29 100 264.68 
20 16 500 171.42 
12 10 1000 274.27 
4 21 50 198.67 
8 18 100 306.76 
15 17 1000 219.94 
0 24 500 539.6 
9 23 100 294.07 
29 6 1000 355.35 
4 24 100 216.05 
4 3 1000 474.72 
15 22 500 259.66 
10 9 50 439.05 
16 23 50 311.48 
4 27 50 417.62 
17 0 500 266.71 
13 21 1000 266.38 
29 15 50 405.92 
23 8 500 353.4 
2 18 50 326.13 
29 25 100 326.45 
9 1 100 282.31 
5 19 500 482.61 
20 4 1000 353.87 
3 10 500 362.71 
5 29 50 441.11 
3 23 50 333.68 
9 10 1000 439.05 
8 15 500 295.37 
8 7 1000 317.7 
15 7 500 306.29 
20 22 1000 256.17 
0 25 50 273.21 
22 26 50 365.6 
26 4 500 315.04 
0 19 500 399.64 
20 18 50 281.66 
4 25 50 356.44 
7 2 1000 291.87 
10 2 50 428.06 
11 2 1000 274.08 
28 21 1000 392.05 
20 5 1000 503.82 
19 7 50 420.65 
25 15 1000 290.76 
4 0 1000 334.96 
21 24 1000 308.17 
25 7 50 241.38 
24 26 50 365.6 
19 15 500 161.4 
14 16 100 249.17 
16 13 100 230.57 
15 8 100 295.37 
17 5 100 318.55 
7 19 500 420.65 
7 4 1000 344.01 
27 28 1000 344.36 
26 17 500 214.83 
17 26 500 214.83 
16 10 100 377.21 
11 13 100 218.38 
23 5 50 249.01 
15 26 100 268.94 
4 29 50 385.05 
22 21 50 305.22 
26 13 50 270.62 
19 9 500 223 
7 22 50 405.05 
14 18 50 367.36 
1 22 500 209.65 
16 9 1000 401.39 
10 15 500 377.52 
10 22 100 500.46 
25 4 100 356.44 
29 19 50 460.82 
15 14 1000 296.55 
19 27 500 444.06 
23 26 1000 309.71 
26 9 100 197.41 
0 2 1000 423.42 
0 23 1000 297.74 
18 3 100 253.01 
16 15 500 315.52 
19 29 500 460.82 
0 3 100 213.56 
26 24 50 365.6 
15 24 1000 235.83 
27 1 100 312.62 
0 16 100 285.58 
23 27 100 336.34 
6 4 100 406.37 
6 24 500 355.55 
5 22 500 582.74 
9 5 50 463.22 
20 0 1000 243.75 
26 7 1000 323.91 
14 13 500 363.33 
13 1 500 197 
1 7 100 311.23 
21 12 100 273.02 
22 11 1000 295.85 
20 17 100 294.79 
23 3 1000 333.68 
14 15 500 296.55 
8 27 1000 598.61 
4 28 1000 293.02 
18 2 500 326.13 
16 0 500 285.58 
11 14 1000 326.13 
17 11 1000 291.54 
6 29 100 355.35 
28 10 50 395.49 
16 25 1000 378.57 
25 14 1000 231.83 
3 6 500 293.15 
11 25 1000 304.26 
6 7 50 409.12 
10 14 1000 440.52 
7 11 100 206.83 
5 20 1000 503.82 
10 6 50 408.23 
14 6 1000 308.72 
20 11 500 277.04 
18 0 500 262.68 
7 3 100 340.17 
7 23 100 377.34 
25 9 1000 357.39 
4 15 50 276.67 
4 5 1000 439.85 
12 14 50 289.44 
23 22 100 280.45 
1 4 50 167.01 
7 28 100 222.32 
24 25 500 294.94 
23 11 1000 413.88 
15 10 1000 377.52 
5 2 500 463 
18 22 1000 340.9 
29 18 500 255.43 
10 1 1000 316.87 
3 5 500 388.76 
13 23 100 191.96 
13 18 1000 216.41 
8 29 500 507.3 
25 19 50 350.1 
4 12 500 515.94 
11 16 500 388.38 
23 4 100 354.86 
26 12 100 220.41 
3 25 50 336.08 
15 5 1000 455.13 
15 2 100 272.28 
11 9 50 417.32 
15 18 100 339.09 
28 18 100 409.83 
11 12 50 225 
5 18 1000 390.88 
14 17 100 248.63 
12 5 500 334.06 
10 7 100 268.79 
24 16 1000 258.6 
16 28 1000 425.34 
6 17 1000 269.83 
28 25 500 382.05 
17 2 50 244.17 
26 11 100 233.5 
20 8 100 566.98 
13 14 50 363.33 
2 8 50 328.83 
19 23 500 306.04 
17 8 50 297.43 
2 26 500 335.67 
18 12 500 203.66 
4 16 50 213.06 
15 20 500 280.16 
4 11 500 353.63 
5 21 50 248.58 
7 18 50 310.48 
12 3 100 329.14 
29 8 100 507.3 
0 18 50 262.68 
20 23 50 311.49 
3 18 1000 253.01 
24 6 100 355.55 
11 19 50 329.37 
26 25 500 197.22 
0 17 100 266.71 
20 24 50 256.17 
28 4 50 293.02 
17 29 500 374.91 
29 11 50 259.45 
5 13 1000 514.45 
28 14 100 222.61 
26 14 100 320.25 
10 12 500 274.27 
21 7 100 363 
22 3 500 396.66 
18 9 100 410.11 
10 24 500 500.46 
15 6 100 365.15 
22 19 500 178.9 
8 28 500 274.16 
3 20 50 567.58 
23 19 50 306.04 
16 22 500 258.6 
10 0 100 217.79 
1 21 100 251.28 
17 28 50 316.63 
14 9 50 172.51 
8 19 50 461.93 
9 0 50 287 
12 1 100 255.65 
20 21 50 136.65 
18 27 500 260.62 
2 13 50 440.93 
7 20 50 311.4 
18 1 1000 383.76 
6 19 1000 535.34 
27 10 100 370.25 
10 4 100 327.89 
15 13 1000 409.29 
21 28 50 392.05 
7 16 500 331.99 
28 22 50 304.29 
13 16 1000 230.57 
13 4 500 702.79 
5 26 500 186.08 
11 23 1000 413.88 
12 11 50 225 
11 21 500 366.64 
4 14 100 380.86 
5 1 50 335.79 
24 3 50 398.38 
25 26 50 197.22 
12 16 500 329.96 
20 28 100 261.62 
24 10 1000 500.46 
16 26 1000 314.33 
14 2 100 363.03 
5 12 100 334.06 
11 4 1000 353.63 
29 3 100 473.25 
3 7 100 340.17 
19 22 1000 178.9 
3 16 100 168.54 
21 9 100 389.08 
21 26 500 271.83 
11 3 100 297.89 
9 18 50 410.11 
20 2 1000 424.33 
6 25 50 323.96 
20 29 50 360.15 
16 18 100 369.52 
8 2 500 328.83 
14 11 1000 326.13 
16 7 500 331.99 
16 21 1000 332.85 
4 6 50 406.37 
7 8 500 317.7 
6 23 100 307.96 
28 9 1000 318.66 
10 13 1000 511.42 
22 12 100 511.06 
29 28 50 344.36 
25 8 50 324.6 
28 26 500 168.35 
7 25 100 241.38 
17 9 100 337.92 
6 28 1000 289.37 
27 7 50 379.78 
24 9 50 291.63 
18 19 50 296.07 
5 15 50 455.13 
8 21 100 170.22 
17 12 100 122.6 
16 19 1000 267.75 
7 5 500 345.43 
28 23 50 227.19 
1 19 500 261.58 
3 13 1000 363.21 
24 23 500 283.6 
21 4 50 198.67 
22 13 50 543.3 
9 14 500 172.51 
12 13 500 219.3 
13 26 50 270.62 
1 3 100 257.02 
1 25 50 219.36 
14 25 500 231.83 
27 24 1000 324.82 
15 4 50 276.67 
17 23 100 259.97 
3 17 500 317.16 
3 14 1000 587.34 
18 11 100 186.44 
0 10 1000 217.79 
28 16 1000 425.34 
25 20 50 226.25 
28 19 50 248.3 
8 17 50 297.43 
27 15 500 372.8 
20 7 50 311.4 
9 11 50 417.32 
13 17 500 136.22 
5 8 100 475.86 
12 23 1000 349 
14 0 100 315.56 
17 10 50 274.75 
5 11 50 336.07 
18 26 1000 210.18 
16 3 100 168.54 
13 12 500 219.3 
25 22 1000 294.12 
7 12 1000 336.84 
5 24 50 582.74 
24 28 1000 304.29 
25 10 500 312.62 
12 8 50 402.18 
9 19 50 223 
11 7 500 206.83 
13 19 1000 715.72 
3 27 50 507.64 
19 2 100 415.54 
5 10 500 305.36 
19 26 500 415.06 
18 23 100 337.4 
18 6 500 250.3 
18 24 1000 319.37 
26 23 1000 309.71 
19 16 500 267.75 
0 8 50 251.22 
25 16 1000 378.57 
22 2 500 336.84 
19 12 100 610.25 
2 4 50 462.58 
9 26 1000 197.41 
27 9 100 299.85 
0 11 500 234.21 
1 24 1000 209.65 
21 6 500 464.43 
28 15 100 311.06 
6 8 1000 320.38 
8 22 1000 393.71 
2 0 50 423.42 
27 17 1000 363.32 
2 17 50 244.17 
1 6 100 278.88 
16 4 100 213.06 
10 26 100 246.26 
16 14 50 249.17 
24 14 50 391.66 
14 26 1000 320.25 
23 1 100 264.5 
24 15 50 235.83 
21 22 500 305.22 
10 25 1000 312.62 
28 7 1000 222.32 
8 24 1000 402.64 
7 15 50 306.29 
27 12 100 448.36 
14 7 1000 246.51 
13 2 1000 440.93 
16 20 100 171.42 
9 4 1000 337.01 
1 11 500 412.98 
5 4 100 439.85 
18 28 1000 409.83 
9 22 50 320.04 
17 4 500 332.36 
9 16 100 401.39 
20 1 100 309.15 
24 27 1000 324.82 
17 22 1000 267.4 
24 11 1000 295.85 
5 25 50 365.98 
11 5 50 336.07 
6 2 100 416.17 
12 9 500 252.41 
18 4 50 314.39 
27 16 100 186.58 
19 1 500 261.58 
29 7 50 362.54 
13 10 100 511.42 
1 12 100 255.65 
7 21 50 363 
3 0 50 213.56 
12 0 500 228.28 
14 1 50 172.13 
9 21 100 389.08 
10 21 50 401.87 
1 0 500 226.54 
16 2 50 274.62 
15 9 50 386.88 
19 21 1000 292.85 
8 20 1000 566.98 
10 8 50 415.31 
24 2 50 341.93 
29 12 100 448.36 
17 15 100 219.94 
11 18 500 186.44 
20 6 50 440.08 
13 7 1000 261.57 
4 18 500 314.39 
17 3 50 317.16 
23 10 100 264.68 
21 13 50 266.38 
6 12 50 253.8 
10 17 50 274.75 
25 28 500 382.05 
9 7 1000 296.67 
25 12 100 156.38 
24 1 1000 209.65 
10 16 50 377.21 
24 4 500 216.05 
7 1 500 311.23 
12 2 100 459.84 
11 0 100 234.21 
21 15 100 351.44 
3 19 50 494.18 
14 19 100 308.11 
22 0 500 539.6 
10 20 100 425.53 
23 13 500 191.96 
4 17 100 332.36 
9 3 500 353.36 
19 6 1000 535.34 
29 10 50 357.91 
9 8 50 312.94 
8 25 1000 324.6 
23 6 50 307.96 
18 21 1000 349.35 
27 14 50 407.49 
26 27 1000 264.68 
9 25 100 357.39 
5 23 100 249.01 
28 2 100 216.89 
25 21 50 357.02 
20 10 1000 425.53 
4 22 1000 212.71 
3 24 500 398.38 
21 5 100 248.58 
23 25 500 248.34 
19 18 100 296.07 
14 5 500 533.54 
2 7 50 291.87 
8 23 100 353.4 
22 1 500 209.65 
5 16 50 183.22 
25 23 500 248.34 
20 26 500 244.2 
13 25 100 164.37 
21 18 50 349.35 
12 20 50 515.24 
25 5 100 365.98 
6 18 1000 250.3 
6 21 100 464.43 
25 6 1000 323.96 
20 27 500 359.63 
3 2 1000 429.47 
17 16 1000 349.33 
23 18 1000 337.4 
29 24 50 408.77 
26 19 50 415.06 
2 25 1000 285.53 
0 21 50 248.15 
23 14 50 349.59 
22 27 50 319.96 
14 24 1000 391.66 
1 28 50 372.55 
8 9 1000 312.94 
14 4 100 380.86 
12 28 50 352.64 
22 6 500 355.55 
24 19 500 208.71 
4 26 100 315.04 
5 6 1000 339.06 
24 17 50 267.4 
26 5 100 186.08 
25 13 500 164.37 
25 2 500 285.53 
19 0 50 399.64 
14 20 1000 455.2 
16 27 50 186.58 
8 10 1000 415.31 
1 26 100 173.56 
0 13 100 203.81 
27 26 500 264.68 
20 14 100 455.2 
12 15 50 372.71 
2 6 50 416.17 
21 8 500 170.22 
15 1 1000 191.29 
2 12 500 459.84 
2 15 500 272.28 
21 3 100 143.18 
12 22 1000 511.06 
20 13 100 686.78 
19 20 1000 355.48 
7 27 1000 379.78 
27 13 1000 666.64 
11 22 50 295.85 
15 25 100 290.76 
23 12 1000 349 
13 11 50 218.38 
19 24 100 208.71 
0 14 100 315.56 
28 24 500 304.29 
19 28 50 248.3 
9 12 100 252.41 
1 15 500 191.29 
13 24 500 543.3 
24 13 50 543.3 
22 7 100 405.05 
11 28 500 438.82 
15 27 1000 372.8 
26 22 1000 365.6 
21 23 500 282.3 
15 16 500 315.52 
27 22 500 319.96 
17 19 1000 327.43 
21 20 50 136.65 
15 11 500 366.59 
27 6 1000 355.35 
9 28 100 318.66 
4 1 500 167.01 
13 20 100 686.78 
24 20 500 256.17 
20 3 50 567.58 
28 1 500 372.55 
3 12 500 329.14 
12 6 100 253.8 
16 17 500 349.33 
3 28 500 245.64 
18 10 100 335.91 
26 15 50 268.94 
0 27 1000 266.66 
6 20 50 440.08 
22 16 500 258.6 
4 10 1000 327.89 
5 7 1000 345.43 
23 21 100 282.3 
11 27 50 262.77 
11 1 500 412.98 
8 26 1000 276.37 
2 16 100 274.62 
6 0 50 171.85 
7 6 100 409.12 
10 23 50 264.68 
22 5 1000 582.74 
14 28 100 222.61 
8 16 500 193.62 
1 27 50 312.62 
26 1 1000 173.56 
26 8 50 276.37 
13 8 500 498.66 
0 22 1000 539.6 
0 4 50 334.96 
28 3 1000 245.64 
19 14 50 308.11 
3 11 50 297.89 
13 0 50 203.81 
5 9 50 463.22 
25 18 100 294.62 
1 16 500 258.67 
24 21 50 308.17 
12 24 500 506.28 
9 15 500 386.88 
22 17 50 267.4 
1 23 100 264.5 
25 24 100 294.94 
19 13 50 715.72 
10 28 100 395.49 
18 25 50 294.62 
2 24 50 341.93 
3 22 50 396.66 
2 14 100 363.03 
12 7 500 336.84 
26 16 50 314.33 
17 27 500 363.32 
23 20 1000 311.49 
0 12 100 228.28 
12 27 1000 448.36 
17 14 100 248.63 
17 24 100 267.4 
2 10 50 428.06 
27 11 1000 262.77 
2 5 500 463 
7 9 1000 296.67 
2 22 50 336.84 
26 20 500 244.2 
23 0 50 297.74 
8 5 50 475.86 
25 0 1000 273.21 
23 9 500 294.07 
27 5 100 466.92 
1 17 500 226.73 
3 1 1000 257.02 
12 26 50 220.41 
4 7 50 344.01 
11 20 50 277.04 
27 0 1000 266.66 
8 1 100 159.37 
8 14 100 419.56 
1 8 100 159.37 
4 23 500 354.86 
15 23 1000 347.87 
18 7 1000 310.48 
6 13 50 291.78 
24 0 50 539.6 
22 20 50 256.17 
1 5 1000 335.79 
17 20 100 294.79 
11 26 50 233.5 
11 24 500 295.85 
12 18 50 203.66 
28 0 50 227.88 
17 18 50 255.53 
12 19 50 610.25 
19 5 50 482.61 
21 16 500 332.85 
0 1 500 226.54 
16 1 1000 258.67 
1 18 100 383.76 
3 21 100 143.18 
6 15 50 365.15 
10 5 1000 305.36 
9 17 100 337.92 
13 9 500 324.82 
2 9 1000 177.4 
21 19 500 292.85 
14 27 1000 407.49 
12 21 50 273.02 
