30 130 254 
20 22 20000 2.5 0 736.49 
4 17 20000 2.5 0 571.77 
10 26 5000 10 0 724.23 
13 27 10000 5 0 576.74 
8 19 5000 10 0 698.63 
5 29 20000 2.5 0 608.13 
7 17 5000 10 0 754.06 
7 27 5000 10 0 193.09 
6 24 10000 5 0 459.75 
6 20 20000 2.5 0 867.55 
19 26 50000 1 0 870.53 
19 23 5000 10 0 966.08 
1 11 20000 2.5 0 590.18 
1 3 5000 10 0 469.64 
9 12 5000 10 0 639.62 
3 17 10000 5 0 431.17 
8 20 10000 5 0 668.24 
27 29 20000 2.5 0 430.17 
6 7 5000 10 0 219.25 
9 19 5000 10 0 726.61 
3 11 5000 10 0 203.7 
10 28 20000 2.5 0 724.85 
5 12 10000 5 0 209.83 
20 28 5000 10 0 880.47 
5 7 20000 2.5 0 999.38 
4 20 20000 2.5 0 302.51 
5 21 5000 10 0 93.42 
14 18 5000 10 0 675.62 
3 5 10000 5 0 619.73 
15 24 50000 1 0 510.36 
7 24 50000 1 0 599.58 
9 10 5000 10 0 566.64 
10 17 50000 1 0 261.34 
2 15 20000 2.5 0 163.18 
19 22 20000 2.5 0 656.85 
4 23 10000 5 0 626.8 
17 18 50000 1 0 779.92 
4 14 50000 1 0 136.93 
11 23 10000 5 0 395.86 
8 26 20000 2.5 0 439.89 
21 23 10000 5 0 790.44 
15 23 50000 1 0 125.36 
5 11 5000 10 0 518.66 
5 8 50000 1 0 702.96 
11 13 10000 5 0 854.96 
9 20 50000 1 0 639 
16 28 10000 5 0 615.07 
14 20 5000 10 0 253.53 
8 9 5000 10 0 245.35 
24 29 5000 10 0 744.13 
17 27 5000 10 0 827.12 
5 6 5000 10 0 793.98 
2 3 20000 2.5 0 362.32 
18 24 50000 1 0 408.61 
4 5 20000 2.5 0 328.41 
16 24 5000 10 0 463.02 
6 8 50000 1 0 304.49 
20 25 50000 1 0 162.14 
6 17 5000 10 0 769.18 
0 13 50000 1 0 643.11 
13 15 50000 1 0 428.91 
13 18 50000 1 0 644.47 
9 29 10000 5 0 579.93 
4 28 10000 5 0 643.08 
1 13 20000 2.5 0 321.35 
22 20 20000 2.5 0 736.49 
17 4 20000 2.5 0 571.77 
26 10 5000 10 0 724.23 
27 13 10000 5 0 576.74 
19 8 5000 10 0 698.63 
29 5 20000 2.5 0 608.13 
17 7 5000 10 0 754.06 
27 7 5000 10 0 193.09 
24 6 10000 5 0 459.75 
20 6 20000 2.5 0 867.55 
26 19 50000 1 0 870.53 
23 19 5000 10 0 966.08 
11 1 20000 2.5 0 590.18 
3 1 5000 10 0 469.64 
12 9 5000 10 0 639.62 
17 3 10000 5 0 431.17 
20 8 10000 5 0 668.24 
29 27 20000 2.5 0 430.17 
7 6 5000 10 0 219.25 
19 9 5000 10 0 726.61 
11 3 5000 10 0 203.7 
28 10 20000 2.5 0 724.85 
12 5 10000 5 0 209.83 
28 20 5000 10 0 880.47 
7 5 20000 2.5 0 999.38 
20 4 20000 2.5 0 302.51 
21 5 5000 10 0 93.42 
18 14 5000 10 0 675.62 
5 3 10000 5 0 619.73 
24 15 50000 1 0 510.36 
24 7 50000 1 0 599.58 
10 9 5000 10 0 566.64 
17 10 50000 1 0 261.34 
15 2 20000 2.5 0 163.18 
22 19 20000 2.5 0 656.85 
23 4 10000 5 0 626.8 
18 17 50000 1 0 779.92 
14 4 50000 1 0 136.93 
23 11 10000 5 0 395.86 
26 8 20000 2.5 0 439.89 
23 21 10000 5 0 790.44 
23 15 50000 1 0 125.36 
11 5 5000 10 0 518.66 
8 5 50000 1 0 702.96 
13 11 10000 5 0 854.96 
20 9 50000 1 0 639 
28 16 10000 5 0 615.07 
20 14 5000 10 0 253.53 
9 8 5000 10 0 245.35 
29 24 5000 10 0 744.13 
27 17 5000 10 0 827.12 
6 5 5000 10 0 793.98 
3 2 20000 2.5 0 362.32 
24 18 50000 1 0 408.61 
5 4 20000 2.5 0 328.41 
24 16 5000 10 0 463.02 
8 6 50000 1 0 304.49 
25 20 50000 1 0 162.14 
17 6 5000 10 0 769.18 
13 0 50000 1 0 643.11 
15 13 50000 1 0 428.91 
18 13 50000 1 0 644.47 
29 9 10000 5 0 579.93 
28 4 10000 5 0 643.08 
13 1 20000 2.5 0 321.35 
16 29 50 211.58 
29 9 50 359.29 
23 29 500 362.55 
29 12 50 355.9 
26 7 50 377.69 
14 27 50 185.91 
13 14 1000 163.42 
15 1 50 315.36 
10 9 50 251.02 
9 26 100 282.21 
14 17 100 252.51 
11 23 500 728 
3 20 500 504.96 
2 20 500 359.57 
8 20 100 206.43 
11 5 100 190.28 
4 9 1000 552.21 
2 16 1000 203.36 
14 4 50 321.18 
16 23 50 208.6 
17 26 50 375.64 
23 21 500 267.67 
27 6 50 462.2 
9 17 100 360.9 
26 24 500 177 
5 1 500 205.81 
9 6 1000 383.13 
8 6 50 266.15 
14 23 100 531 
14 15 100 419.11 
10 23 100 132.5 
26 22 100 327.36 
19 13 50 260.8 
4 21 100 250.66 
17 1 500 341.12 
7 14 50 386.41 
10 12 50 336.67 
22 17 100 175.6 
1 21 50 274.72 
24 26 1000 177 
28 14 1000 263.41 
15 6 500 164.58 
4 18 100 206.2 
11 14 100 412.37 
27 19 50 197.28 
6 16 100 181.05 
28 5 500 227.98 
29 10 500 340.2 
6 17 50 249.76 
18 17 100 214.5 
10 4 50 346.77 
19 5 50 217.37 
29 23 100 362.55 
16 6 50 181.05 
12 3 100 540.18 
19 11 1000 129.75 
8 10 50 301.51 
23 18 100 386.73 
28 7 50 256.17 
28 20 500 265.98 
13 24 500 532.83 
17 8 500 376.59 
28 11 1000 271.93 
4 14 500 321.18 
19 10 100 282.21 
22 1 1000 177.33 
11 1 100 175.59 
7 4 100 550.93 
26 3 100 230.42 
7 12 1000 225.59 
15 8 50 259.5 
13 17 500 580.05 
5 24 1000 390.58 
4 23 100 345.6 
18 5 50 154.41 
11 3 100 792.23 
8 14 1000 552.21 
17 12 1000 209.31 
23 9 50 213.21 
19 8 50 198.04 
24 7 500 257.84 
2 11 100 501.11 
7 11 1000 334.86 
4 15 50 476.26 
1 29 50 162.07 
2 3 500 612.11 
24 20 100 218.56 
9 8 1000 422.58 
12 15 1000 223.42 
4 2 50 455.99 
2 13 50 377.23 
18 3 50 466.58 
6 21 50 318.39 
20 2 500 359.57 
1 4 1000 486.43 
2 1 50 339.95 
24 18 1000 236.77 
26 29 50 263.8 
20 9 1000 462.27 
8 15 100 259.5 
28 18 500 263.74 
1 18 1000 219.43 
23 26 50 296.83 
26 6 500 442.06 
24 4 100 223.7 
19 7 1000 248.94 
21 15 500 264.35 
6 19 100 186.65 
17 10 50 213.68 
5 6 500 318.39 
18 1 500 219.43 
2 17 100 206.82 
6 22 100 381.32 
22 18 50 159.18 
19 9 1000 270 
13 7 100 176.26 
24 6 500 227.13 
4 20 500 334.94 
15 14 50 419.11 
13 20 500 115.34 
18 9 500 257.27 
28 8 500 370.29 
17 22 50 175.6 
23 4 1000 345.6 
27 14 100 185.91 
5 7 500 216.43 
7 28 100 256.17 
15 22 500 173.84 
16 3 500 206.89 
19 18 50 146.79 
12 27 100 134.72 
3 2 100 612.11 
9 14 500 497.95 
14 2 100 387.87 
17 7 50 182.37 
21 26 50 377.27 
20 4 1000 334.94 
23 5 500 267.67 
20 19 50 396.36 
14 29 50 284.86 
7 16 100 93.46 
28 22 500 217.37 
18 22 100 159.18 
3 23 500 759.56 
13 4 500 141.22 
24 29 100 318.11 
23 11 500 728 
1 22 100 177.33 
16 27 100 227.02 
28 21 100 194.24 
23 12 500 157.49 
13 8 1000 154.4 
13 22 1000 115.36 
8 9 500 422.58 
23 15 50 591.77 
8 26 50 340.23 
1 26 1000 154.32 
20 7 500 140.25 
16 1 100 261.48 
27 15 500 174.04 
4 3 100 284.96 
4 26 500 422.9 
21 11 500 271.82 
12 29 50 355.9 
3 7 100 229.51 
11 13 100 273.58 
3 17 50 131.23 
18 26 50 339.18 
8 7 1000 277.26 
3 5 100 302.26 
10 6 100 136.88 
3 22 100 528.01 
15 12 500 223.42 
17 24 100 403.72 
29 7 500 239.02 
8 16 500 275.04 
29 15 500 430.31 
26 27 50 258.35 
13 12 100 445.57 
19 24 500 191.26 
2 27 100 221.01 
26 14 500 391.84 
22 11 50 364.97 
9 1 1000 243.71 
2 7 100 172.51 
10 13 1000 529.4 
24 22 100 338.46 
12 21 50 510.49 
26 23 50 296.83 
24 13 1000 532.83 
3 26 50 230.42 
4 12 1000 274.72 
24 2 50 269.69 
24 23 500 96.37 
5 15 50 247.13 
23 24 1000 96.37 
15 24 100 98.82 
15 23 100 591.77 
27 1 100 178.64 
18 29 1000 270.75 
3 9 50 219.79 
10 14 50 316.48 
9 4 100 552.21 
3 6 100 299.38 
9 20 50 462.27 
9 21 50 450.73 
12 24 100 345.41 
15 19 500 143.81 
19 29 100 239.87 
16 7 500 93.46 
16 14 50 218.18 
8 23 500 205.84 
13 1 100 258.81 
26 15 500 264.08 
23 28 1000 463.59 
26 4 500 422.9 
27 13 500 221.64 
14 9 100 497.95 
11 7 100 334.86 
3 24 50 139.75 
23 10 50 132.5 
9 28 100 403.93 
1 13 1000 258.81 
7 20 500 140.25 
2 18 1000 221.01 
20 28 100 265.98 
15 3 500 612.11 
27 11 50 471.03 
15 9 50 126.19 
20 26 1000 225.39 
17 2 500 206.82 
24 10 100 492.09 
17 19 500 219.1 
20 5 500 259.12 
3 27 100 381.49 
6 23 1000 170.53 
4 1 1000 486.43 
11 12 500 413.68 
27 20 500 307.04 
16 9 500 157.07 
24 5 100 390.58 
7 3 1000 229.51 
9 15 500 126.19 
15 27 1000 174.04 
29 21 500 279.64 
6 28 1000 304.06 
26 19 500 273.33 
5 8 100 471.73 
26 2 500 205.16 
14 28 50 263.41 
21 23 100 267.67 
20 3 500 504.96 
14 3 1000 363.67 
28 1 50 327.38 
