25 120 519 
7 13 50000 1 1 490.85 
3 10 50000 1 1 503.43 
8 18 50000 1 1 217.13 
10 12 5000 10 1 519.53 
0 6 20000 2.5 1 452.09 
5 15 20000 2.5 1 826.12 
5 11 50000 1 1 338.97 
0 21 5000 10 1 150.52 
8 12 5000 10 1 124.07 
9 13 20000 2.5 1 556.44 
0 23 20000 2.5 1 918.13 
4 22 5000 10 1 896.61 
23 24 5000 10 1 82.48 
10 22 20000 2.5 1 596.33 
16 22 5000 10 1 722.38 
14 22 10000 5 1 528.11 
17 21 5000 10 1 413.72 
3 17 50000 1 1 447.71 
12 15 20000 2.5 1 699.26 
2 16 10000 5 1 798.26 
1 11 5000 10 1 632.22 
2 24 50000 1 1 500.53 
11 17 20000 2.5 1 345.42 
4 9 50000 1 1 340.69 
3 18 5000 10 1 505.73 
17 20 50000 1 1 322.97 
0 3 5000 10 1 173.08 
2 13 20000 2.5 1 726.73 
13 19 5000 10 1 590.79 
10 13 5000 10 1 412.31 
5 6 20000 2.5 1 711.25 
1 5 50000 1 1 775.83 
6 21 50000 1 1 539.2 
15 21 10000 5 1 911.45 
4 17 20000 2.5 1 785.01 
14 18 5000 10 1 657.89 
7 14 20000 2.5 1 299.43 
11 18 10000 5 1 287.55 
0 19 5000 10 1 209.65 
3 16 20000 2.5 1 829.59 
12 17 20000 2.5 1 616.25 
10 17 50000 1 1 782.61 
3 15 10000 5 1 837.12 
4 11 50000 1 1 604.06 
13 22 50000 1 1 414.32 
11 21 5000 10 1 456.75 
1 9 10000 5 1 393.38 
1 2 10000 5 1 507.99 
7 23 50000 1 1 194.09 
9 10 20000 2.5 1 177.58 
13 20 20000 2.5 1 339.55 
14 19 20000 2.5 1 562.12 
2 22 50000 1 1 490.31 
12 22 50000 1 1 374.11 
15 17 5000 10 1 677.12 
0 8 10000 5 1 354.35 
8 16 20000 2.5 1 805.74 
3 19 20000 2.5 1 140.2 
1 17 20000 2.5 1 719.93 
1 22 50000 1 1 901.7 
13 7 50000 1 1 490.85 
10 3 50000 1 1 503.43 
18 8 50000 1 1 217.13 
12 10 5000 10 1 519.53 
6 0 20000 2.5 1 452.09 
15 5 20000 2.5 1 826.12 
11 5 50000 1 1 338.97 
21 0 5000 10 1 150.52 
12 8 5000 10 1 124.07 
13 9 20000 2.5 1 556.44 
23 0 20000 2.5 1 918.13 
22 4 5000 10 1 896.61 
24 23 5000 10 1 82.48 
22 10 20000 2.5 1 596.33 
22 16 5000 10 1 722.38 
22 14 10000 5 1 528.11 
21 17 5000 10 1 413.72 
17 3 50000 1 1 447.71 
15 12 20000 2.5 1 699.26 
16 2 10000 5 1 798.26 
11 1 5000 10 1 632.22 
24 2 50000 1 1 500.53 
17 11 20000 2.5 1 345.42 
9 4 50000 1 1 340.69 
18 3 5000 10 1 505.73 
20 17 50000 1 1 322.97 
3 0 5000 10 1 173.08 
13 2 20000 2.5 1 726.73 
19 13 5000 10 1 590.79 
13 10 5000 10 1 412.31 
6 5 20000 2.5 1 711.25 
5 1 50000 1 1 775.83 
21 6 50000 1 1 539.2 
21 15 10000 5 1 911.45 
17 4 20000 2.5 1 785.01 
18 14 5000 10 1 657.89 
14 7 20000 2.5 1 299.43 
18 11 10000 5 1 287.55 
19 0 5000 10 1 209.65 
16 3 20000 2.5 1 829.59 
17 12 20000 2.5 1 616.25 
17 10 50000 1 1 782.61 
15 3 10000 5 1 837.12 
11 4 50000 1 1 604.06 
22 13 50000 1 1 414.32 
21 11 5000 10 1 456.75 
9 1 10000 5 1 393.38 
2 1 10000 5 1 507.99 
23 7 50000 1 1 194.09 
10 9 20000 2.5 1 177.58 
20 13 20000 2.5 1 339.55 
19 14 20000 2.5 1 562.12 
22 2 50000 1 1 490.31 
22 12 50000 1 1 374.11 
17 15 5000 10 1 677.12 
8 0 10000 5 1 354.35 
16 8 20000 2.5 1 805.74 
19 3 20000 2.5 1 140.2 
17 1 20000 2.5 1 719.93 
22 1 50000 1 1 901.7 
16 1 1000 233.09 
13 15 500 134.45 
10 3 1000 294.83 
21 3 50 305.82 
7 10 1000 179.07 
24 16 500 215.45 
6 5 500 406.14 
24 5 50 176.92 
3 21 1000 305.82 
2 11 1000 245.11 
5 8 500 274.3 
10 13 100 162.92 
20 6 100 379.61 
0 24 500 221.31 
23 6 1000 237.51 
12 23 1000 199 
12 0 1000 232.45 
4 24 50 192.02 
3 6 500 293.1 
13 22 1000 271.01 
13 7 500 194.62 
7 17 50 220.09 
16 17 50 176.77 
8 22 500 169.08 
12 11 100 188.96 
16 22 1000 303.51 
23 21 1000 225.35 
24 12 100 160.48 
10 15 50 167.44 
17 1 50 304.93 
16 20 500 233.32 
11 24 100 190.9 
24 1 50 195.37 
13 0 500 297.11 
1 4 50 225.79 
4 19 1000 270.6 
11 21 100 302.23 
10 2 1000 261.16 
3 2 1000 227.87 
7 3 100 328.04 
6 19 1000 211.77 
18 2 100 177.63 
16 9 100 192.15 
15 16 1000 179.39 
10 19 100 163.27 
17 6 100 454.74 
6 15 50 421.36 
9 8 1000 253.67 
21 9 1000 236.11 
2 17 1000 168.48 
13 19 500 320.31 
19 13 50 320.31 
13 21 50 257.35 
12 2 500 231.45 
22 12 50 272.71 
16 21 500 143.81 
0 8 500 311.53 
16 2 50 117.63 
7 13 100 194.62 
24 13 50 321.67 
18 4 500 243.95 
0 15 1000 164.51 
10 8 100 233.45 
14 5 1000 237.63 
11 6 50 534.74 
13 14 50 204.56 
11 2 100 245.11 
11 13 100 209.76 
15 0 500 164.51 
3 24 500 177.9 
15 24 1000 258.26 
9 0 1000 176.77 
17 9 100 396.89 
16 14 50 390.1 
0 11 500 317.98 
24 10 50 277.15 
14 0 1000 283.37 
4 2 50 252.75 
20 4 100 376.33 
23 0 500 233.32 
22 7 100 304.64 
17 5 50 294.18 
1 9 100 160.83 
6 16 500 209.72 
23 16 50 220.34 
1 11 500 184.64 
4 16 50 223.86 
0 3 50 286.74 
1 22 500 395.48 
21 24 100 190.9 
9 13 1000 370.2 
3 4 1000 223.16 
17 11 50 523.32 
17 16 500 176.77 
8 21 50 285.68 
14 12 1000 225.61 
9 4 500 226.11 
4 10 100 257.37 
21 13 50 257.35 
1 2 1000 339.59 
22 17 100 156.14 
1 13 500 244.02 
20 5 50 91.21 
14 8 50 232.09 
12 19 1000 230.91 
3 22 500 357.92 
5 14 1000 237.63 
20 8 500 319.74 
11 22 1000 168.68 
18 11 50 349.45 
21 2 50 99.88 
5 0 500 277.12 
24 14 500 319.3 
7 6 500 245.24 
6 20 500 379.61 
17 10 1000 303.43 
7 12 50 299.15 
19 2 500 209.11 
19 5 100 475.59 
9 20 1000 364.12 
16 19 50 293.54 
17 3 1000 270.24 
1 8 1000 257.25 
4 0 500 294.7 
12 18 1000 212.11 
7 4 1000 283.55 
12 17 100 371.86 
15 7 1000 174.91 
19 14 500 346.79 
17 14 100 285.6 
4 18 50 243.95 
11 0 100 317.98 
16 11 1000 269.85 
23 15 50 265.17 
15 13 1000 134.45 
19 6 100 211.77 
0 4 1000 294.7 
15 22 50 185.46 
19 0 500 201.43 
15 12 500 332.92 
2 3 50 227.87 
13 9 500 370.2 
18 3 100 472.42 
3 9 500 238.5 
18 7 1000 243.15 
23 4 500 191.46 
18 1 1000 249.37 
5 3 100 390.68 
11 20 500 152.88 
16 5 100 208.05 
12 24 500 160.48 
4 20 100 376.33 
11 19 100 543.02 
1 19 100 289.46 
24 18 50 278.57 
6 13 500 303.99 
8 12 50 299.81 
19 20 100 217.11 
24 11 1000 190.9 
11 14 500 249.93 
15 14 50 277.23 
2 18 50 177.63 
1 14 50 210.48 
11 7 1000 115.81 
18 21 500 266.69 
16 3 50 242.57 
22 1 100 395.48 
17 0 1000 317.6 
1 5 100 133.64 
19 12 100 230.91 
10 9 50 142.93 
7 11 50 115.81 
0 9 50 176.77 
22 8 50 169.08 
15 6 50 421.36 
0 23 500 233.32 
15 21 100 366.3 
23 5 500 191.84 
14 1 500 210.48 
2 14 500 227.16 
17 23 500 197.82 
11 10 1000 260.76 
3 17 1000 270.24 
20 9 50 364.12 
4 1 1000 225.79 
7 19 500 198.24 
23 17 1000 197.82 
20 10 500 315.46 
6 14 50 224.97 
21 12 100 320.39 
12 15 100 332.92 
15 11 500 357.74 
22 15 1000 185.46 
5 9 100 356.37 
14 21 100 246.89 
4 11 1000 238.83 
12 20 500 288.81 
8 1 100 257.25 
18 22 50 161.55 
5 21 1000 416.75 
13 23 50 265.25 
2 20 1000 138.7 
13 12 500 211.45 
22 2 50 399.18 
7 1 1000 392.76 
10 1 1000 200.22 
3 13 500 211.68 
20 11 100 152.88 
13 16 500 269.16 
9 17 1000 396.89 
21 19 50 304.7 
0 12 500 232.45 
0 19 50 201.43 
5 15 100 249.27 
8 16 50 280.5 
2 22 500 399.18 
14 19 500 346.79 
2 5 1000 163.3 
1 7 100 392.76 
20 22 100 259.48 
0 17 500 317.6 
3 23 100 228.9 
9 12 50 292.22 
18 24 50 278.57 
6 10 50 233.32 
17 24 100 184.75 
4 22 100 285.77 
5 20 50 91.21 
2 6 500 77.21 
23 9 1000 244.91 
22 4 100 285.77 
22 16 50 303.51 
9 1 50 160.83 
10 4 50 257.37 
23 8 100 344.84 
0 2 500 159.77 
19 1 1000 289.46 
8 10 1000 233.45 
8 23 100 344.84 
19 16 100 293.54 
21 17 50 196.82 
4 8 1000 233.32 
17 21 100 196.82 
21 23 50 225.35 
6 0 500 449.73 
8 18 500 409.91 
7 21 100 265.25 
16 13 500 269.16 
11 12 1000 188.96 
2 16 1000 117.63 
22 0 500 192.32 
0 5 500 277.12 
6 18 1000 399.49 
0 16 50 234.85 
21 18 50 266.69 
11 23 100 180.16 
10 23 1000 272.35 
14 11 100 249.93 
7 23 50 194.49 
14 9 1000 269.16 
0 10 1000 195.14 
14 2 1000 227.16 
7 22 500 304.64 
20 7 50 224.01 
5 4 1000 197.42 
15 19 50 426.8 
9 7 100 190.87 
1 23 100 199.05 
15 1 50 235.9 
18 14 500 165.86 
23 19 50 152.13 
14 22 1000 242.53 
14 13 100 204.56 
11 15 1000 357.74 
14 23 500 220.29 
16 6 1000 209.72 
14 20 50 274.76 
0 22 1000 192.32 
11 18 100 349.45 
5 18 50 262.06 
3 1 500 214.34 
17 7 100 220.09 
0 18 500 384.44 
2 12 50 231.45 
12 16 50 280.47 
15 9 100 180.31 
6 2 1000 77.21 
11 1 500 184.64 
5 6 50 406.14 
7 0 500 324.69 
9 10 50 142.93 
15 8 500 433.56 
0 21 1000 380.43 
13 8 500 301.81 
2 4 500 252.75 
14 15 100 277.23 
22 14 500 242.53 
0 7 100 324.69 
10 12 50 190.74 
24 22 50 282.76 
8 4 500 233.32 
2 7 50 246.74 
8 3 500 277.26 
11 9 50 381.71 
23 18 1000 323.34 
22 11 50 168.68 
12 14 50 225.61 
7 15 100 174.91 
12 9 100 292.22 
17 19 1000 310.51 
0 20 50 321.71 
17 22 1000 156.14 
15 17 500 362.95 
17 18 500 276.54 
1 20 100 370.52 
9 5 100 356.37 
18 16 500 230.87 
19 22 100 225.66 
17 8 100 357.13 
22 6 100 125.28 
9 21 1000 236.11 
9 2 100 470.16 
12 7 100 299.15 
2 0 50 159.77 
21 14 50 246.89 
1 0 100 252.4 
7 9 100 190.87 
6 21 100 383.24 
22 9 100 177.07 
14 4 500 161.19 
17 13 1000 281.74 
4 9 50 226.11 
6 1 50 180.19 
23 22 100 265.59 
5 22 50 258.22 
12 13 100 211.45 
2 19 100 209.11 
10 21 1000 163.08 
8 6 50 253.18 
5 16 1000 208.05 
1 3 50 214.34 
10 7 1000 179.07 
21 22 100 276.4 
21 4 500 183.11 
1 16 500 233.09 
15 23 100 265.17 
14 16 500 390.1 
22 21 100 276.4 
3 14 1000 184.75 
4 17 50 300.26 
19 4 500 270.6 
3 8 50 277.26 
14 10 500 333.72 
21 20 50 206.38 
23 2 100 218.35 
13 1 50 244.02 
23 20 50 276.84 
3 0 1000 286.74 
19 21 500 304.7 
1 6 100 180.19 
22 20 100 259.48 
11 4 100 238.83 
23 14 50 220.29 
20 21 100 206.38 
18 23 100 323.34 
8 17 50 357.13 
17 2 500 168.48 
15 2 50 170.48 
8 13 50 301.81 
19 11 50 543.02 
10 5 50 217.1 
5 11 1000 253.37 
17 4 100 300.26 
4 15 1000 166.93 
21 11 50 302.23 
7 16 100 177.75 
16 10 50 277.14 
9 3 50 238.5 
22 10 500 327.65 
19 23 50 152.13 
20 23 1000 276.84 
17 15 1000 362.95 
8 2 500 208.39 
8 9 1000 253.67 
14 17 100 285.6 
13 5 500 175.88 
1 10 500 200.22 
12 10 100 190.74 
7 20 1000 224.01 
12 6 100 302.39 
6 7 500 245.24 
18 6 500 399.49 
13 10 100 162.92 
9 6 500 153.63 
21 1 500 257.86 
9 16 100 192.15 
5 17 500 294.18 
23 12 500 199 
16 18 50 230.87 
0 1 100 252.4 
8 14 500 232.09 
8 19 500 242.53 
10 0 1000 195.14 
4 7 100 283.55 
2 13 100 405.43 
15 4 100 166.93 
6 17 50 454.74 
9 14 50 269.16 
13 11 1000 209.76 
4 6 50 247.26 
8 15 1000 433.56 
5 13 1000 175.88 
4 23 1000 191.46 
11 16 1000 269.85 
7 8 100 258.89 
5 1 500 133.64 
2 15 50 170.48 
14 6 50 224.97 
23 1 1000 199.05 
16 0 1000 234.85 
16 12 500 280.47 
4 5 500 197.42 
12 22 1000 272.71 
23 3 50 228.9 
5 12 500 194.45 
3 7 500 328.04 
9 15 100 180.31 
9 23 100 244.91 
2 23 100 218.35 
12 5 1000 194.45 
9 11 100 381.71 
11 17 1000 523.32 
11 5 500 253.37 
7 5 500 114.51 
4 12 1000 290.87 
16 7 100 177.75 
20 2 50 138.7 
3 20 500 286.55 
11 3 50 125.76 
13 4 100 153.12 
6 3 100 293.1 
6 8 50 253.18 
3 16 50 242.57 
18 20 100 321.71 
20 3 500 286.55 
22 5 100 258.22 
13 2 500 405.43 
10 11 50 260.76 
15 20 50 205.56 
18 0 50 384.44 
22 13 1000 271.01 
4 3 100 223.16 
9 19 1000 141.3 
20 15 50 205.56 
20 1 500 370.52 
16 4 1000 223.86 
21 16 1000 143.81 
1 15 50 235.9 
20 12 1000 288.81 
3 5 1000 390.68 
17 12 1000 371.86 
6 11 100 534.74 
1 12 500 243.93 
10 17 50 303.43 
12 8 100 299.81 
13 17 50 281.74 
9 22 50 177.07 
22 18 100 161.55 
2 1 500 339.59 
19 9 50 141.3 
16 15 100 179.39 
21 7 50 265.25 
5 7 1000 114.51 
5 19 500 475.59 
15 3 500 257.44 
12 1 1000 243.93 
3 12 50 251.65 
6 12 50 302.39 
7 2 500 246.74 
21 0 1000 380.43 
20 16 1000 233.32 
21 10 500 163.08 
21 5 100 416.75 
1 17 50 304.93 
22 23 100 265.59 
18 5 50 262.06 
4 14 500 161.19 
12 4 50 290.87 
3 11 500 125.76 
3 10 100 294.83 
19 10 500 163.27 
6 9 1000 153.63 
23 11 500 180.16 
15 5 500 249.27 
23 13 100 265.25 
22 19 1000 225.66 
2 10 100 261.16 
10 20 100 315.46 
6 22 100 125.28 
10 16 1000 277.14 
3 15 1000 257.44 
15 10 500 167.44 
13 3 1000 211.68 
14 18 100 165.86 
12 3 100 251.65 
19 17 1000 310.51 
22 3 100 357.92 
20 0 500 321.71 
5 2 1000 163.3 
10 22 1000 327.65 
2 9 1000 470.16 
5 10 100 217.1 
0 13 1000 297.11 
6 4 100 247.26 
20 19 500 217.11 
19 15 50 426.8 
20 14 500 274.76 
10 14 100 333.72 
4 13 1000 153.12 
