20 56 176 
7 15 50000 1 0 488.63 
0 14 50000 1 0 152.06 
4 16 20000 2.5 0 506.46 
5 16 10000 5 0 567.73 
3 4 10000 5 0 548.51 
17 18 10000 5 0 305.94 
10 16 10000 5 0 337.43 
7 17 20000 2.5 0 155.21 
3 11 50000 1 0 445.26 
2 16 10000 5 0 546.68 
3 12 50000 1 0 371.5 
0 12 5000 10 0 388.71 
9 11 50000 1 0 574.27 
9 16 5000 10 0 401.16 
1 19 50000 1 0 564.74 
3 17 20000 2.5 0 336.51 
5 17 50000 1 0 661.23 
12 19 20000 2.5 0 445.55 
1 8 50000 1 0 628.62 
2 6 10000 5 0 168.43 
4 14 10000 5 0 828.65 
5 11 20000 2.5 0 510.89 
15 16 50000 1 0 671.97 
2 4 10000 5 0 836.13 
0 7 20000 2.5 0 838.43 
2 13 10000 5 0 81.18 
1 10 20000 2.5 0 521.83 
2 12 10000 5 0 651.19 
15 7 50000 1 0 488.63 
14 0 50000 1 0 152.06 
16 4 20000 2.5 0 506.46 
16 5 10000 5 0 567.73 
4 3 10000 5 0 548.51 
18 17 10000 5 0 305.94 
16 10 10000 5 0 337.43 
17 7 20000 2.5 0 155.21 
11 3 50000 1 0 445.26 
16 2 10000 5 0 546.68 
12 3 50000 1 0 371.5 
12 0 5000 10 0 388.71 
11 9 50000 1 0 574.27 
16 9 5000 10 0 401.16 
19 1 50000 1 0 564.74 
17 3 20000 2.5 0 336.51 
17 5 50000 1 0 661.23 
19 12 20000 2.5 0 445.55 
8 1 50000 1 0 628.62 
6 2 10000 5 0 168.43 
14 4 10000 5 0 828.65 
11 5 20000 2.5 0 510.89 
16 15 50000 1 0 671.97 
4 2 10000 5 0 836.13 
7 0 20000 2.5 0 838.43 
13 2 10000 5 0 81.18 
10 1 20000 2.5 0 521.83 
12 2 10000 5 0 651.19 
16 0 50 731.17 
15 5 100 516.02 
7 1 50 436.34 
0 5 1000 734.74 
16 14 50 528.35 
0 16 1000 731.17 
4 7 500 752.52 
12 17 100 468.91 
0 17 500 414.99 
10 11 1000 864.47 
7 17 500 574.42 
3 0 50 408.67 
17 15 100 705.94 
5 2 1000 720.24 
14 1 500 526.38 
7 4 100 752.52 
9 2 500 490.39 
5 19 50 428.06 
3 12 1000 593.14 
16 7 1000 776.94 
0 3 1000 408.67 
7 10 100 780.12 
16 4 100 402.96 
16 5 1000 582.58 
5 16 1000 582.58 
17 16 1000 700.17 
3 15 500 798.5 
0 7 50 523.21 
0 10 500 689.58 
11 5 500 901.58 
2 9 50 490.39 
5 11 100 901.58 
12 16 50 1035.8 
2 7 100 582.99 
15 3 500 798.5 
9 1 500 455.82 
19 7 1000 473.94 
4 17 50 876.35 
7 3 50 795.91 
19 11 100 514.4 
10 5 1000 678.01 
15 1 500 363.92 
7 12 500 468.91 
4 16 500 402.96 
10 2 500 701.42 
17 19 50 544.58 
3 9 1000 851.7 
19 17 1000 544.58 
17 9 100 508.34 
3 4 500 741.76 
9 5 1000 630.32 
1 2 50 423.04 
3 7 100 795.91 
12 0 100 528.43 
12 11 1000 547.97 
15 14 500 474.66 
9 0 50 554.22 
4 10 1000 740.46 
19 15 100 650.56 
4 14 50 773.16 
17 3 500 754.55 
11 12 50 547.97 
15 9 1000 581.41 
4 19 50 731.57 
12 9 50 698.99 
14 10 1000 468.79 
11 14 50 460.05 
2 16 100 1010.54 
17 14 50 416.44 
5 15 500 516.02 
2 19 100 882.76 
4 1 500 914.69 
12 7 50 468.91 
15 10 500 700.69 
19 5 50 428.06 
1 15 1000 363.92 
14 2 500 609.67 
15 2 100 310 
15 17 50 705.94 
15 19 50 650.56 
14 17 1000 416.44 
19 4 50 731.57 
5 7 100 472.06 
7 2 50 582.99 
12 10 100 1035.8 
15 4 1000 511.9 
3 16 500 1223.13 
16 11 500 882.68 
0 2 500 769.01 
14 19 500 287.3 
17 1 1000 554.24 
10 19 500 1035.8 
17 5 100 785.68 
11 4 50 728.46 
0 11 100 510.5 
3 2 1000 786.95 
11 2 1000 588.73 
11 19 50 514.4 
2 15 100 310 
3 10 500 758.45 
1 5 500 640.61 
11 10 1000 864.47 
12 15 1000 791.48 
12 2 100 831.74 
11 0 100 510.5 
19 0 50 383.46 
5 14 500 646.76 
17 10 1000 705.94 
14 3 500 671.2 
4 2 100 758.45 
5 0 500 734.74 
10 15 500 700.69 
11 7 1000 587.53 
10 3 100 758.45 
2 0 100 769.01 
7 11 50 587.53 
1 14 50 526.38 
14 5 500 646.76 
2 11 500 588.73 
7 19 100 473.94 
3 14 50 671.2 
4 15 100 511.9 
3 5 50 608.86 
0 4 50 773.16 
17 2 50 490.5 
10 14 1000 468.79 
12 5 500 583.36 
0 12 100 528.43 
5 17 500 785.68 
7 0 100 523.21 
17 12 50 468.91 
5 12 100 583.36 
15 12 50 791.48 
1 3 100 845.41 
16 2 50 1010.54 
2 4 100 758.45 
19 3 50 795.91 
11 16 100 882.68 
12 4 50 789.5 
10 4 100 740.46 
7 5 100 472.06 
5 4 100 417.86 
3 17 500 754.55 
2 17 50 490.5 
4 12 500 789.5 
4 3 1000 741.76 
14 16 500 528.35 
15 11 100 585.15 
0 1 100 569.94 
10 17 100 705.94 
10 12 50 1035.8 
14 15 100 474.66 
12 14 50 712.79 
16 3 1000 1223.13 
12 3 50 593.14 
14 4 50 773.16 
3 19 100 795.91 
7 16 1000 776.94 
16 19 50 1035.8 
1 17 100 554.24 
16 17 50 700.17 
14 12 50 712.79 
11 17 500 739.61 
2 3 1000 786.95 
17 4 500 876.35 
2 1 50 423.04 
4 11 50 728.46 
2 5 100 720.24 
17 0 50 414.99 
9 17 50 508.34 
4 5 50 417.86 
17 7 100 574.42 
5 3 500 608.86 
15 0 50 503.32 
17 11 100 739.61 
16 12 500 1035.8 
