20 94 170 
2 4 10000 5 1 240.23 
14 15 20000 2.5 1 769.07 
3 5 5000 10 1 230.22 
1 10 50000 1 1 401.81 
5 15 10000 5 1 361.84 
2 16 5000 10 1 653.18 
3 17 5000 10 1 679.63 
10 13 10000 5 1 749.79 
3 10 50000 1 1 752.16 
10 12 50000 1 1 694.43 
11 17 5000 10 1 821.18 
1 8 20000 2.5 1 360.6 
12 13 5000 10 1 267.02 
4 12 5000 10 1 765.08 
5 9 5000 10 1 391.15 
0 1 5000 10 1 351.36 
10 14 50000 1 1 622.96 
2 8 10000 5 1 466.92 
16 19 50000 1 1 263.95 
1 5 50000 1 1 309.85 
12 16 10000 5 1 520.45 
1 16 20000 2.5 1 779.46 
0 18 5000 10 1 446.49 
9 14 5000 10 1 574.06 
3 6 20000 2.5 1 316.55 
5 7 20000 2.5 1 159.31 
10 16 20000 2.5 1 788.31 
3 11 10000 5 1 510.8 
4 16 50000 1 1 433.23 
14 16 20000 2.5 1 171.1 
14 19 10000 5 1 394.28 
1 4 50000 1 1 787.71 
2 6 5000 10 1 701.76 
4 6 20000 2.5 1 794.15 
7 10 50000 1 1 814.87 
11 18 5000 10 1 84.78 
14 18 20000 2.5 1 252.05 
13 16 10000 5 1 419 
6 16 10000 5 1 479.74 
0 15 10000 5 1 534.4 
6 12 10000 5 1 433.38 
13 17 10000 5 1 685.42 
9 11 10000 5 1 338.75 
7 15 20000 2.5 1 445.01 
0 12 10000 5 1 98.39 
11 13 5000 10 1 357.85 
1 18 10000 5 1 787.43 
4 2 10000 5 1 240.23 
15 14 20000 2.5 1 769.07 
5 3 5000 10 1 230.22 
10 1 50000 1 1 401.81 
15 5 10000 5 1 361.84 
16 2 5000 10 1 653.18 
17 3 5000 10 1 679.63 
13 10 10000 5 1 749.79 
10 3 50000 1 1 752.16 
12 10 50000 1 1 694.43 
17 11 5000 10 1 821.18 
8 1 20000 2.5 1 360.6 
13 12 5000 10 1 267.02 
12 4 5000 10 1 765.08 
9 5 5000 10 1 391.15 
1 0 5000 10 1 351.36 
14 10 50000 1 1 622.96 
8 2 10000 5 1 466.92 
19 16 50000 1 1 263.95 
5 1 50000 1 1 309.85 
16 12 10000 5 1 520.45 
16 1 20000 2.5 1 779.46 
18 0 5000 10 1 446.49 
14 9 5000 10 1 574.06 
6 3 20000 2.5 1 316.55 
7 5 20000 2.5 1 159.31 
16 10 20000 2.5 1 788.31 
11 3 10000 5 1 510.8 
16 4 50000 1 1 433.23 
16 14 20000 2.5 1 171.1 
19 14 10000 5 1 394.28 
4 1 50000 1 1 787.71 
6 2 5000 10 1 701.76 
6 4 20000 2.5 1 794.15 
10 7 50000 1 1 814.87 
18 11 5000 10 1 84.78 
18 14 20000 2.5 1 252.05 
16 13 10000 5 1 419 
16 6 10000 5 1 479.74 
15 0 10000 5 1 534.4 
12 6 10000 5 1 433.38 
17 13 10000 5 1 685.42 
11 9 10000 5 1 338.75 
15 7 20000 2.5 1 445.01 
12 0 10000 5 1 98.39 
13 11 5000 10 1 357.85 
18 1 10000 5 1 787.43 
0 8 500 392.67 
11 9 500 392.67 
11 3 100 463.46 
8 10 500 395.1 
2 13 100 494.44 
13 17 500 378.05 
10 13 50 380.33 
13 18 500 402.21 
3 7 1000 406.21 
3 18 100 358.99 
12 14 1000 487.13 
13 9 1000 390.84 
2 12 1000 562.32 
19 10 1000 267.95 
8 15 500 250.68 
10 5 1000 321.75 
12 3 1000 453.18 
19 0 50 445.4 
13 8 100 366.16 
6 18 500 462.59 
7 11 1000 526.92 
17 2 500 363.63 
17 3 50 342.82 
15 14 500 369.58 
0 7 500 442.99 
13 6 1000 368.47 
3 14 500 442.54 
17 8 100 321.85 
11 4 500 354.51 
11 0 100 381.02 
4 19 500 392.62 
15 5 100 378.64 
5 19 1000 386.12 
5 16 500 273.55 
1 2 500 330.67 
17 15 500 342.21 
8 18 1000 392.67 
0 11 500 381.02 
6 7 100 222.93 
1 10 500 275.9 
17 12 1000 453.17 
18 19 50 548.35 
5 10 50 321.75 
9 11 1000 392.67 
9 3 100 290.54 
12 8 50 395.22 
9 13 50 390.84 
12 16 500 413.17 
16 9 100 345.23 
8 7 500 394.6 
17 14 500 490.05 
19 14 1000 447.37 
9 1 1000 388.66 
14 5 50 478.36 
0 10 50 316.98 
11 8 50 296.71 
3 17 500 342.82 
7 18 1000 415.14 
15 12 100 313.84 
5 2 100 370.44 
2 0 50 518.34 
8 5 500 395.92 
12 15 1000 313.84 
11 14 1000 284.08 
13 2 500 494.44 
14 7 100 376.06 
2 5 1000 370.44 
10 11 50 502.48 
1 7 100 464.21 
9 16 50 345.23 
17 11 100 408.73 
11 19 1000 526.73 
7 13 50 241.14 
12 17 500 453.17 
14 8 500 432.78 
0 5 100 415.18 
6 10 1000 431.12 
8 14 50 432.78 
16 8 50 540.91 
7 16 100 281.09 
19 17 100 469.59 
4 8 1000 404.29 
19 7 100 271.48 
18 6 1000 462.59 
18 9 100 402.94 
1 3 100 429.98 
6 15 50 277.79 
4 11 500 354.51 
5 7 1000 355.86 
5 4 1000 353.13 
4 13 50 405.27 
16 6 1000 402.14 
2 1 1000 330.67 
4 14 500 444.72 
7 9 500 286.98 
6 12 500 366.49 
2 9 1000 288.2 
10 9 500 417.37 
4 7 500 282.6 
5 17 1000 352.38 
7 4 100 282.6 
9 5 100 364.71 
17 13 100 378.05 
14 12 50 487.13 
19 5 50 386.12 
16 18 100 419.59 
13 16 1000 506.57 
3 1 500 429.98 
10 3 50 374.44 
6 4 500 463.42 
8 3 100 433.14 
7 12 1000 416.37 
3 8 100 433.14 
4 1 1000 404.31 
8 16 50 540.91 
12 18 100 324.65 
10 8 500 395.1 
16 13 50 506.57 
18 12 500 324.65 
9 0 50 447.63 
5 9 50 364.71 
19 9 500 402.26 
16 15 1000 284.7 
5 6 50 260.04 
6 5 100 260.04 
8 19 500 388.99 
5 13 50 379.06 
19 15 1000 355.12 
18 3 100 358.99 
4 12 500 570.12 
16 1 500 462.06 
5 18 1000 424.33 
15 0 50 384.22 
15 19 1000 355.12 
15 6 1000 277.79 
17 4 1000 392.32 
5 3 1000 345.11 
4 10 1000 386.23 
1 19 500 371.97 
13 10 1000 380.33 
18 16 500 419.59 
0 17 50 353.15 
18 8 1000 392.67 
10 14 500 417.91 
9 12 50 460.27 
8 4 50 404.29 
4 15 100 276.87 
13 7 500 241.14 
16 0 100 424.47 
11 17 50 408.73 
15 8 100 250.68 
6 8 1000 349.28 
15 3 1000 374.67 
1 4 100 404.31 
3 0 50 452.24 
13 15 500 388.08 
6 2 500 525.46 
1 9 100 388.66 
13 5 500 379.06 
13 1 1000 362.96 
2 14 100 297.59 
2 17 100 363.63 
9 8 1000 329.1 
5 12 50 376.89 
6 11 1000 403.44 
18 4 50 345.19 
0 1 50 434.33 
6 14 50 370.06 
4 0 100 511.98 
0 12 500 368.59 
