25 90 105 
13 23 10000 5 0 294.05 
7 23 10000 5 0 436.69 
8 13 20000 2.5 0 239.54 
3 11 50000 1 0 817.35 
8 11 5000 10 0 471.79 
9 16 20000 2.5 0 206.24 
21 22 50000 1 0 651.25 
10 23 20000 2.5 0 531.52 
6 10 10000 5 0 321.76 
5 8 5000 10 0 369.83 
2 23 50000 1 0 378.12 
2 20 20000 2.5 0 423 
0 4 50000 1 0 916.53 
4 17 5000 10 0 435.95 
12 16 10000 5 0 896.13 
20 24 5000 10 0 708.78 
4 16 50000 1 0 680.07 
14 17 5000 10 0 702.78 
3 8 10000 5 0 623.66 
13 20 10000 5 0 259.93 
5 22 50000 1 0 754.99 
6 22 5000 10 0 514.7 
22 23 10000 5 0 537.34 
14 24 50000 1 0 282.69 
7 11 50000 1 0 505.23 
1 19 5000 10 0 140.59 
12 14 5000 10 0 600.52 
1 21 10000 5 0 710.82 
7 10 50000 1 0 178.39 
6 15 5000 10 0 639.76 
16 18 20000 2.5 0 742.31 
23 24 10000 5 0 679.11 
16 24 20000 2.5 0 483.16 
11 12 20000 2.5 0 593.55 
5 16 10000 5 0 830.7 
6 18 50000 1 0 744.48 
7 14 5000 10 0 314.8 
12 19 5000 10 0 978.67 
11 16 10000 5 0 427.1 
3 17 50000 1 0 303.78 
0 12 10000 5 0 818.32 
2 21 50000 1 0 562.65 
12 22 20000 2.5 0 715.29 
8 20 20000 2.5 0 166.3 
9 12 20000 2.5 0 850.4 
23 13 10000 5 0 294.05 
23 7 10000 5 0 436.69 
13 8 20000 2.5 0 239.54 
11 3 50000 1 0 817.35 
11 8 5000 10 0 471.79 
16 9 20000 2.5 0 206.24 
22 21 50000 1 0 651.25 
23 10 20000 2.5 0 531.52 
10 6 10000 5 0 321.76 
8 5 5000 10 0 369.83 
23 2 50000 1 0 378.12 
20 2 20000 2.5 0 423 
4 0 50000 1 0 916.53 
17 4 5000 10 0 435.95 
16 12 10000 5 0 896.13 
24 20 5000 10 0 708.78 
16 4 50000 1 0 680.07 
17 14 5000 10 0 702.78 
8 3 10000 5 0 623.66 
20 13 10000 5 0 259.93 
22 5 50000 1 0 754.99 
22 6 5000 10 0 514.7 
23 22 10000 5 0 537.34 
24 14 50000 1 0 282.69 
11 7 50000 1 0 505.23 
19 1 5000 10 0 140.59 
14 12 5000 10 0 600.52 
21 1 10000 5 0 710.82 
10 7 50000 1 0 178.39 
15 6 5000 10 0 639.76 
18 16 20000 2.5 0 742.31 
24 23 10000 5 0 679.11 
24 16 20000 2.5 0 483.16 
12 11 20000 2.5 0 593.55 
16 5 10000 5 0 830.7 
18 6 50000 1 0 744.48 
14 7 5000 10 0 314.8 
19 12 5000 10 0 978.67 
16 11 10000 5 0 427.1 
17 3 50000 1 0 303.78 
12 0 10000 5 0 818.32 
21 2 50000 1 0 562.65 
22 12 20000 2.5 0 715.29 
20 8 20000 2.5 0 166.3 
12 9 20000 2.5 0 850.4 
20 5 1000 608.3 
4 5 100 379.66 
1 18 100 521.54 
11 17 100 338.41 
9 11 50 729.56 
10 24 50 625.97 
11 14 1000 651.35 
9 18 500 488.29 
13 22 500 565.33 
0 7 1000 605.88 
14 13 50 640.94 
5 8 100 402.2 
18 23 50 627.85 
3 11 500 603.11 
3 12 1000 410.37 
11 7 50 544.27 
14 21 500 588.83 
2 16 100 619.87 
11 2 1000 509.1 
10 13 50 785.37 
13 10 50 785.37 
1 3 1000 468.04 
5 2 50 564.77 
17 6 1000 461.93 
12 8 500 468.33 
16 8 1000 610.96 
19 4 50 409.1 
4 7 500 320.4 
19 7 1000 495.66 
12 20 100 309.69 
5 17 1000 475.44 
8 1 500 435.57 
24 17 50 542.85 
24 13 1000 768.79 
9 10 500 491.55 
14 11 100 651.35 
20 17 1000 623.6 
7 23 500 720.17 
22 7 1000 609.16 
22 14 100 390.74 
3 4 50 340.35 
18 17 1000 413.31 
17 19 500 417.95 
5 10 500 666.63 
22 20 1000 671.09 
20 18 100 550.58 
1 10 50 485.82 
18 2 50 459.35 
24 20 1000 829.39 
3 17 1000 637.33 
18 13 1000 596.56 
11 19 1000 634.94 
3 22 500 492.71 
9 2 1000 552.99 
7 4 1000 320.4 
22 6 50 582.79 
20 14 50 798.92 
17 2 100 474.6 
4 12 100 703.42 
14 5 1000 630.96 
5 23 50 628.57 
19 17 50 417.95 
21 10 500 720.51 
11 8 500 613.21 
17 10 1000 592.25 
7 9 1000 485.68 
7 18 1000 493.88 
20 21 1000 521.04 
2 9 500 552.99 
0 11 500 373.9 
24 22 500 592.43 
10 19 50 465.28 
7 16 50 581.31 
1 2 1000 534.46 
23 9 500 557.32 
14 2 50 560.69 
14 22 1000 390.74 
13 20 1000 670.89 
7 0 100 605.88 
5 11 50 474.53 
16 24 1000 695 
1 20 50 597.75 
0 2 50 496.08 
2 22 50 650.3 
22 11 100 527.31 
6 24 500 653.75 
12 9 50 479.95 
12 10 50 619.98 
22 0 100 396.26 
10 11 1000 451.83 
1 9 50 430.6 
5 4 500 379.66 
0 6 500 348.66 
5 12 100 456.68 
4 11 1000 773.11 
0 3 100 404.39 
22 10 1000 596.78 
12 13 100 426.32 
9 12 50 479.95 
21 20 500 521.04 
12 21 50 473.58 
19 13 100 474.89 
0 18 1000 476.31 
4 6 50 270.23 
7 19 500 495.66 
