25 120 519 
7 13 50000 1 0 490.85 
3 10 50000 1 0 503.43 
8 18 50000 1 0 217.13 
10 12 5000 10 0 519.53 
0 6 20000 2.5 0 452.09 
5 15 20000 2.5 0 826.12 
5 11 50000 1 0 338.97 
0 21 5000 10 0 150.52 
8 12 5000 10 0 124.07 
9 13 20000 2.5 0 556.44 
0 23 20000 2.5 0 918.13 
4 22 5000 10 0 896.61 
23 24 5000 10 0 82.48 
10 22 20000 2.5 0 596.33 
16 22 5000 10 0 722.38 
14 22 10000 5 0 528.11 
17 21 5000 10 0 413.72 
3 17 50000 1 0 447.71 
12 15 20000 2.5 0 699.26 
2 16 10000 5 0 798.26 
1 11 5000 10 0 632.22 
2 24 50000 1 0 500.53 
11 17 20000 2.5 0 345.42 
4 9 50000 1 0 340.69 
3 18 5000 10 0 505.73 
17 20 50000 1 0 322.97 
0 3 5000 10 0 173.08 
2 13 20000 2.5 0 726.73 
13 19 5000 10 0 590.79 
10 13 5000 10 0 412.31 
5 6 20000 2.5 0 711.25 
1 5 50000 1 0 775.83 
6 21 50000 1 0 539.2 
15 21 10000 5 0 911.45 
4 17 20000 2.5 0 785.01 
14 18 5000 10 0 657.89 
7 14 20000 2.5 0 299.43 
11 18 10000 5 0 287.55 
0 19 5000 10 0 209.65 
3 16 20000 2.5 0 829.59 
12 17 20000 2.5 0 616.25 
10 17 50000 1 0 782.61 
3 15 10000 5 0 837.12 
4 11 50000 1 0 604.06 
13 22 50000 1 0 414.32 
11 21 5000 10 0 456.75 
1 9 10000 5 0 393.38 
1 2 10000 5 0 507.99 
7 23 50000 1 0 194.09 
9 10 20000 2.5 0 177.58 
13 20 20000 2.5 0 339.55 
14 19 20000 2.5 0 562.12 
2 22 50000 1 0 490.31 
12 22 50000 1 0 374.11 
15 17 5000 10 0 677.12 
0 8 10000 5 0 354.35 
8 16 20000 2.5 0 805.74 
3 19 20000 2.5 0 140.2 
1 17 20000 2.5 0 719.93 
1 22 50000 1 0 901.7 
13 7 50000 1 0 490.85 
10 3 50000 1 0 503.43 
18 8 50000 1 0 217.13 
12 10 5000 10 0 519.53 
6 0 20000 2.5 0 452.09 
15 5 20000 2.5 0 826.12 
11 5 50000 1 0 338.97 
21 0 5000 10 0 150.52 
12 8 5000 10 0 124.07 
13 9 20000 2.5 0 556.44 
23 0 20000 2.5 0 918.13 
22 4 5000 10 0 896.61 
24 23 5000 10 0 82.48 
22 10 20000 2.5 0 596.33 
22 16 5000 10 0 722.38 
22 14 10000 5 0 528.11 
21 17 5000 10 0 413.72 
17 3 50000 1 0 447.71 
15 12 20000 2.5 0 699.26 
16 2 10000 5 0 798.26 
11 1 5000 10 0 632.22 
24 2 50000 1 0 500.53 
17 11 20000 2.5 0 345.42 
9 4 50000 1 0 340.69 
18 3 5000 10 0 505.73 
20 17 50000 1 0 322.97 
3 0 5000 10 0 173.08 
13 2 20000 2.5 0 726.73 
19 13 5000 10 0 590.79 
13 10 5000 10 0 412.31 
6 5 20000 2.5 0 711.25 
5 1 50000 1 0 775.83 
21 6 50000 1 0 539.2 
21 15 10000 5 0 911.45 
17 4 20000 2.5 0 785.01 
18 14 5000 10 0 657.89 
14 7 20000 2.5 0 299.43 
18 11 10000 5 0 287.55 
19 0 5000 10 0 209.65 
16 3 20000 2.5 0 829.59 
17 12 20000 2.5 0 616.25 
17 10 50000 1 0 782.61 
15 3 10000 5 0 837.12 
11 4 50000 1 0 604.06 
22 13 50000 1 0 414.32 
21 11 5000 10 0 456.75 
9 1 10000 5 0 393.38 
2 1 10000 5 0 507.99 
23 7 50000 1 0 194.09 
10 9 20000 2.5 0 177.58 
20 13 20000 2.5 0 339.55 
19 14 20000 2.5 0 562.12 
22 2 50000 1 0 490.31 
22 12 50000 1 0 374.11 
17 15 5000 10 0 677.12 
8 0 10000 5 0 354.35 
16 8 20000 2.5 0 805.74 
19 3 20000 2.5 0 140.2 
17 1 20000 2.5 0 719.93 
22 1 50000 1 0 901.7 
16 1 1000 335.89 
13 15 500 319.15 
10 3 1000 398.77 
21 3 50 516.08 
7 10 1000 443.34 
24 16 500 414.43 
6 5 500 574.23 
24 5 50 308.95 
3 21 1000 516.08 
2 11 1000 297.51 
5 8 500 399.78 
10 13 100 348.9 
20 6 100 572.23 
0 24 500 352.59 
23 6 1000 372.46 
12 23 1000 324.37 
12 0 1000 347.82 
4 24 50 356.49 
3 6 500 449.73 
13 22 1000 455.76 
13 7 500 334.21 
7 17 50 401.38 
16 17 50 318.75 
8 22 500 321.54 
12 11 100 341.12 
16 22 1000 483 
23 21 1000 353.08 
24 12 100 280.66 
10 15 50 321.71 
17 1 50 461.19 
16 20 500 358.46 
11 24 100 314.06 
24 1 50 348.04 
13 0 500 491.77 
1 4 50 292.22 
4 19 1000 492.08 
11 21 100 417.48 
10 2 1000 354.05 
3 2 1000 349.59 
7 3 100 433.72 
6 19 1000 319.1 
18 2 100 251.05 
16 9 100 337.51 
15 16 1000 393.36 
10 19 100 337.81 
17 6 100 644.42 
6 15 50 598.13 
9 8 1000 366.47 
21 9 1000 374.63 
2 17 1000 240.88 
13 19 500 488.04 
19 13 50 488.04 
13 21 50 397.67 
12 2 500 381.73 
22 12 50 397.75 
16 21 500 289.48 
0 8 500 493.57 
16 2 50 245.31 
7 13 100 334.21 
24 13 50 436.01 
18 4 500 353.61 
0 15 1000 359.51 
10 8 100 353.17 
14 5 1000 321.61 
11 6 50 681.81 
13 14 50 347.97 
11 2 100 297.51 
11 13 100 347.53 
15 0 500 359.51 
3 24 500 263.02 
15 24 1000 373.97 
9 0 1000 292.22 
17 9 100 554.76 
16 14 50 515.31 
0 11 500 481.68 
24 10 50 528.25 
14 0 1000 408.37 
4 2 50 503.7 
20 4 100 482.85 
23 0 500 426.77 
22 7 100 457.67 
17 5 50 516.33 
1 9 100 357.59 
6 16 500 344.13 
23 16 50 414.83 
1 11 500 369.96 
4 16 50 331.47 
0 3 50 474.27 
1 22 500 533.07 
21 24 100 334.58 
9 13 1000 578.86 
3 4 1000 379.24 
17 11 50 599.5 
17 16 500 318.75 
8 21 50 442.6 
14 12 1000 357.92 
9 4 500 450.19 
4 10 100 402.04 
21 13 50 397.67 
1 2 1000 486.9 
22 17 100 257.71 
1 13 500 351.11 
20 5 50 233.32 
14 8 50 364.84 
12 19 1000 444.38 
3 22 500 509.96 
5 14 1000 321.61 
20 8 500 484.36 
11 22 1000 250.55 
18 11 50 442.83 
21 2 50 243.49 
5 0 500 369.15 
24 14 500 398.03 
7 6 500 421.37 
6 20 500 572.23 
17 10 1000 429.19 
7 12 50 465.24 
19 2 500 305.64 
19 5 100 595.8 
9 20 1000 482.58 
16 19 50 410.48 
17 3 1000 577.67 
1 8 1000 473.47 
4 0 500 481.68 
12 18 1000 351.74 
7 4 1000 375.49 
12 17 100 521.75 
15 7 1000 283.55 
19 14 500 474.46 
17 14 100 411.59 
4 18 50 353.61 
11 0 100 481.68 
16 11 1000 459.27 
23 15 50 375.31 
15 13 1000 319.15 
19 6 100 319.1 
0 4 1000 481.68 
15 22 50 287.71 
19 0 500 414.51 
15 12 500 467.53 
2 3 50 349.59 
13 9 500 578.86 
18 3 100 621.32 
3 9 500 415.27 
18 7 1000 450.91 
23 4 500 301.88 
18 1 1000 428.68 
5 3 100 554.86 
11 20 500 302.39 
16 5 100 334.23 
12 24 500 280.66 
4 20 100 482.85 
11 19 100 737.14 
1 19 100 433.13 
24 18 50 442.92 
6 13 500 414.4 
8 12 50 440.57 
19 20 100 430.25 
24 11 1000 314.06 
11 14 500 460.01 
15 14 50 400.84 
2 18 50 251.05 
1 14 50 280.48 
11 7 1000 176.46 
18 21 500 500.41 
16 3 50 440.39 
22 1 100 533.07 
17 0 1000 465.15 
1 5 100 274.39 
19 12 100 444.38 
10 9 50 253.45 
7 11 50 176.46 
0 9 50 292.22 
22 8 50 321.54 
15 6 50 598.13 
0 23 500 426.77 
15 21 100 476.09 
23 5 500 311.94 
14 1 500 280.48 
2 14 500 376.15 
17 23 500 347.16 
11 10 1000 455.38 
3 17 1000 577.67 
20 9 50 482.58 
4 1 1000 292.22 
7 19 500 356.13 
23 17 1000 347.16 
20 10 500 518.98 
6 14 50 404.09 
21 12 100 451.67 
12 15 100 467.53 
15 11 500 484.71 
22 15 1000 287.71 
5 9 100 523.31 
14 21 100 368.17 
4 11 1000 449.85 
12 20 500 483.81 
8 1 100 473.47 
18 22 50 302.1 
5 21 1000 536.98 
13 23 50 362.85 
2 20 1000 270.49 
13 12 500 403.01 
22 2 50 614.89 
7 1 1000 486.01 
10 1 1000 386.39 
3 13 500 371.95 
20 11 100 302.39 
13 16 500 382.77 
9 17 1000 554.76 
21 19 50 491.67 
0 12 500 347.82 
0 19 50 414.51 
5 15 100 395.14 
8 16 50 399.7 
2 22 500 614.89 
14 19 500 474.46 
2 5 1000 284.81 
1 7 100 486.01 
20 22 100 362.23 
0 17 500 465.15 
3 23 100 336.12 
9 12 50 458.14 
18 24 50 442.92 
6 10 50 339.64 
17 24 100 354.34 
4 22 100 390.28 
5 20 50 233.32 
2 6 500 213.59 
23 9 1000 413.41 
22 4 100 390.28 
22 16 50 483 
9 1 50 357.59 
10 4 50 402.04 
23 8 100 439.51 
0 2 500 252.75 
19 1 1000 433.13 
8 10 1000 353.17 
8 23 100 439.51 
19 16 100 410.48 
21 17 50 393.24 
4 8 1000 416.45 
17 21 100 393.24 
21 23 50 353.08 
6 0 500 626.5 
8 18 500 521.17 
7 21 100 442.02 
16 13 500 382.77 
11 12 1000 341.12 
2 16 1000 245.31 
22 0 500 357.92 
0 5 500 369.15 
6 18 1000 641.07 
0 16 50 365.48 
21 18 50 500.41 
11 23 100 251.76 
10 23 1000 493.57 
14 11 100 460.01 
7 23 50 396.72 
14 9 1000 541.7 
0 10 1000 361.75 
14 2 1000 376.15 
7 22 500 457.67 
20 7 50 347.1 
5 4 1000 311.7 
15 19 50 548.72 
9 7 100 316.37 
1 23 100 388.83 
15 1 50 355.91 
18 14 500 318.01 
23 19 50 281.66 
14 22 1000 403.01 
14 13 100 347.97 
11 15 1000 484.71 
14 23 500 372.54 
16 6 1000 344.13 
14 20 50 357.86 
0 22 1000 357.92 
11 18 100 442.83 
5 18 50 485.58 
3 1 500 285.98 
17 7 100 401.38 
0 18 500 516.29 
2 12 50 381.73 
12 16 50 347.02 
15 9 100 342.69 
6 2 1000 213.59 
11 1 500 369.96 
5 6 50 574.23 
7 0 500 493.47 
9 10 50 253.45 
15 8 500 579.88 
0 21 1000 626.13 
13 8 500 429.03 
2 4 500 503.7 
14 15 100 400.84 
22 14 500 403.01 
0 7 100 493.47 
10 12 50 321.8 
24 22 50 427.27 
8 4 500 416.45 
2 7 50 450.53 
8 3 500 470.52 
11 9 50 572.38 
23 18 1000 468.14 
22 11 50 250.55 
12 14 50 357.92 
7 15 100 283.55 
12 9 100 458.14 
17 19 1000 531.2 
0 20 50 466.38 
17 22 1000 257.71 
15 17 500 524.5 
17 18 500 504.36 
1 20 100 518.6 
9 5 100 523.31 
18 16 500 426.61 
19 22 100 330.91 
17 8 100 486.7 
22 6 100 245.24 
9 21 1000 374.63 
9 2 100 553.96 
12 7 100 465.24 
2 0 50 252.75 
21 14 50 368.17 
1 0 100 421.39 
7 9 100 316.37 
6 21 100 580.74 
22 9 100 429.06 
14 4 500 329.79 
17 13 1000 379.37 
4 9 50 450.19 
6 1 50 296.88 
23 22 100 424.18 
5 22 50 354.01 
12 13 100 403.01 
2 19 100 305.64 
10 21 1000 312.91 
8 6 50 403.96 
5 16 1000 334.23 
1 3 50 285.98 
10 7 1000 443.34 
21 22 100 403.39 
21 4 500 403.05 
1 16 500 335.89 
15 23 100 375.31 
14 16 500 515.31 
22 21 100 403.39 
3 14 1000 389.63 
4 17 50 435.76 
19 4 500 492.08 
3 8 50 470.52 
14 10 500 451.57 
21 20 50 361.06 
23 2 100 353.26 
13 1 50 351.11 
23 20 50 355.7 
3 0 1000 474.27 
19 21 500 491.67 
1 6 100 296.88 
22 20 100 362.23 
11 4 100 449.85 
23 14 50 372.54 
20 21 100 361.06 
18 23 100 468.14 
8 17 50 486.7 
17 2 500 240.88 
15 2 50 239.63 
8 13 50 429.03 
19 11 50 737.14 
10 5 50 367.15 
5 11 1000 430.14 
17 4 100 435.76 
4 15 1000 314.98 
21 11 50 417.48 
7 16 100 416.58 
16 10 50 449.27 
9 3 50 415.27 
22 10 500 520.17 
19 23 50 281.66 
20 23 1000 355.7 
17 15 1000 524.5 
8 2 500 269.61 
8 9 1000 366.47 
14 17 100 411.59 
13 5 500 280.74 
1 10 500 386.39 
12 10 100 321.8 
7 20 1000 347.1 
12 6 100 447.8 
6 7 500 421.37 
18 6 500 641.07 
13 10 100 348.9 
9 6 500 232.45 
21 1 500 391.5 
9 16 100 337.51 
5 17 500 516.33 
23 12 500 324.37 
16 18 50 426.61 
0 1 100 421.39 
8 14 500 364.84 
8 19 500 530.4 
10 0 1000 361.75 
4 7 100 375.49 
2 13 100 562.9 
15 4 100 314.98 
6 17 50 644.42 
9 14 50 541.7 
13 11 1000 347.53 
4 6 50 350.89 
8 15 1000 579.88 
5 13 1000 280.74 
4 23 1000 301.88 
11 16 1000 459.27 
7 8 100 435.66 
5 1 500 274.39 
2 15 50 239.63 
14 6 50 404.09 
23 1 1000 388.83 
16 0 1000 365.48 
16 12 500 347.02 
4 5 500 311.7 
12 22 1000 397.75 
23 3 50 336.12 
5 12 500 316.96 
3 7 500 433.72 
9 15 100 342.69 
9 23 100 413.41 
2 23 100 353.26 
12 5 1000 316.96 
9 11 100 572.38 
11 17 1000 599.5 
11 5 500 430.14 
7 5 500 159.88 
4 12 1000 387.47 
16 7 100 416.58 
20 2 50 270.49 
3 20 500 483.96 
11 3 50 299.85 
13 4 100 222.7 
6 3 100 449.73 
6 8 50 403.96 
3 16 50 440.39 
18 20 100 450.91 
20 3 500 483.96 
22 5 100 354.01 
13 2 500 562.9 
10 11 50 455.38 
15 20 50 362.13 
18 0 50 516.29 
22 13 1000 455.76 
4 3 100 379.24 
9 19 1000 207.62 
20 15 50 362.13 
20 1 500 518.6 
16 4 1000 331.47 
21 16 1000 289.48 
1 15 50 355.91 
20 12 1000 483.81 
3 5 1000 554.86 
17 12 1000 521.75 
6 11 100 681.81 
1 12 500 351.11 
10 17 50 429.19 
12 8 100 440.57 
13 17 50 379.37 
9 22 50 429.06 
22 18 100 302.1 
2 1 500 486.9 
19 9 50 207.62 
16 15 100 393.36 
21 7 50 442.02 
5 7 1000 159.88 
5 19 500 595.8 
15 3 500 418.08 
12 1 1000 351.11 
3 12 50 408.29 
6 12 50 447.8 
7 2 500 450.53 
21 0 1000 626.13 
20 16 1000 358.46 
21 10 500 312.91 
21 5 100 536.98 
1 17 50 461.19 
22 23 100 424.18 
18 5 50 485.58 
4 14 500 329.79 
12 4 50 387.47 
3 11 500 299.85 
3 10 100 398.77 
19 10 500 337.81 
6 9 1000 232.45 
23 11 500 251.76 
15 5 500 395.14 
23 13 100 362.85 
22 19 1000 330.91 
2 10 100 354.05 
10 20 100 518.98 
6 22 100 245.24 
10 16 1000 449.27 
3 15 1000 418.08 
15 10 500 321.71 
13 3 1000 371.95 
14 18 100 318.01 
12 3 100 408.29 
19 17 1000 531.2 
22 3 100 509.96 
20 0 500 466.38 
5 2 1000 284.81 
10 22 1000 520.17 
2 9 1000 553.96 
5 10 100 367.15 
0 13 1000 491.77 
6 4 100 350.89 
20 19 500 430.25 
19 15 50 548.72 
20 14 500 357.86 
10 14 100 451.57 
4 13 1000 222.7 
