19 63 214 
0 3 50000 1 1 5.3 
0 6 5000 10 1 13.85 
1 18 10000 5 1 13.75 
1 6 20000 2.5 1 9.58 
2 10 20000 2.5 1 9.95 
2 3 50000 1 1 5.67 
3 9 10000 5 1 26.99 
3 16 50000 1 1 15.55 
4 5 20000 2.5 1 14.69 
4 7 5000 10 1 16.98 
4 7 5000 10 1 16.98 
5 8 50000 1 1 9.52 
5 12 5000 10 1 33.77 
5 16 50000 1 1 15.82 
5 7 20000 2.5 1 16.81 
6 16 10000 5 1 17.06 
6 7 10000 5 1 16.09 
7 16 5000 10 1 31.94 
8 12 5000 10 1 28.41 
9 16 20000 2.5 1 26.04 
9 10 50000 1 1 11.97 
9 18 10000 5 1 20.54 
11 16 5000 10 1 23.06 
11 12 50000 1 1 10.06 
12 13 50000 1 1 68.4 
12 15 5000 10 1 19.33 
12 16 50000 1 1 20.23 
13 14 50000 1 1 5.57 
14 16 20000 2.5 1 89.45 
15 16 50000 1 1 8.68 
16 17 5000 10 1 6.67 
16 18 20000 2.5 1 9.73 
3 0 50000 1 1 5.3 
6 0 5000 10 1 13.85 
18 1 10000 5 1 13.75 
6 1 20000 2.5 1 9.58 
10 2 20000 2.5 1 9.95 
3 2 50000 1 1 5.67 
9 3 10000 5 1 26.99 
16 3 50000 1 1 15.55 
5 4 20000 2.5 1 14.69 
7 4 5000 10 1 16.98 
8 5 50000 1 1 9.52 
12 5 5000 10 1 33.77 
16 5 50000 1 1 15.82 
7 5 20000 2.5 1 16.81 
16 6 10000 5 1 17.06 
7 6 10000 5 1 16.09 
16 7 5000 10 1 31.94 
12 8 5000 10 1 28.41 
16 9 20000 2.5 1 26.04 
10 9 50000 1 1 11.97 
18 9 10000 5 1 20.54 
16 11 5000 10 1 23.06 
12 11 50000 1 1 10.06 
13 12 50000 1 1 68.4 
15 12 5000 10 1 19.33 
16 12 50000 1 1 20.23 
14 13 50000 1 1 5.57 
16 14 20000 2.5 1 89.45 
16 15 50000 1 1 8.68 
17 16 5000 10 1 6.67 
18 16 20000 2.5 1 9.73 
13 2 50 18.66 
1 7 50 33.17 
4 2 50 17.21 
0 2 100 42.29 
18 5 1000 28.67 
11 9 50 29.43 
3 16 50 52.31 
8 0 500 23 
10 1 100 35.22 
14 9 1000 29.36 
18 12 1000 22.21 
14 11 500 47.79 
9 13 1000 28.74 
10 0 100 39.8 
14 18 500 25.44 
4 3 500 20.87 
16 12 500 49.86 
15 2 100 35.5 
12 18 50 22.21 
5 14 1000 23.35 
6 2 50 35.89 
2 15 500 35.5 
10 9 1000 55.92 
2 7 500 15.81 
5 3 1000 32.6 
15 8 500 45.49 
11 0 500 18.56 
8 7 100 27.77 
1 4 50 31.47 
7 1 500 33.17 
2 0 50 42.29 
6 7 100 26.85 
6 12 500 26.34 
6 0 500 42.89 
15 18 100 31.66 
12 15 50 49.86 
5 2 50 26.42 
5 6 50 20.16 
9 8 50 14.54 
10 16 50 60.03 
5 10 100 13.48 
13 1 50 20.52 
12 16 1000 49.86 
16 14 1000 55.79 
13 11 100 47.22 
11 4 50 24.48 
16 0 500 51.07 
4 16 1000 46.92 
4 18 1000 24.59 
1 14 1000 26.6 
0 16 1000 51.07 
1 16 1000 47.39 
12 2 100 20.65 
4 5 50 23.78 
7 6 500 26.85 
2 5 50 26.42 
2 6 500 35.89 
3 4 1000 20.87 
0 9 500 56.9 
11 14 100 47.79 
6 13 50 24.1 
9 10 500 55.92 
12 1 1000 21.43 
10 5 100 13.48 
3 6 100 42.89 
7 2 1000 15.81 
16 18 50 53.64 
7 14 1000 23.27 
1 5 1000 21.54 
11 6 100 26.73 
18 15 50 31.66 
15 10 50 26.65 
9 15 1000 25.05 
2 4 50 17.21 
3 7 500 15.1 
1 9 100 49.16 
16 1 100 47.39 
7 10 100 27.6 
3 13 50 17.42 
8 3 500 24.72 
6 15 500 26.91 
8 13 500 20.45 
10 8 100 12.09 
11 7 100 35.26 
11 16 50 49.86 
7 9 1000 22.9 
10 6 50 44.66 
8 10 100 12.09 
4 9 50 15.12 
5 0 50 24.73 
0 8 100 23 
2 9 1000 55.92 
12 4 500 29.16 
2 1 50 33.05 
6 4 100 25.54 
3 15 1000 30.97 
6 3 50 42.89 
0 15 500 32.74 
12 9 500 27.65 
3 1 1000 39.68 
3 12 100 21.93 
16 13 1000 55.79 
7 0 100 22.87 
11 18 1000 25.76 
8 14 100 26.18 
6 8 50 19.53 
2 16 500 55.23 
16 9 100 63.86 
2 8 100 22.28 
0 5 100 24.73 
1 3 50 39.68 
9 12 100 27.65 
4 7 500 23.78 
10 11 1000 27.89 
0 13 100 18.74 
18 6 500 39.13 
4 8 1000 28.32 
10 13 1000 24.2 
5 11 500 30.86 
18 8 100 31.6 
7 13 500 23.27 
16 4 1000 46.92 
8 18 100 31.6 
4 10 500 18.39 
4 13 100 23.78 
13 6 100 24.1 
7 3 1000 15.1 
0 14 50 17.54 
15 6 1000 26.91 
14 10 1000 23.34 
16 3 50 52.31 
18 16 100 53.64 
5 7 100 23.78 
14 5 500 23.35 
14 6 500 22.68 
1 13 1000 20.52 
0 10 50 39.8 
5 1 50 21.54 
13 10 100 24.2 
13 3 50 17.42 
16 8 100 55.12 
8 2 50 22.28 
18 14 100 25.44 
18 2 50 51.63 
14 8 100 26.18 
5 13 100 17.64 
7 11 50 35.26 
8 6 500 19.53 
9 11 100 29.43 
15 9 500 25.05 
18 1 50 39.13 
16 10 1000 60.03 
9 7 50 22.9 
13 15 50 41.43 
3 11 50 23.33 
9 14 50 29.36 
1 12 1000 21.43 
1 10 50 35.22 
8 4 50 28.32 
15 3 50 30.97 
18 3 100 51.76 
2 18 500 51.63 
6 10 100 44.66 
14 15 50 40.51 
10 14 100 23.34 
10 18 100 48.18 
3 14 100 17.36 
10 7 500 27.6 
15 14 100 40.51 
13 18 500 25.06 
9 6 500 59.91 
12 7 500 39.1 
18 13 500 25.06 
7 15 100 28.15 
14 2 1000 19.13 
14 1 50 26.6 
13 4 100 23.78 
7 18 100 18.16 
14 16 100 55.79 
12 5 500 41.17 
18 9 100 59.84 
14 7 500 23.27 
9 2 1000 55.92 
15 1 1000 27.08 
18 10 100 48.18 
10 12 500 26.17 
1 2 1000 33.05 
9 1 100 49.16 
9 3 50 55.92 
9 4 50 15.12 
12 3 50 21.93 
13 9 500 28.74 
3 5 1000 32.6 
18 11 500 25.76 
6 9 1000 59.91 
9 16 1000 63.86 
15 7 50 28.15 
9 18 1000 59.84 
1 11 100 22.57 
3 9 1000 55.92 
16 11 50 49.86 
9 5 50 14.08 
14 3 50 17.36 
16 2 1000 55.23 
10 3 500 55.92 
18 7 50 18.16 
1 8 50 19.6 
6 11 100 26.73 
12 10 50 26.17 
13 16 100 55.79 
3 18 50 51.76 
3 10 500 55.92 
13 5 50 17.64 
6 14 100 22.68 
