19 63 71 
0 3 50000 1 1 5.3 
0 6 5000 10 1 13.85 
1 18 10000 5 1 13.75 
1 6 20000 2.5 1 9.58 
2 10 20000 2.5 1 9.95 
2 3 50000 1 1 5.67 
3 9 10000 5 1 26.99 
3 16 50000 1 1 15.55 
4 5 20000 2.5 1 14.69 
4 7 5000 10 1 16.98 
4 7 5000 10 1 16.98 
5 8 50000 1 1 9.52 
5 12 5000 10 1 33.77 
5 16 50000 1 1 15.82 
5 7 20000 2.5 1 16.81 
6 16 10000 5 1 17.06 
6 7 10000 5 1 16.09 
7 16 5000 10 1 31.94 
8 12 5000 10 1 28.41 
9 16 20000 2.5 1 26.04 
9 10 50000 1 1 11.97 
9 18 10000 5 1 20.54 
11 16 5000 10 1 23.06 
11 12 50000 1 1 10.06 
12 13 50000 1 1 68.4 
12 15 5000 10 1 19.33 
12 16 50000 1 1 20.23 
13 14 50000 1 1 5.57 
14 16 20000 2.5 1 89.45 
15 16 50000 1 1 8.68 
16 17 5000 10 1 6.67 
16 18 20000 2.5 1 9.73 
3 0 50000 1 1 5.3 
6 0 5000 10 1 13.85 
18 1 10000 5 1 13.75 
6 1 20000 2.5 1 9.58 
10 2 20000 2.5 1 9.95 
3 2 50000 1 1 5.67 
9 3 10000 5 1 26.99 
16 3 50000 1 1 15.55 
5 4 20000 2.5 1 14.69 
7 4 5000 10 1 16.98 
8 5 50000 1 1 9.52 
12 5 5000 10 1 33.77 
16 5 50000 1 1 15.82 
7 5 20000 2.5 1 16.81 
16 6 10000 5 1 17.06 
7 6 10000 5 1 16.09 
16 7 5000 10 1 31.94 
12 8 5000 10 1 28.41 
16 9 20000 2.5 1 26.04 
10 9 50000 1 1 11.97 
18 9 10000 5 1 20.54 
16 11 5000 10 1 23.06 
12 11 50000 1 1 10.06 
13 12 50000 1 1 68.4 
15 12 5000 10 1 19.33 
16 12 50000 1 1 20.23 
14 13 50000 1 1 5.57 
16 14 20000 2.5 1 89.45 
16 15 50000 1 1 8.68 
17 16 5000 10 1 6.67 
18 16 20000 2.5 1 9.73 
13 2 50 25.13 
1 7 50 36.13 
4 2 50 24.17 
0 2 100 52.26 
18 5 1000 39.82 
11 9 50 43.84 
3 16 50 87.92 
8 0 500 30.1 
10 1 100 53.41 
14 9 1000 36.03 
18 12 1000 32.52 
14 11 500 64.16 
9 13 1000 41.8 
10 0 100 54.78 
14 18 500 32.41 
4 3 500 25.1 
16 12 500 60.49 
15 2 100 41.71 
12 18 50 32.52 
5 14 1000 33.21 
6 2 50 49.41 
2 15 500 41.71 
10 9 1000 65.67 
2 7 500 24.78 
5 3 1000 36.46 
15 8 500 56.68 
11 0 500 29.33 
8 7 100 36.05 
1 4 50 36.62 
7 1 500 36.13 
2 0 50 52.26 
6 7 100 35.21 
6 12 500 36.36 
6 0 500 65.61 
15 18 100 39.71 
12 15 50 60.49 
5 2 50 32.11 
5 6 50 30.97 
9 8 50 17.15 
10 16 50 74.25 
5 10 100 19.95 
13 1 50 31.09 
12 16 1000 60.49 
16 14 1000 69.95 
13 11 100 62.48 
11 4 50 33.52 
16 0 500 97.57 
4 16 1000 162.29 
4 18 1000 34.14 
1 14 1000 33.15 
0 16 1000 97.57 
1 16 1000 97.51 
12 2 100 29.95 
4 5 50 51.56 
7 6 500 35.21 
2 5 50 32.11 
2 6 500 49.41 
3 4 1000 25.1 
0 9 500 69.79 
11 14 100 64.16 
6 13 50 34.53 
9 10 500 65.67 
12 1 1000 30.59 
10 5 100 19.95 
3 6 100 65.61 
7 2 1000 24.78 
16 18 50 82.13 
7 14 1000 40.51 
1 5 1000 34.07 
11 6 100 36.2 
18 15 50 39.71 
