19 63 214 
0 3 50000 1 1 5.3 
0 6 5000 10 1 13.85 
1 18 10000 5 1 13.75 
1 6 20000 2.5 1 9.58 
2 10 20000 2.5 1 9.95 
2 3 50000 1 1 5.67 
3 9 10000 5 1 26.99 
3 16 50000 1 1 15.55 
4 5 20000 2.5 1 14.69 
4 7 5000 10 1 16.98 
4 7 5000 10 1 16.98 
5 8 50000 1 1 9.52 
5 12 5000 10 1 33.77 
5 16 50000 1 1 15.82 
5 7 20000 2.5 1 16.81 
6 16 10000 5 1 17.06 
6 7 10000 5 1 16.09 
7 16 5000 10 1 31.94 
8 12 5000 10 1 28.41 
9 16 20000 2.5 1 26.04 
9 10 50000 1 1 11.97 
9 18 10000 5 1 20.54 
11 16 5000 10 1 23.06 
11 12 50000 1 1 10.06 
12 13 50000 1 1 68.4 
12 15 5000 10 1 19.33 
12 16 50000 1 1 20.23 
13 14 50000 1 1 5.57 
14 16 20000 2.5 1 89.45 
15 16 50000 1 1 8.68 
16 17 5000 10 1 6.67 
16 18 20000 2.5 1 9.73 
3 0 50000 1 1 5.3 
6 0 5000 10 1 13.85 
18 1 10000 5 1 13.75 
6 1 20000 2.5 1 9.58 
10 2 20000 2.5 1 9.95 
3 2 50000 1 1 5.67 
9 3 10000 5 1 26.99 
16 3 50000 1 1 15.55 
5 4 20000 2.5 1 14.69 
7 4 5000 10 1 16.98 
8 5 50000 1 1 9.52 
12 5 5000 10 1 33.77 
16 5 50000 1 1 15.82 
7 5 20000 2.5 1 16.81 
16 6 10000 5 1 17.06 
7 6 10000 5 1 16.09 
16 7 5000 10 1 31.94 
12 8 5000 10 1 28.41 
16 9 20000 2.5 1 26.04 
10 9 50000 1 1 11.97 
18 9 10000 5 1 20.54 
16 11 5000 10 1 23.06 
12 11 50000 1 1 10.06 
13 12 50000 1 1 68.4 
15 12 5000 10 1 19.33 
16 12 50000 1 1 20.23 
14 13 50000 1 1 5.57 
16 14 20000 2.5 1 89.45 
16 15 50000 1 1 8.68 
17 16 5000 10 1 6.67 
18 16 20000 2.5 1 9.73 
13 2 50 10.74 
1 7 50 22.23 
4 2 50 10.31 
0 2 100 22.51 
18 5 1000 15.67 
11 9 50 20.06 
3 16 50 36.76 
8 0 500 11.82 
10 1 100 18.72 
14 9 1000 16.51 
18 12 1000 17 
14 11 500 42.36 
9 13 1000 17.77 
10 0 100 18.87 
14 18 500 17.1 
4 3 500 10.34 
16 12 500 21.37 
15 2 100 20.66 
12 18 50 17 
5 14 1000 12.39 
6 2 50 20.23 
2 15 500 20.66 
10 9 1000 43.03 
2 7 500 10.05 
5 3 1000 13.45 
15 8 500 22.87 
11 0 500 9.17 
8 7 100 14.88 
1 4 50 19.08 
7 1 500 22.23 
2 0 50 22.51 
6 7 100 21.93 
6 12 500 15.17 
6 0 500 28.13 
15 18 100 19.08 
12 15 50 21.37 
5 2 50 13.59 
5 6 50 9.76 
9 8 50 3.48 
10 16 50 30.97 
5 10 100 7.34 
13 1 50 9.51 
12 16 1000 21.37 
16 14 1000 28.34 
13 11 100 32.93 
11 4 50 11.62 
16 0 500 36.21 
4 16 1000 26.88 
4 18 1000 14.93 
1 14 1000 13.33 
0 16 1000 36.21 
1 16 1000 27.61 
12 2 100 11.71 
4 5 50 12.78 
7 6 500 21.93 
2 5 50 13.59 
2 6 500 20.23 
3 4 1000 10.34 
0 9 500 30.97 
11 14 100 42.36 
6 13 50 12.63 
9 10 500 43.03 
12 1 1000 10.08 
10 5 100 7.34 
3 6 100 28.13 
7 2 1000 10.05 
16 18 50 33.67 
7 14 1000 8.74 
1 5 1000 14.1 
11 6 100 15.01 
18 15 50 19.08 
15 10 50 13.13 
9 15 1000 20.63 
2 4 50 10.31 
3 7 500 3.4 
1 9 100 30.37 
16 1 100 27.61 
7 10 100 12.96 
3 13 50 11.71 
8 3 500 13.48 
6 15 500 13.33 
8 13 500 11.53 
10 8 100 8.05 
11 7 100 15.01 
11 16 50 21.37 
7 9 1000 7.53 
10 6 50 17.56 
8 10 100 8.05 
4 9 50 12.94 
5 0 50 11.94 
0 8 100 11.82 
2 9 1000 43.03 
12 4 500 16.28 
2 1 50 15.55 
6 4 100 16.66 
3 15 1000 20.83 
6 3 50 28.13 
0 15 500 27.24 
12 9 500 17.79 
3 1 1000 29.7 
3 12 100 12.56 
16 13 1000 28.34 
7 0 100 14 
11 18 1000 17.64 
8 14 100 16 
6 8 50 14.88 
2 16 500 40.97 
16 9 100 50.97 
2 8 100 13.46 
0 5 100 11.94 
1 3 50 29.7 
9 12 100 17.79 
4 7 500 12.78 
10 11 1000 18.37 
0 13 100 12.35 
18 6 500 28.43 
4 8 1000 18.55 
10 13 1000 14.67 
5 11 500 13.65 
18 8 100 15.77 
7 13 500 13.47 
16 4 1000 26.88 
8 18 100 15.77 
4 10 500 10.8 
4 13 100 12.89 
13 6 100 12.63 
7 3 1000 3.4 
0 14 50 11.5 
15 6 1000 13.33 
14 10 1000 16 
16 3 50 36.76 
18 16 100 33.67 
5 7 100 12.78 
14 5 500 12.39 
14 6 500 8.12 
1 13 1000 9.51 
0 10 50 18.87 
5 1 50 14.1 
13 10 100 14.67 
13 3 50 11.71 
16 8 100 40.26 
8 2 50 13.46 
18 14 100 17.1 
18 2 50 24.9 
14 8 100 16 
5 13 100 11.25 
7 11 50 15.01 
8 6 500 14.88 
9 11 100 20.06 
15 9 500 20.63 
18 1 50 28.43 
16 10 1000 30.97 
9 7 50 7.53 
13 15 50 19.02 
3 11 50 13.59 
9 14 50 16.51 
1 12 1000 10.08 
1 10 50 18.72 
8 4 50 18.55 
15 3 50 20.83 
18 3 100 37.54 
2 18 500 24.9 
6 10 100 17.56 
14 15 50 22.87 
10 14 100 16 
10 18 100 24.84 
3 14 100 9.58 
10 7 500 12.96 
15 14 100 22.87 
13 18 500 21.3 
9 6 500 26.29 
12 7 500 15.17 
18 13 500 21.3 
7 15 100 16.22 
14 2 1000 9.04 
14 1 50 13.33 
13 4 100 12.89 
7 18 100 13.27 
14 16 100 28.34 
12 5 500 14.86 
18 9 100 30.97 
14 7 500 8.74 
9 2 1000 43.03 
15 1 1000 16.47 
18 10 100 24.84 
10 12 500 14.14 
1 2 1000 15.55 
9 1 100 30.37 
9 3 50 43.03 
9 4 50 12.94 
12 3 50 12.56 
13 9 500 17.77 
3 5 1000 13.45 
18 11 500 17.64 
6 9 1000 26.29 
9 16 1000 50.97 
15 7 50 16.22 
9 18 1000 30.97 
1 11 100 9.11 
3 9 1000 43.03 
16 11 50 21.37 
9 5 50 10.63 
14 3 50 9.58 
16 2 1000 40.97 
10 3 500 43.03 
18 7 50 13.27 
1 8 50 11.83 
6 11 100 15.01 
12 10 50 14.14 
13 16 100 28.34 
3 18 50 37.54 
3 10 500 43.03 
13 5 50 11.25 
6 14 100 8.12 
