19 63 71 
0 3 50000 1 0 5.3 
0 6 5000 10 0 13.85 
1 18 10000 5 0 13.75 
1 6 20000 2.5 0 9.58 
2 10 20000 2.5 0 9.95 
2 3 50000 1 0 5.67 
3 9 10000 5 0 26.99 
3 16 50000 1 0 15.55 
4 5 20000 2.5 0 14.69 
4 7 5000 10 0 16.98 
4 7 5000 10 0 16.98 
5 8 50000 1 0 9.52 
5 12 5000 10 0 33.77 
5 16 50000 1 0 15.82 
5 7 20000 2.5 0 16.81 
6 16 10000 5 0 17.06 
6 7 10000 5 0 16.09 
7 16 5000 10 0 31.94 
8 12 5000 10 0 28.41 
9 16 20000 2.5 0 26.04 
9 10 50000 1 0 11.97 
9 18 10000 5 0 20.54 
11 16 5000 10 0 23.06 
11 12 50000 1 0 10.06 
12 13 50000 1 0 68.4 
12 15 5000 10 0 19.33 
12 16 50000 1 0 20.23 
13 14 50000 1 0 5.57 
14 16 20000 2.5 0 89.45 
15 16 50000 1 0 8.68 
16 17 5000 10 0 6.67 
16 18 20000 2.5 0 9.73 
3 0 50000 1 0 5.3 
6 0 5000 10 0 13.85 
18 1 10000 5 0 13.75 
6 1 20000 2.5 0 9.58 
10 2 20000 2.5 0 9.95 
3 2 50000 1 0 5.67 
9 3 10000 5 0 26.99 
16 3 50000 1 0 15.55 
5 4 20000 2.5 0 14.69 
7 4 5000 10 0 16.98 
8 5 50000 1 0 9.52 
12 5 5000 10 0 33.77 
16 5 50000 1 0 15.82 
7 5 20000 2.5 0 16.81 
16 6 10000 5 0 17.06 
7 6 10000 5 0 16.09 
16 7 5000 10 0 31.94 
12 8 5000 10 0 28.41 
16 9 20000 2.5 0 26.04 
10 9 50000 1 0 11.97 
18 9 10000 5 0 20.54 
16 11 5000 10 0 23.06 
12 11 50000 1 0 10.06 
13 12 50000 1 0 68.4 
15 12 5000 10 0 19.33 
16 12 50000 1 0 20.23 
14 13 50000 1 0 5.57 
16 14 20000 2.5 0 89.45 
16 15 50000 1 0 8.68 
17 16 5000 10 0 6.67 
18 16 20000 2.5 0 9.73 
13 2 50 18.66 
1 7 50 33.17 
4 2 50 17.21 
0 2 100 42.29 
18 5 1000 28.67 
11 9 50 29.43 
3 16 50 52.31 
8 0 500 23 
10 1 100 35.22 
14 9 1000 29.36 
18 12 1000 22.21 
14 11 500 47.79 
9 13 1000 28.74 
10 0 100 39.8 
14 18 500 25.44 
4 3 500 20.87 
16 12 500 49.86 
15 2 100 35.5 
12 18 50 22.21 
5 14 1000 23.35 
6 2 50 35.89 
2 15 500 35.5 
10 9 1000 55.92 
2 7 500 15.81 
5 3 1000 32.6 
15 8 500 45.49 
11 0 500 18.56 
8 7 100 27.77 
1 4 50 31.47 
7 1 500 33.17 
2 0 50 42.29 
6 7 100 26.85 
6 12 500 26.34 
6 0 500 42.89 
15 18 100 31.66 
12 15 50 49.86 
5 2 50 26.42 
5 6 50 20.16 
9 8 50 14.54 
10 16 50 60.03 
5 10 100 13.48 
13 1 50 20.52 
12 16 1000 49.86 
16 14 1000 55.79 
13 11 100 47.22 
11 4 50 24.48 
16 0 500 51.07 
4 16 1000 46.92 
4 18 1000 24.59 
1 14 1000 26.6 
0 16 1000 51.07 
1 16 1000 47.39 
12 2 100 20.65 
4 5 50 23.78 
7 6 500 26.85 
2 5 50 26.42 
2 6 500 35.89 
3 4 1000 20.87 
0 9 500 56.9 
11 14 100 47.79 
6 13 50 24.1 
9 10 500 55.92 
12 1 1000 21.43 
10 5 100 13.48 
3 6 100 42.89 
7 2 1000 15.81 
16 18 50 53.64 
7 14 1000 23.27 
1 5 1000 21.54 
11 6 100 26.73 
18 15 50 31.66 
