28 70 77 
0 1 10000 5 0 1.53 
0 6 10000 5 0 1.77 
1 3 10000 5 0 2.03 
1 6 10000 5 0 1 
2 3 50000 1 0 0.86 
2 20 10000 5 0 2.82 
2 6 5000 10 0 2.33 
2 15 10000 5 0 1.05 
3 25 10000 5 0 2.12 
4 14 5000 10 0 1.67 
5 14 20000 2.5 0 1.22 
7 16 10000 5 0 285.48 
7 21 5000 10 0 1.66 
8 24 5000 10 0 1.89 
8 9 20000 2.5 0 6.28 
8 23 50000 1 0 141.13 
9 13 50000 1 0 7.88 
10 17 50000 1 0 1.77 
10 11 20000 2.5 0 1.75 
11 12 20000 2.5 0 2.37 
12 13 20000 2.5 0 3.58 
14 24 10000 5 0 1.59 
14 20 10000 5 0 2.82 
15 19 10000 5 0 1.05 
15 20 50000 1 0 2.31 
15 21 5000 10 0 1.66 
16 22 50000 1 0 144.38 
16 23 5000 10 0 143.71 
18 19 50000 1 0 2.13 
18 27 50000 1 0 2.33 
20 22 20000 2.5 0 142.44 
22 24 20000 2.5 0 141.18 
23 24 10000 5 0 142.62 
25 26 50000 1 0 0.58 
26 27 20000 2.5 0 0.75 
1 0 10000 5 0 1.53 
6 0 10000 5 0 1.77 
3 1 10000 5 0 2.03 
6 1 10000 5 0 1 
3 2 50000 1 0 0.86 
20 2 10000 5 0 2.82 
6 2 5000 10 0 2.33 
15 2 10000 5 0 1.05 
25 3 10000 5 0 2.12 
14 4 5000 10 0 1.67 
14 5 20000 2.5 0 1.22 
16 7 10000 5 0 285.48 
21 7 5000 10 0 1.66 
24 8 5000 10 0 1.89 
9 8 20000 2.5 0 6.28 
23 8 50000 1 0 141.13 
13 9 50000 1 0 7.88 
17 10 50000 1 0 1.77 
11 10 20000 2.5 0 1.75 
12 11 20000 2.5 0 2.37 
13 12 20000 2.5 0 3.58 
24 14 10000 5 0 1.59 
20 14 10000 5 0 2.82 
19 15 10000 5 0 1.05 
20 15 50000 1 0 2.31 
21 15 5000 10 0 1.66 
22 16 50000 1 0 144.38 
23 16 5000 10 0 143.71 
19 18 50000 1 0 2.13 
27 18 50000 1 0 2.33 
22 20 20000 2.5 0 142.44 
24 22 20000 2.5 0 141.18 
24 23 10000 5 0 142.62 
26 25 50000 1 0 0.58 
27 26 20000 2.5 0 0.75 
16 6 500 1.93 
14 3 50 289.39 
27 16 100 1.48 
22 2 500 283.13 
16 26 1000 2.51 
0 23 100 8.05 
22 19 100 280.97 
3 16 100 3.69 
23 19 500 268.04 
21 8 100 275.55 
24 25 100 289.39 
15 8 1000 277.38 
22 26 1000 286.25 
19 16 1000 4.71 
16 1 1000 1.48 
25 22 100 286.25 
24 19 500 288.04 
6 22 500 8.61 
3 22 50 285.43 
3 8 1000 8.61 
2 22 500 283.13 
14 0 50 274.54 
26 23 500 275.25 
8 3 500 8.61 
16 18 50 3.97 
16 3 1000 3.69 
23 18 100 272.3 
8 25 100 6.8 
24 6 50 278.47 
23 25 100 275.11 
22 6 500 8.61 
22 27 50 287.65 
22 25 50 286.25 
27 22 50 287.65 
25 24 500 289.39 
18 24 50 288.04 
22 18 50 284.07 
23 0 500 8.05 
19 14 1000 288.04 
8 26 100 6.61 
6 20 1000 568.28 
0 20 1000 568.17 
23 26 1000 275.25 
0 16 50 2.73 
14 27 50 289.2 
18 23 100 272.3 
23 6 50 7.59 
0 24 500 271.36 
26 24 50 289.39 
3 23 100 272.95 
14 1 50 282.39 
1 20 500 567.69 
18 22 500 284.07 
19 24 500 288.04 
26 22 100 286.25 
27 23 1000 275 
16 0 50 2.73 
27 8 100 6.61 
8 1 50 270.79 
18 14 50 288.04 
2 14 500 277.71 
8 7 500 273.09 
27 24 50 289.2 
24 1 50 279.21 
26 16 100 2.51 
25 14 100 289.39 
26 14 50 289.39 
7 8 100 273.09 
25 16 50 2.95 
23 27 100 275 
25 8 50 6.8 
19 8 100 13.82 
8 0 50 271.36 
14 19 100 288.04 
26 8 100 6.61 
3 14 50 289.39 
3 24 100 289.39 
