28 70 77 
0 1 10000 5 1 1.53 
0 6 10000 5 1 1.77 
1 3 10000 5 1 2.03 
1 6 10000 5 1 1 
2 3 50000 1 1 0.86 
2 20 10000 5 1 2.82 
2 6 5000 10 1 2.33 
2 15 10000 5 1 1.05 
3 25 10000 5 1 2.12 
4 14 5000 10 1 1.67 
5 14 20000 2.5 1 1.22 
7 16 10000 5 1 285.48 
7 21 5000 10 1 1.66 
8 24 5000 10 1 1.89 
8 9 20000 2.5 1 6.28 
8 23 50000 1 1 141.13 
9 13 50000 1 1 7.88 
10 17 50000 1 1 1.77 
10 11 20000 2.5 1 1.75 
11 12 20000 2.5 1 2.37 
12 13 20000 2.5 1 3.58 
14 24 10000 5 1 1.59 
14 20 10000 5 1 2.82 
15 19 10000 5 1 1.05 
15 20 50000 1 1 2.31 
15 21 5000 10 1 1.66 
16 22 50000 1 1 144.38 
16 23 5000 10 1 143.71 
18 19 50000 1 1 2.13 
18 27 50000 1 1 2.33 
20 22 20000 2.5 1 142.44 
22 24 20000 2.5 1 141.18 
23 24 10000 5 1 142.62 
25 26 50000 1 1 0.58 
26 27 20000 2.5 1 0.75 
1 0 10000 5 1 1.53 
6 0 10000 5 1 1.77 
3 1 10000 5 1 2.03 
6 1 10000 5 1 1 
3 2 50000 1 1 0.86 
20 2 10000 5 1 2.82 
6 2 5000 10 1 2.33 
15 2 10000 5 1 1.05 
25 3 10000 5 1 2.12 
14 4 5000 10 1 1.67 
14 5 20000 2.5 1 1.22 
16 7 10000 5 1 285.48 
21 7 5000 10 1 1.66 
24 8 5000 10 1 1.89 
9 8 20000 2.5 1 6.28 
23 8 50000 1 1 141.13 
13 9 50000 1 1 7.88 
17 10 50000 1 1 1.77 
11 10 20000 2.5 1 1.75 
12 11 20000 2.5 1 2.37 
13 12 20000 2.5 1 3.58 
24 14 10000 5 1 1.59 
20 14 10000 5 1 2.82 
19 15 10000 5 1 1.05 
20 15 50000 1 1 2.31 
21 15 5000 10 1 1.66 
22 16 50000 1 1 144.38 
23 16 5000 10 1 143.71 
19 18 50000 1 1 2.13 
27 18 50000 1 1 2.33 
22 20 20000 2.5 1 142.44 
24 22 20000 2.5 1 141.18 
24 23 10000 5 1 142.62 
26 25 50000 1 1 0.58 
27 26 20000 2.5 1 0.75 
16 6 500 9.09 
14 3 50 296.19 
27 16 100 279.21 
22 2 500 571.78 
16 26 1000 278.84 
0 23 100 279.51 
22 19 100 558.29 
3 16 100 278.63 
23 19 500 281.75 
21 8 100 556.64 
24 25 100 294.3 
15 8 1000 559.96 
22 26 1000 565.3 
19 16 1000 274.9 
16 1 1000 8.77 
25 22 100 565.3 
24 19 500 301.31 
6 22 500 292.23 
3 22 50 564.45 
3 8 1000 289.53 
2 22 500 571.78 
14 0 50 563.53 
26 23 500 282.35 
8 3 500 289.53 
16 18 50 278.42 
16 3 1000 278.63 
23 18 100 281.75 
8 25 100 288.99 
24 6 50 561.36 
23 25 100 282.75 
22 6 500 292.23 
22 27 50 566.7 
22 25 50 565.3 
27 22 50 566.7 
25 24 500 294.3 
18 24 50 297.05 
22 18 50 562.55 
23 0 500 279.51 
19 14 1000 301.24 
8 26 100 288.99 
6 20 1000 849.39 
0 20 1000 577.23 
23 26 1000 282.35 
0 16 50 4.86 
14 27 50 294.03 
18 23 100 281.75 
23 6 50 281.34 
0 24 500 560.35 
26 24 50 294.1 
3 23 100 281.34 
14 1 50 563.01 
1 20 500 848.07 
18 22 500 562.55 
19 24 500 301.31 
26 22 100 565.3 
27 23 1000 282.29 
16 0 50 4.86 
27 8 100 288.66 
8 1 50 553.85 
18 14 50 296.98 
2 14 500 558.48 
8 7 500 553.32 
27 24 50 294.1 
24 1 50 560.04 
26 16 100 278.84 
25 14 100 294.1 
26 14 50 294.03 
7 8 100 553.32 
25 16 50 278.81 
23 27 100 282.29 
25 8 50 288.99 
19 8 100 293.03 
8 0 50 282.18 
14 19 100 301.24 
26 8 100 288.99 
3 14 50 296.19 
3 24 100 296.25 
