28 70 38 
0 1 10000 5 0 1.53 
0 6 10000 5 0 1.77 
1 3 10000 5 0 2.03 
1 6 10000 5 0 1 
2 3 50000 1 0 0.86 
2 20 10000 5 0 2.82 
2 6 5000 10 0 2.33 
2 15 10000 5 0 1.05 
3 25 10000 5 0 2.12 
4 14 5000 10 0 1.67 
5 14 20000 2.5 0 1.22 
7 16 10000 5 0 285.48 
7 21 5000 10 0 1.66 
8 24 5000 10 0 1.89 
8 9 20000 2.5 0 6.28 
8 23 50000 1 0 141.13 
9 13 50000 1 0 7.88 
10 17 50000 1 0 1.77 
10 11 20000 2.5 0 1.75 
11 12 20000 2.5 0 2.37 
12 13 20000 2.5 0 3.58 
14 24 10000 5 0 1.59 
14 20 10000 5 0 2.82 
15 19 10000 5 0 1.05 
15 20 50000 1 0 2.31 
15 21 5000 10 0 1.66 
16 22 50000 1 0 144.38 
16 23 5000 10 0 143.71 
18 19 50000 1 0 2.13 
18 27 50000 1 0 2.33 
20 22 20000 2.5 0 142.44 
22 24 20000 2.5 0 141.18 
23 24 10000 5 0 142.62 
25 26 50000 1 0 0.58 
26 27 20000 2.5 0 0.75 
1 0 10000 5 0 1.53 
6 0 10000 5 0 1.77 
3 1 10000 5 0 2.03 
6 1 10000 5 0 1 
3 2 50000 1 0 0.86 
20 2 10000 5 0 2.82 
6 2 5000 10 0 2.33 
15 2 10000 5 0 1.05 
25 3 10000 5 0 2.12 
14 4 5000 10 0 1.67 
14 5 20000 2.5 0 1.22 
16 7 10000 5 0 285.48 
21 7 5000 10 0 1.66 
24 8 5000 10 0 1.89 
9 8 20000 2.5 0 6.28 
23 8 50000 1 0 141.13 
13 9 50000 1 0 7.88 
17 10 50000 1 0 1.77 
11 10 20000 2.5 0 1.75 
12 11 20000 2.5 0 2.37 
13 12 20000 2.5 0 3.58 
24 14 10000 5 0 1.59 
20 14 10000 5 0 2.82 
19 15 10000 5 0 1.05 
20 15 50000 1 0 2.31 
21 15 5000 10 0 1.66 
22 16 50000 1 0 144.38 
23 16 5000 10 0 143.71 
19 18 50000 1 0 2.13 
27 18 50000 1 0 2.33 
22 20 20000 2.5 0 142.44 
24 22 20000 2.5 0 141.18 
24 23 10000 5 0 142.62 
26 25 50000 1 0 0.58 
27 26 20000 2.5 0 0.75 
16 6 500 4.8 
14 3 50 293.7 
27 16 100 4.9 
22 2 500 558.51 
16 26 1000 4.53 
0 23 100 278.27 
22 19 100 292.14 
3 16 100 6.24 
23 19 500 278.6 
21 8 100 286.36 
24 25 100 292.93 
15 8 1000 286.36 
22 26 1000 290.38 
19 16 1000 8.82 
16 1 1000 3.98 
25 22 100 290.78 
24 19 500 296.81 
6 22 500 288.37 
3 22 50 290.47 
3 8 1000 286.15 
2 22 500 558.51 
14 0 50 562.53 
26 23 500 279.35 
8 3 500 286.15 
16 18 50 8.08 
16 3 1000 6.24 
23 18 100 278.81 
8 25 100 285.82 
24 6 50 558.29 
23 25 100 279.48 
22 6 500 288.37 
22 27 50 291.78 
22 25 50 290.78 
27 22 50 291.78 
25 24 500 292.93 
18 24 50 292.55 
22 18 50 292.14 
23 0 500 278.27 
