11 36 42 
0 2 20000 2.5 1 6.68 
0 4 20000 2.5 1 72.98 
0 7 50000 1 1 44.9 
1 10 50000 1 1 43.67 
1 6 5000 10 1 61.1 
3 8 20000 2.5 1 139.95 
3 4 5000 10 1 54.36 
4 5 10000 5 1 27.78 
4 8 50000 1 1 144.57 
4 9 5000 10 1 202.54 
4 10 20000 2.5 1 191.51 
5 6 10000 5 1 96.26 
6 10 5000 10 1 98.19 
6 7 5000 10 1 38.06 
7 8 10000 5 1 33.54 
7 10 5000 10 1 76.68 
8 9 5000 10 1 58.04 
9 10 20000 2.5 1 16.59 
2 0 20000 2.5 1 6.68 
4 0 20000 2.5 1 72.98 
7 0 50000 1 1 44.9 
10 1 50000 1 1 43.67 
6 1 5000 10 1 61.1 
8 3 20000 2.5 1 139.95 
4 3 5000 10 1 54.36 
5 4 10000 5 1 27.78 
8 4 50000 1 1 144.57 
9 4 5000 10 1 202.54 
10 4 20000 2.5 1 191.51 
6 5 10000 5 1 96.26 
10 6 5000 10 1 98.19 
7 6 5000 10 1 38.06 
8 7 10000 5 1 33.54 
10 7 5000 10 1 76.68 
9 8 5000 10 1 58.04 
10 9 20000 2.5 1 16.59 
0 8 1000 243.02 
1 8 50 140.61 
1 7 500 225.59 
9 6 100 222.02 
6 3 500 232.44 
1 5 1000 267.31 
3 5 100 134.92 
5 9 1000 318.07 
8 5 50 292.93 
6 9 50 222.02 
5 7 1000 364.76 
9 1 1000 141.56 
5 1 500 267.31 
10 3 500 346.17 
7 3 50 348.61 
8 0 1000 243.02 
9 3 50 373.48 
0 6 500 185.87 
0 1 500 165.36 
1 9 500 141.56 
7 5 50 364.76 
1 0 100 165.36 
3 0 500 213.29 
9 0 500 227.6 
9 5 100 318.07 
5 0 50 186.12 
0 5 1000 186.12 
0 9 50 227.6 
5 3 50 134.92 
3 1 100 208.14 
8 6 50 234.98 
0 3 1000 213.29 
6 0 50 185.87 
1 3 100 208.14 
3 7 50 348.61 
7 1 100 225.59 
8 1 1000 140.61 
5 8 1000 292.93 
3 10 100 346.17 
6 8 1000 234.98 
3 6 1000 232.44 
3 9 500 373.48 
