11 36 21 
0 2 20000 2.5 0 6.68 
0 4 20000 2.5 0 72.98 
0 7 50000 1 0 44.9 
1 10 50000 1 0 43.67 
1 6 5000 10 0 61.1 
3 8 20000 2.5 0 139.95 
3 4 5000 10 0 54.36 
4 5 10000 5 0 27.78 
4 8 50000 1 0 144.57 
4 9 5000 10 0 202.54 
4 10 20000 2.5 0 191.51 
5 6 10000 5 0 96.26 
6 10 5000 10 0 98.19 
6 7 5000 10 0 38.06 
7 8 10000 5 0 33.54 
7 10 5000 10 0 76.68 
8 9 5000 10 0 58.04 
9 10 20000 2.5 0 16.59 
2 0 20000 2.5 0 6.68 
4 0 20000 2.5 0 72.98 
7 0 50000 1 0 44.9 
10 1 50000 1 0 43.67 
6 1 5000 10 0 61.1 
8 3 20000 2.5 0 139.95 
4 3 5000 10 0 54.36 
5 4 10000 5 0 27.78 
8 4 50000 1 0 144.57 
9 4 5000 10 0 202.54 
10 4 20000 2.5 0 191.51 
6 5 10000 5 0 96.26 
10 6 5000 10 0 98.19 
7 6 5000 10 0 38.06 
8 7 10000 5 0 33.54 
10 7 5000 10 0 76.68 
9 8 5000 10 0 58.04 
10 9 20000 2.5 0 16.59 
0 8 1000 89.29 
1 8 50 65.41 
1 7 500 63.33 
9 6 100 111.66 
6 3 500 36.82 
1 5 1000 97.63 
3 5 100 39.63 
5 9 1000 128.34 
8 5 50 119.73 
6 9 50 111.66 
5 7 1000 67.91 
9 1 1000 47.6 
5 1 500 97.63 
10 3 500 182.89 
7 3 50 58.91 
8 0 1000 89.29 
9 3 50 136.81 
0 6 500 44.24 
0 1 500 87.93 
1 9 500 47.6 
7 5 50 67.91 
