27 102 92 
0 1 40 25.55 1 839.85 
5 4 40 14.81 1 837.07 
12 11 40 10.46 1 837.16 
23 26 40 8.01 1 839.11 
26 23 40 8.01 1 839.11 
5 6 40 6.92 1 837.56 
6 5 40 6.92 1 837.56 
6 7 40 33.44 1 835.94 
7 6 40 33.44 1 835.94 
7 8 40 9.5 1 835.76 
8 7 40 9.5 1 835.76 
8 9 40 17.8 1 837.44 
9 8 40 17.8 1 837.44 
8 11 40 16.3 1 839.4 
1 0 40 25.55 1 839.85 
11 8 40 16.3 1 839.4 
9 11 40 4.88 1 839.75 
11 9 40 4.88 1 839.75 
10 11 40 10.18 1 842 
11 10 40 10.18 1 842 
9 10 40 5.83 1 842.26 
10 9 40 5.83 1 842.26 
10 25 40 11 1 843.67 
25 10 40 11 1 843.67 
24 25 40 2.43 1 839.93 
1 2 40 18.34 1 838.49 
25 24 40 2.43 1 839.93 
22 24 40 17.12 1 842.66 
24 22 40 17.12 1 842.66 
23 24 40 15.08 1 842.35 
24 23 40 15.08 1 842.35 
22 23 40 4.2 1 838.41 
23 22 40 4.2 1 838.41 
21 23 40 29.5 1 840.71 
23 21 40 29.5 1 840.71 
22 26 40 11.54 1 842.48 
2 1 40 18.34 1 838.49 
26 22 40 11.54 1 842.48 
21 22 40 25.42 1 839.99 
22 21 40 25.42 1 839.99 
20 21 40 7.19 1 838.42 
21 20 40 7.19 1 838.42 
0 20 40 21.2 1 837.12 
20 0 40 21.2 1 837.12 
19 20 40 24.06 1 838.49 
20 19 40 24.06 1 838.49 
0 19 40 27.05 1 837.13 
2 3 40 28 1 839.09 
19 0 40 27.05 1 837.13 
19 21 40 16.85 1 841.71 
21 19 40 16.85 1 841.71 
1 19 40 27.59 1 838.89 
19 1 40 27.59 1 838.89 
19 26 40 21.74 1 838.54 
26 19 40 21.74 1 838.54 
21 26 40 29.36 1 839.42 
26 21 40 29.36 1 839.42 
18 19 40 26.23 1 840.09 
3 2 40 28 1 839.09 
19 18 40 26.23 1 840.09 
18 26 40 15.08 1 841.55 
26 18 40 15.08 1 841.55 
3 18 40 45.54 1 841.68 
18 3 40 45.54 1 841.68 
17 18 40 14.26 1 838.38 
18 17 40 14.26 1 838.38 
15 18 40 17.66 1 845.03 
18 15 40 17.66 1 845.03 
18 23 40 19.3 1 846.18 
3 4 40 33.58 1 838.57 
23 18 40 19.3 1 846.18 
15 23 40 25.14 1 837.66 
23 15 40 25.14 1 837.66 
15 25 40 7.87 1 843.81 
25 15 40 7.87 1 843.81 
14 15 40 10.05 1 842.42 
15 14 40 10.05 1 842.42 
10 14 40 8.14 1 840.34 
14 10 40 8.14 1 840.34 
12 14 40 9.78 1 839.51 
4 3 40 33.58 1 838.57 
14 12 40 9.78 1 839.51 
15 16 40 25.42 1 839.08 
16 15 40 25.42 1 839.08 
15 17 40 25.42 1 842.12 
17 15 40 25.42 1 842.12 
16 17 40 38.2 1 840.45 
17 16 40 38.2 1 840.45 
4 17 40 32.76 1 844.49 
17 4 40 32.76 1 844.49 
13 16 40 25.28 1 840.56 
4 5 40 14.81 1 837.07 
16 13 40 25.28 1 840.56 
4 13 40 25.69 1 842.25 
13 4 40 25.69 1 842.25 
5 13 40 19.84 1 841.87 
13 5 40 19.84 1 841.87 
6 13 40 20.66 1 841.68 
13 6 40 20.66 1 841.68 
12 16 40 13.18 1 837.32 
16 12 40 13.18 1 837.32 
11 12 40 10.46 1 837.16 
7 14 12 1680.33 
25 26 3 1675.27 
23 11 6 854.03 
18 25 2 1673.45 
10 19 14 837.82 
4 13 1 2494.83 
16 14 11 1679.61 
7 18 5 843.61 
22 23 12 1680.42 
22 17 5 846.69 
6 25 13 843.01 
6 5 10 1676.27 
8 23 5 847.77 
16 13 8 1684.69 
17 10 10 1672.84 
4 12 6 1679.7 
15 26 5 850.68 
12 22 13 841.85 
21 0 5 1683.02 
20 16 4 839.1 
17 26 10 850.33 
1 6 9 848.77 
13 23 1 842.37 
15 3 3 849.36 
8 12 2 1684.78 
3 22 2 1663.66 
11 17 3 1672.04 
24 22 10 850.13 
13 1 10 838.77 
19 22 2 852.59 
25 15 3 1677.1 
0 12 1 839.12 
20 2 4 1678.29 
13 5 9 1681.46 
10 22 2 847.57 
21 18 2 1685.17 
0 1 8 1681.59 
20 21 13 1676.26 
20 4 6 841.8 
24 17 1 1674.47 
24 7 2 838.54 
19 17 10 1665.97 
14 10 3 1689.67 
23 3 4 1669.46 
18 24 4 842.74 
21 25 2 1670.55 
20 18 12 845.12 
19 25 1 1666.3 
10 8 10 1678.02 
21 22 1 1676.03 
15 17 7 1676.03 
10 5 2 845.7 
24 6 4 838.72 
18 13 3 2502.93 
18 16 4 1680.1 
18 1 3 843.74 
24 16 5 843.59 
10 9 10 1683.29 
22 10 1 847.57 
21 15 1 843.02 
19 5 1 1659.88 
1 15 4 840.31 
18 23 7 1678.03 
11 9 6 2502.68 
22 2 1 840.59 
1 20 1 1680.78 
25 14 1 855.3 
1 19 6 1680.12 
22 13 1 839.1 
21 20 5 1676.26 
9 25 1 1680.24 
22 20 3 849.02 
23 22 3 1680.42 
3 21 1 1670.35 
14 4 1 1675.55 
14 23 1 845.94 
22 26 7 1681.8 
26 20 8 1682.18 
19 15 1 850.34 
5 13 2 1681.46 
1 21 3 1682.82 
6 16 1 1679.04 
4 6 14 1682.79 
11 10 9 1681.94 
26 23 10 2515.98 
26 15 2 850.68 
19 20 14 1688.99 
21 7 1 832.58 
1 0 9 1681.59 
21 26 3 1696.04 
5 4 6 2510.37 
26 24 3 1676.03 
