27 102 46 
0 1 40 25.55 0 839.85 
5 4 40 14.81 0 837.07 
12 11 40 10.46 0 837.16 
23 26 40 8.01 0 839.11 
26 23 40 8.01 0 839.11 
5 6 40 6.92 0 837.56 
6 5 40 6.92 0 837.56 
6 7 40 33.44 0 835.94 
7 6 40 33.44 0 835.94 
7 8 40 9.5 0 835.76 
8 7 40 9.5 0 835.76 
8 9 40 17.8 0 837.44 
9 8 40 17.8 0 837.44 
8 11 40 16.3 0 839.4 
1 0 40 25.55 0 839.85 
11 8 40 16.3 0 839.4 
9 11 40 4.88 0 839.75 
11 9 40 4.88 0 839.75 
10 11 40 10.18 0 842 
11 10 40 10.18 0 842 
9 10 40 5.83 0 842.26 
10 9 40 5.83 0 842.26 
10 25 40 11 0 843.67 
25 10 40 11 0 843.67 
24 25 40 2.43 0 839.93 
1 2 40 18.34 0 838.49 
25 24 40 2.43 0 839.93 
22 24 40 17.12 0 842.66 
24 22 40 17.12 0 842.66 
23 24 40 15.08 0 842.35 
24 23 40 15.08 0 842.35 
22 23 40 4.2 0 838.41 
23 22 40 4.2 0 838.41 
21 23 40 29.5 0 840.71 
23 21 40 29.5 0 840.71 
22 26 40 11.54 0 842.48 
2 1 40 18.34 0 838.49 
26 22 40 11.54 0 842.48 
21 22 40 25.42 0 839.99 
22 21 40 25.42 0 839.99 
20 21 40 7.19 0 838.42 
21 20 40 7.19 0 838.42 
0 20 40 21.2 0 837.12 
20 0 40 21.2 0 837.12 
19 20 40 24.06 0 838.49 
20 19 40 24.06 0 838.49 
0 19 40 27.05 0 837.13 
2 3 40 28 0 839.09 
19 0 40 27.05 0 837.13 
19 21 40 16.85 0 841.71 
21 19 40 16.85 0 841.71 
1 19 40 27.59 0 838.89 
19 1 40 27.59 0 838.89 
19 26 40 21.74 0 838.54 
26 19 40 21.74 0 838.54 
21 26 40 29.36 0 839.42 
26 21 40 29.36 0 839.42 
18 19 40 26.23 0 840.09 
3 2 40 28 0 839.09 
19 18 40 26.23 0 840.09 
18 26 40 15.08 0 841.55 
26 18 40 15.08 0 841.55 
3 18 40 45.54 0 841.68 
18 3 40 45.54 0 841.68 
17 18 40 14.26 0 838.38 
18 17 40 14.26 0 838.38 
15 18 40 17.66 0 845.03 
18 15 40 17.66 0 845.03 
18 23 40 19.3 0 846.18 
3 4 40 33.58 0 838.57 
23 18 40 19.3 0 846.18 
15 23 40 25.14 0 837.66 
23 15 40 25.14 0 837.66 
15 25 40 7.87 0 843.81 
25 15 40 7.87 0 843.81 
14 15 40 10.05 0 842.42 
15 14 40 10.05 0 842.42 
10 14 40 8.14 0 840.34 
14 10 40 8.14 0 840.34 
12 14 40 9.78 0 839.51 
4 3 40 33.58 0 838.57 
14 12 40 9.78 0 839.51 
15 16 40 25.42 0 839.08 
16 15 40 25.42 0 839.08 
15 17 40 25.42 0 842.12 
17 15 40 25.42 0 842.12 
16 17 40 38.2 0 840.45 
17 16 40 38.2 0 840.45 
4 17 40 32.76 0 844.49 
17 4 40 32.76 0 844.49 
13 16 40 25.28 0 840.56 
4 5 40 14.81 0 837.07 
16 13 40 25.28 0 840.56 
4 13 40 25.69 0 842.25 
13 4 40 25.69 0 842.25 
5 13 40 19.84 0 841.87 
13 5 40 19.84 0 841.87 
6 13 40 20.66 0 841.68 
13 6 40 20.66 0 841.68 
12 16 40 13.18 0 837.32 
16 12 40 13.18 0 837.32 
11 12 40 10.46 0 837.16 
7 14 12 852.09 
25 26 3 843.92 
23 11 6 840.01 
18 25 2 843.49 
10 19 14 835.2 
4 13 1 1678.12 
16 14 11 1674.06 
7 18 5 837.94 
22 23 12 1673.59 
22 17 5 841.6 
6 25 13 838.68 
6 5 10 852.38 
8 23 5 841.22 
16 13 8 857.54 
17 10 10 847.31 
4 12 6 1665.64 
15 26 5 845.3 
12 22 13 837.96 
21 0 5 1674.96 
20 16 4 837.14 
17 26 10 842.7 
1 6 9 837.64 
13 23 1 838.72 
15 3 3 842.68 
8 12 2 1670.48 
3 22 2 837.6 
11 17 3 845.68 
24 22 10 844.73 
13 1 10 835.64 
19 22 2 844 
25 15 3 844.65 
0 12 1 836.25 
20 2 4 844.55 
13 5 9 1675.6 
10 22 2 841.83 
21 18 2 1672.11 
0 1 8 1677.9 
20 21 13 1671.98 
20 4 6 839.02 
24 17 1 847.46 
24 7 2 15.2 
19 17 10 837.94 
14 10 3 1677.1 
23 3 4 1664.59 
18 24 4 838.25 
21 25 2 839.64 
