24 106 272 
19 2 504000 162160 0 4.86 
19 3 504000 280095 0 4.86 
19 11 504000 398029 0 9.68 
19 14 504000 987702 0 8.23 
16 19 504000 88450.9 0 5.73 
19 21 504000 1.10564e+06 0 6.13 
19 22 504000 619156 0 5.84 
20 9 504000 309578 0 3.67 
22 8 504000 456996 0 6.09 
22 13 504000 280095 0 4.12 
22 23 504000 117935 0 3.54 
23 13 504000 176902 0 2.19 
1 11 504000 796058 0 7.59 
1 14 504000 884509 0 11.1 
2 13 504000 545447 0 4.78 
2 14 504000 840284 0 7 
3 7 504000 648640 0 2.24 
2 4 504000 398029 0 2.77 
4 5 504000 206385 0 1.88 
4 14 504000 456996 0 5.55 
5 14 504000 250611 0 4.32 
7 21 504000 191644 0 3.22 
9 14 504000 456996 0 8.2 
10 14 504000 368546 0 3.01 
14 15 504000 29483.6 0 6.3 
16 0 504000 353804 0 5.9 
17 10 504000 280095 0 1.76 
17 20 504000 280095 0 1.86 
1 18 504000 398029 0 2.86 
14 18 504000 486480 0 10.8 
14 17 504000 235869 0 3.44 
0 8 504000 943476 0 2.67 
0 19 504000 427513 0 4.97 
11 21 504000 751833 0 4.75 
7 19 504000 928735 0 3.65 
1 4 504000 781316 0 7.63 
4 11 504000 855026 0 5.9 
10 15 504000 339062 0 3.57 
17 15 504000 221127 0 4.67 
15 9 504000 427513 0 8.84 
15 18 504000 471738 0 6.38 
8 19 504000 1.07615e+06 0 3.19 
14 22 504000 1.60686e+06 0 6.71 
6 18 504000 265353 0 7.5 
3 11 504000 117935 0 9.41 
11 12 504000 442255 0 3.95 
4 12 504000 427513 0 4.41 
1 12 504000 368546 0 4.14 
6 15 504000 206385 0 5.32 
16 22 504000 530706 0 4.05 
2 4 504000 398029 0 2.77 
9 6 504000 221127 0 11.03 
10 15 504000 339062 0 3.57 
16 19 504000 88450.9 0 5.73 
17 15 504000 221127 0 4.67 
2 19 504000 162160 0 4.86 
3 19 504000 280095 0 4.86 
11 19 504000 398029 0 9.68 
14 19 504000 987702 0 8.23 
19 16 504000 88450.9 0 5.73 
21 19 504000 1.10564e+06 0 6.13 
22 19 504000 619156 0 5.84 
9 20 504000 309578 0 3.67 
8 22 504000 456996 0 6.09 
13 22 504000 280095 0 4.12 
23 22 504000 117935 0 3.54 
13 23 504000 176902 0 2.19 
11 1 504000 796058 0 7.59 
14 1 504000 884509 0 11.1 
13 2 504000 545447 0 4.78 
14 2 504000 840284 0 7 
7 3 504000 648640 0 2.24 
4 2 504000 398029 0 2.77 
5 4 504000 206385 0 1.88 
14 4 504000 456996 0 5.55 
14 5 504000 250611 0 4.32 
21 7 504000 191644 0 3.22 
14 9 504000 456996 0 8.2 
14 10 504000 368546 0 3.01 
15 14 504000 29483.6 0 6.3 
0 16 504000 353804 0 5.9 
10 17 504000 280095 0 1.76 
20 17 504000 280095 0 1.86 
18 1 504000 398029 0 2.86 
18 14 504000 486480 0 10.8 
17 14 504000 235869 0 3.44 
8 0 504000 943476 0 2.67 
19 0 504000 427513 0 4.97 
21 11 504000 751833 0 4.75 
19 7 504000 928735 0 3.65 
4 1 504000 781316 0 7.63 
11 4 504000 855026 0 5.9 
15 10 504000 339062 0 3.57 
15 17 504000 221127 0 4.67 
9 15 504000 427513 0 8.84 
18 15 504000 471738 0 6.38 
19 8 504000 1.07615e+06 0 3.19 
22 14 504000 1.60686e+06 0 6.71 
18 6 504000 265353 0 7.5 
11 3 504000 117935 0 9.41 
12 11 504000 442255 0 3.95 
12 4 504000 427513 0 4.41 
12 1 504000 368546 0 4.14 
15 6 504000 206385 0 5.32 
22 16 504000 530706 0 4.05 
6 9 504000 221127 0 11.03 
10 3 5600 4.85 
21 0 2720 9.62 
0 12 640 3.89 
9 17 17954 16.2 
23 9 80 5.38 
20 11 34406 4.42 
17 5 1360 8.78 
10 17 26760 11.74 
8 1 64988 4 
10 7 5200 5.36 
11 10 57342 4.37 
12 15 21025 6.03 
6 7 64988 3.73 
18 12 1120 6.44 
9 3 5440 3.76 
23 15 7280 6.21 
21 19 39282 8.42 
21 5 42051 5 
20 22 5360 4.81 
16 8 60789 13.51 
2 20 22865 7.58 
1 13 1920 3.78 
21 12 2400 6.74 
16 3 2480 11.64 
17 10 17954 11.74 
4 11 7094 6.15 
13 14 118507 7.06 
1 6 3040 5.02 
6 23 6080 5.23 
4 2 358152 8.3 
3 0 55646 9.53 
19 22 26760 13.49 
18 2 233920 5.73 
0 21 55646 9.62 
14 1 30583 10.24 
13 10 9200 7.8 
13 22 1760 10.29 
3 17 11469 4.4 
11 9 160 4.87 
18 14 34406 11.91 
23 8 2720 10.43 
9 8 365703 5.06 
16 11 2000 5.03 
16 10 480 4.46 
18 20 29749 7.72 
0 16 15292 13.49 
0 18 3600 3.25 
0 3 8640 9.53 
5 1 64988 9.95 
17 23 9681 5.61 
13 4 5120 7.36 
18 3 29749 3.98 
21 6 3120 3.39 
12 0 1360 3.89 
9 22 26760 4.51 
12 10 1840 5.89 
6 5 3823 7.03 
6 20 2240 7.64 
6 22 2880 3.32 
17 13 119842 8.06 
9 16 800 3.44 
19 21 358152 8.42 
12 17 133798 6.35 
6 3 141444 3.64 
21 3 48047 9.32 
23 6 14160 5.23 
22 23 2240 10.29 
12 23 4080 4.42 
21 20 59896 4.07 
12 7 23025 6.41 
8 11 55646 7.53 
4 1 14934 8.62 
15 22 4320 3.3 
1 15 14934 5.71 
5 8 5760 6.07 
19 2 19114 7.89 
8 7 1360 10.11 
23 10 3600 6.12 
20 18 30583 7.72 
10 22 10465 5.6 
16 23 39282 9.68 
21 2 42051 4.56 
10 13 6081 7.8 
15 9 78634 19.16 
5 7 5120 6.39 
7 22 1520 8.6 
5 17 3120 8.78 
14 0 60789 8.66 
20 12 7094 6.2 
20 6 7094 7.64 
0 17 8960 5.56 
18 22 7280 5.24 
5 13 17954 7.96 
14 4 5600 7.11 
14 18 1600 11.91 
8 2 5040 6.59 
9 15 15760 19.16 
1 21 7094 6.13 
12 16 5040 4.58 
23 20 118507 5.74 
20 4 960 8.15 
17 0 18070 5.56 
1 19 22865 4.55 
8 18 5200 3.39 
1 23 6081 4.27 
19 1 6000 4.55 
5 20 480 9.75 
14 9 30583 16.32 
3 7 2720 9.27 
21 16 9029 8.67 
20 5 22937 9.75 
17 12 3040 6.35 
7 0 6000 10.18 
1 12 23025 6.59 
5 16 7040 5.9 
16 0 18210 13.49 
13 11 51573 3.56 
14 6 7040 8.85 
2 18 68811 5.73 
19 9 1600 6.66 
16 13 5360 9.63 
9 18 42051 6.1 
18 1 3360 4.71 
9 5 1120 8.19 
14 11 3823 5.52 
19 10 55646 7.48 
23 13 7280 10.29 
4 7 8400 5.19 
23 4 2240 7.65 
18 6 160 5.91 
8 5 22865 6.07 
9 10 5360 16.08 
21 9 400 3.57 
5 12 320 7.28 
4 9 880 6.66 
7 18 3840 4.03 
4 15 60789 9.62 
16 9 7646 3.44 
3 20 3120 3.94 
2 10 18210 8.26 
11 8 1840 7.53 
18 9 53520 6.1 
8 17 1440 6.07 
17 6 4080 8.15 
2 17 1040 8.02 
0 22 18210 13.3 
4 18 9681 9.66 
5 21 1920 5 
23 12 14001 4.42 
0 9 3200 4.2 
1 14 240 10.24 
0 7 7646 10.18 
4 17 4320 9.43 
14 21 1520 7.29 
15 6 8960 7.33 
19 23 4080 11.45 
15 17 15292 12.25 
15 14 7094 14.82 
3 22 640 7.78 
10 6 5440 8.21 
11 23 2400 3.75 
8 10 57342 6.07 
22 7 6000 8.6 
16 6 5120 3.54 
16 17 160 3.98 
16 4 60789 6.51 
7 2 80 6.1 
17 14 48001 11.76 
1 3 560 5.21 
12 5 3840 7.28 
8 9 26080 5.06 
0 15 7280 3.52 
0 1 14934 4.01 
5 10 6000 9.84 
22 19 9200 13.49 
4 6 6080 7.62 
10 14 80 11.24 
0 6 14160 3.46 
22 3 14160 7.78 
13 18 2400 3.84 
21 18 8880 4.79 
2 1 64988 6.06 
21 1 5760 6.13 
20 1 1040 6.12 
17 22 1200 5.74 
15 18 3680 6.3 
6 17 4320 8.15 
22 9 36532 4.51 
3 16 640 11.64 
13 8 1120 9.91 
8 13 15120 9.91 
2 7 23025 6.1 
17 9 192434 16.2 
3 13 5760 6.75 
16 18 2560 3.97 
3 12 4080 7.36 
2 19 1040 7.89 
8 0 64988 13.55 
10 18 14160 7.38 
17 18 80 8.34 
0 11 8320 7.53 
10 15 119842 11.03 
6 18 1280 5.91 
7 20 26080 5 
1 10 5600 6.51 
19 0 110861 14.24 
10 20 4800 11.79 
22 12 2240 5.1 
11 6 14160 5.59 
1 20 9681 6.12 
9 6 15292 11.52 
10 21 480 4.2 
19 13 5120 9.69 
21 23 8000 7.21 
3 6 2560 3.64 
1 17 7646 6.64 
8 22 80 14.34 
3 5 400 5.16 
3 14 6081 7.47 
19 16 1760 14.5 
19 3 320 9.83 
0 8 1360 13.55 
5 9 1840 8.19 
6 15 1840 7.33 
11 3 800 9.04 
12 18 480 6.44 
8 20 2880 5.51 
18 15 2400 6.3 
11 14 960 5.52 
3 4 7280 5.88 
1 16 400 3.74 
11 16 2720 5.03 
17 15 44240 12.25 
3 1 68811 5.21 
21 10 3680 4.2 
3 18 1280 3.98 
2 22 2000 10.29 
18 13 240 3.84 
7 11 7040 10.43 
8 16 29520 13.51 
2 8 6640 6.59 
1 4 9921 8.62 
19 17 1120 6.99 
23 1 80 4.27 
3 19 15120 9.83 
22 10 400 5.6 
14 20 2880 12.55 
7 9 5440 3.94 
12 6 26080 5.45 
7 17 3360 5.01 
14 10 1600 11.24 
2 6 3120 6.78 
7 8 3200 10.11 
15 10 3200 11.03 
21 4 14934 6.43 
17 7 160 5.01 
19 8 3840 15.43 
6 10 2480 8.21 
12 9 6640 4.13 
11 4 26080 6.15 
8 19 10465 15.43 
8 23 3120 10.43 
21 14 2000 7.29 
3 10 2800 4.85 
3 23 1840 7.93 
5 15 1040 9.87 
7 4 2720 5.19 
7 19 320 9.88 
11 15 240 5.27 
1 9 4800 5.21 
2 4 1840 8.3 
16 19 480 14.5 
