24 106 272 
19 2 504000 162160 1 4.86 
19 3 504000 280095 1 4.86 
19 11 504000 398029 1 9.68 
19 14 504000 987702 1 8.23 
16 19 504000 88450.9 1 5.73 
19 21 504000 1.10564e+06 1 6.13 
19 22 504000 619156 1 5.84 
20 9 504000 309578 1 3.67 
22 8 504000 456996 1 6.09 
22 13 504000 280095 1 4.12 
22 23 504000 117935 1 3.54 
23 13 504000 176902 1 2.19 
1 11 504000 796058 1 7.59 
1 14 504000 884509 1 11.1 
2 13 504000 545447 1 4.78 
2 14 504000 840284 1 7 
3 7 504000 648640 1 2.24 
2 4 504000 398029 1 2.77 
4 5 504000 206385 1 1.88 
4 14 504000 456996 1 5.55 
5 14 504000 250611 1 4.32 
7 21 504000 191644 1 3.22 
9 14 504000 456996 1 8.2 
10 14 504000 368546 1 3.01 
14 15 504000 29483.6 1 6.3 
16 0 504000 353804 1 5.9 
17 10 504000 280095 1 1.76 
17 20 504000 280095 1 1.86 
1 18 504000 398029 1 2.86 
14 18 504000 486480 1 10.8 
14 17 504000 235869 1 3.44 
0 8 504000 943476 1 2.67 
0 19 504000 427513 1 4.97 
11 21 504000 751833 1 4.75 
7 19 504000 928735 1 3.65 
1 4 504000 781316 1 7.63 
4 11 504000 855026 1 5.9 
10 15 504000 339062 1 3.57 
17 15 504000 221127 1 4.67 
15 9 504000 427513 1 8.84 
15 18 504000 471738 1 6.38 
8 19 504000 1.07615e+06 1 3.19 
14 22 504000 1.60686e+06 1 6.71 
6 18 504000 265353 1 7.5 
3 11 504000 117935 1 9.41 
11 12 504000 442255 1 3.95 
4 12 504000 427513 1 4.41 
1 12 504000 368546 1 4.14 
6 15 504000 206385 1 5.32 
16 22 504000 530706 1 4.05 
2 4 504000 398029 1 2.77 
9 6 504000 221127 1 11.03 
10 15 504000 339062 1 3.57 
16 19 504000 88450.9 1 5.73 
17 15 504000 221127 1 4.67 
2 19 504000 162160 1 4.86 
3 19 504000 280095 1 4.86 
11 19 504000 398029 1 9.68 
14 19 504000 987702 1 8.23 
19 16 504000 88450.9 1 5.73 
21 19 504000 1.10564e+06 1 6.13 
22 19 504000 619156 1 5.84 
9 20 504000 309578 1 3.67 
8 22 504000 456996 1 6.09 
13 22 504000 280095 1 4.12 
23 22 504000 117935 1 3.54 
13 23 504000 176902 1 2.19 
11 1 504000 796058 1 7.59 
14 1 504000 884509 1 11.1 
13 2 504000 545447 1 4.78 
14 2 504000 840284 1 7 
7 3 504000 648640 1 2.24 
4 2 504000 398029 1 2.77 
5 4 504000 206385 1 1.88 
14 4 504000 456996 1 5.55 
14 5 504000 250611 1 4.32 
21 7 504000 191644 1 3.22 
14 9 504000 456996 1 8.2 
14 10 504000 368546 1 3.01 
15 14 504000 29483.6 1 6.3 
0 16 504000 353804 1 5.9 
10 17 504000 280095 1 1.76 
20 17 504000 280095 1 1.86 
18 1 504000 398029 1 2.86 
18 14 504000 486480 1 10.8 
17 14 504000 235869 1 3.44 
8 0 504000 943476 1 2.67 
19 0 504000 427513 1 4.97 
21 11 504000 751833 1 4.75 
19 7 504000 928735 1 3.65 
4 1 504000 781316 1 7.63 
11 4 504000 855026 1 5.9 
15 10 504000 339062 1 3.57 
15 17 504000 221127 1 4.67 
9 15 504000 427513 1 8.84 
18 15 504000 471738 1 6.38 
19 8 504000 1.07615e+06 1 3.19 
22 14 504000 1.60686e+06 1 6.71 
18 6 504000 265353 1 7.5 
11 3 504000 117935 1 9.41 
12 11 504000 442255 1 3.95 
12 4 504000 427513 1 4.41 
12 1 504000 368546 1 4.14 
15 6 504000 206385 1 5.32 
22 16 504000 530706 1 4.05 
6 9 504000 221127 1 11.03 
10 3 5600 2.16 
21 0 2720 4.59 
0 12 640 1.54 
9 17 17954 10.41 
23 9 80 2.61 
20 11 34406 2.11 
17 5 1360 5.37 
10 17 26760 6.3 
8 1 64988 2.49 
10 7 5200 2.37 
11 10 57342 2.46 
12 15 21025 2.58 
6 7 64988 2.04 
18 12 1120 2.75 
9 3 5440 1.71 
23 15 7280 2.28 
21 19 39282 4.1 
21 5 42051 1.74 
20 22 5360 1.62 
16 8 60789 5.01 
2 20 22865 2.25 
1 13 1920 1.42 
21 12 2400 2.76 
16 3 2480 6.09 
17 10 17954 6.3 
4 11 7094 2.7 
13 14 118507 3.58 
1 6 3040 1.81 
6 23 6080 2.1 
4 2 358152 3.45 
3 0 55646 4.63 
19 22 26760 9.14 
18 2 233920 1.86 
0 21 55646 4.59 
14 1 30583 4.75 
13 10 9200 4.44 
13 22 1760 5.61 
3 17 11469 1.96 
11 9 160 3.06 
18 14 34406 5.44 
23 8 2720 5.14 
9 8 365703 2.49 
16 11 2000 1.98 
16 10 480 2 
18 20 29749 3.97 
0 16 15292 5.89 
0 18 3600 1.2 
0 3 8640 4.63 
5 1 64988 4.47 
17 23 9681 3.28 
13 4 5120 4.62 
18 3 29749 1.76 
21 6 3120 1.79 
12 0 1360 1.54 
9 22 26760 2.24 
12 10 1840 2.26 
6 5 3823 3.92 
6 20 2240 2.9 
6 22 2880 2.12 
17 13 119842 4.72 
9 16 800 1.44 
19 21 358152 4.1 
12 17 133798 2.63 
6 3 141444 1.79 
21 3 48047 6.31 
23 6 14160 2.1 
22 23 2240 5.61 
12 23 4080 1.83 
21 20 59896 1.44 
12 7 23025 2.51 
8 11 55646 4.37 
4 1 14934 3.36 
15 22 4320 1.53 
1 15 14934 1.81 
5 8 5760 2.88 
19 2 19114 3.2 
8 7 1360 5.16 
23 10 3600 3.28 
20 18 30583 3.97 
10 22 10465 1.97 
16 23 39282 3.07 
21 2 42051 1.56 
10 13 6081 4.44 
15 9 78634 14.04 
5 7 5120 3.45 
7 22 1520 3.65 
5 17 3120 5.37 
14 0 60789 5.38 
20 12 7094 2.29 
20 6 7094 2.9 
0 17 8960 1.97 
18 22 7280 2.89 
5 13 17954 4.22 
14 4 5600 3.69 
14 18 1600 5.44 
8 2 5040 3 
9 15 15760 14.04 
1 21 7094 4.29 
12 16 5040 2.03 
23 20 118507 3.56 
20 4 960 4.6 
17 0 18070 1.97 
1 19 22865 1.84 
8 18 5200 1.55 
1 23 6081 2.12 
19 1 6000 1.84 
5 20 480 6.2 
14 9 30583 11.57 
3 7 2720 6.76 
21 16 9029 4.86 
20 5 22937 6.2 
17 12 3040 2.63 
7 0 6000 6.2 
1 12 23025 2.69 
5 16 7040 2.92 
16 0 18210 5.89 
13 11 51573 1.41 
14 6 7040 3.26 
2 18 68811 1.86 
19 9 1600 2.58 
16 13 5360 3.35 
9 18 42051 2.03 
18 1 3360 1.85 
9 5 1120 3.31 
14 11 3823 2.73 
19 10 55646 4.67 
23 13 7280 5.61 
4 7 8400 2.39 
23 4 2240 4.94 
18 6 160 2.47 
8 5 22865 2.88 
9 10 5360 9.01 
21 9 400 1.69 
5 12 320 3.59 
4 9 880 2.46 
7 18 3840 1.95 
4 15 60789 6.95 
16 9 7646 1.44 
3 20 3120 1.58 
2 10 18210 2.76 
11 8 1840 4.37 
18 9 53520 2.03 
8 17 1440 2.66 
17 6 4080 3.61 
2 17 1040 2.41 
0 22 18210 5.89 
4 18 9681 3.14 
5 21 1920 1.74 
23 12 14001 1.83 
0 9 3200 1.93 
1 14 240 4.75 
0 7 7646 6.2 
4 17 4320 4.36 
14 21 1520 3.35 
15 6 8960 2.37 
19 23 4080 5.06 
15 17 15292 6.57 
15 14 7094 7.58 
3 22 640 1.75 
10 6 5440 3.92 
11 23 2400 1.42 
8 10 57342 2.85 
22 7 6000 3.65 
16 6 5120 2 
16 17 160 1.52 
16 4 60789 3.61 
7 2 80 2.88 
17 14 48001 6.44 
1 3 560 1.73 
12 5 3840 3.59 
8 9 26080 2.49 
0 15 7280 1.46 
0 1 14934 2.44 
5 10 6000 5.97 
22 19 9200 9.14 
4 6 6080 3.57 
10 14 80 5.59 
0 6 14160 1.46 
22 3 14160 1.75 
13 18 2400 1.58 
21 18 8880 2.18 
2 1 64988 2.67 
21 1 5760 4.29 
20 1 1040 2.65 
17 22 1200 1.62 
15 18 3680 2.08 
6 17 4320 3.61 
22 9 36532 2.24 
3 16 640 6.09 
13 8 1120 5.51 
8 13 15120 5.51 
2 7 23025 2.88 
17 9 192434 10.41 
3 13 5760 3.87 
16 18 2560 1.65 
3 12 4080 3.74 
2 19 1040 3.2 
8 0 64988 6.66 
10 18 14160 3.11 
17 18 80 3.62 
0 11 8320 4.24 
10 15 119842 5.22 
6 18 1280 2.47 
7 20 26080 2.12 
1 10 5600 2.59 
19 0 110861 9.18 
10 20 4800 4.84 
22 12 2240 2.03 
11 6 14160 1.65 
1 20 9681 2.65 
9 6 15292 6.74 
10 21 480 1.76 
19 13 5120 4.07 
21 23 8000 3.44 
3 6 2560 1.79 
1 17 7646 2.82 
8 22 80 8.97 
3 5 400 2.48 
3 14 6081 3.6 
19 16 1760 9.65 
19 3 320 7.32 
0 8 1360 6.66 
5 9 1840 3.31 
6 15 1840 2.37 
11 3 800 6.8 
12 18 480 2.75 
8 20 2880 2.48 
18 15 2400 2.08 
11 14 960 2.73 
3 4 7280 3.23 
1 16 400 1.46 
11 16 2720 1.98 
17 15 44240 6.57 
3 1 68811 1.73 
21 10 3680 1.76 
3 18 1280 1.76 
2 22 2000 5.61 
18 13 240 1.58 
7 11 7040 6.86 
8 16 29520 5.01 
2 8 6640 3 
1 4 9921 3.36 
19 17 1120 4.51 
23 1 80 2.12 
3 19 15120 7.32 
22 10 400 1.97 
14 20 2880 6.85 
7 9 5440 1.96 
12 6 26080 2.98 
7 17 3360 2.16 
14 10 1600 5.59 
2 6 3120 3.31 
7 8 3200 5.16 
15 10 3200 5.22 
21 4 14934 3.45 
17 7 160 2.16 
19 8 3840 10.37 
6 10 2480 3.92 
12 9 6640 1.94 
11 4 26080 2.7 
8 19 10465 10.37 
8 23 3120 5.14 
21 14 2000 3.35 
3 10 2800 2.16 
3 23 1840 4.11 
5 15 1040 5.26 
7 4 2720 2.39 
7 19 320 6.2 
11 15 240 2.45 
1 9 4800 1.93 
2 4 1840 3.45 
16 19 480 9.65 
