24 106 136 
19 2 504000 162160 1 4.86 
19 3 504000 280095 1 4.86 
19 11 504000 398029 1 9.68 
19 14 504000 987702 1 8.23 
16 19 504000 88450.9 1 5.73 
19 21 504000 1.10564e+06 1 6.13 
19 22 504000 619156 1 5.84 
20 9 504000 309578 1 3.67 
22 8 504000 456996 1 6.09 
22 13 504000 280095 1 4.12 
22 23 504000 117935 1 3.54 
23 13 504000 176902 1 2.19 
1 11 504000 796058 1 7.59 
1 14 504000 884509 1 11.1 
2 13 504000 545447 1 4.78 
2 14 504000 840284 1 7 
3 7 504000 648640 1 2.24 
2 4 504000 398029 1 2.77 
4 5 504000 206385 1 1.88 
4 14 504000 456996 1 5.55 
5 14 504000 250611 1 4.32 
7 21 504000 191644 1 3.22 
9 14 504000 456996 1 8.2 
10 14 504000 368546 1 3.01 
14 15 504000 29483.6 1 6.3 
16 0 504000 353804 1 5.9 
17 10 504000 280095 1 1.76 
17 20 504000 280095 1 1.86 
1 18 504000 398029 1 2.86 
14 18 504000 486480 1 10.8 
14 17 504000 235869 1 3.44 
0 8 504000 943476 1 2.67 
0 19 504000 427513 1 4.97 
11 21 504000 751833 1 4.75 
7 19 504000 928735 1 3.65 
1 4 504000 781316 1 7.63 
4 11 504000 855026 1 5.9 
10 15 504000 339062 1 3.57 
17 15 504000 221127 1 4.67 
15 9 504000 427513 1 8.84 
15 18 504000 471738 1 6.38 
8 19 504000 1.07615e+06 1 3.19 
14 22 504000 1.60686e+06 1 6.71 
6 18 504000 265353 1 7.5 
3 11 504000 117935 1 9.41 
11 12 504000 442255 1 3.95 
4 12 504000 427513 1 4.41 
1 12 504000 368546 1 4.14 
6 15 504000 206385 1 5.32 
16 22 504000 530706 1 4.05 
2 4 504000 398029 1 2.77 
9 6 504000 221127 1 11.03 
10 15 504000 339062 1 3.57 
16 19 504000 88450.9 1 5.73 
17 15 504000 221127 1 4.67 
2 19 504000 162160 1 4.86 
3 19 504000 280095 1 4.86 
11 19 504000 398029 1 9.68 
14 19 504000 987702 1 8.23 
19 16 504000 88450.9 1 5.73 
21 19 504000 1.10564e+06 1 6.13 
22 19 504000 619156 1 5.84 
9 20 504000 309578 1 3.67 
8 22 504000 456996 1 6.09 
13 22 504000 280095 1 4.12 
23 22 504000 117935 1 3.54 
13 23 504000 176902 1 2.19 
11 1 504000 796058 1 7.59 
14 1 504000 884509 1 11.1 
13 2 504000 545447 1 4.78 
14 2 504000 840284 1 7 
7 3 504000 648640 1 2.24 
4 2 504000 398029 1 2.77 
5 4 504000 206385 1 1.88 
14 4 504000 456996 1 5.55 
14 5 504000 250611 1 4.32 
21 7 504000 191644 1 3.22 
14 9 504000 456996 1 8.2 
14 10 504000 368546 1 3.01 
15 14 504000 29483.6 1 6.3 
0 16 504000 353804 1 5.9 
10 17 504000 280095 1 1.76 
20 17 504000 280095 1 1.86 
18 1 504000 398029 1 2.86 
18 14 504000 486480 1 10.8 
17 14 504000 235869 1 3.44 
8 0 504000 943476 1 2.67 
19 0 504000 427513 1 4.97 
21 11 504000 751833 1 4.75 
19 7 504000 928735 1 3.65 
4 1 504000 781316 1 7.63 
11 4 504000 855026 1 5.9 
15 10 504000 339062 1 3.57 
15 17 504000 221127 1 4.67 
9 15 504000 427513 1 8.84 
18 15 504000 471738 1 6.38 
19 8 504000 1.07615e+06 1 3.19 
22 14 504000 1.60686e+06 1 6.71 
18 6 504000 265353 1 7.5 
11 3 504000 117935 1 9.41 
12 11 504000 442255 1 3.95 
12 4 504000 427513 1 4.41 
12 1 504000 368546 1 4.14 
15 6 504000 206385 1 5.32 
22 16 504000 530706 1 4.05 
6 9 504000 221127 1 11.03 
10 3 5600 3.22 
21 0 2720 6.31 
0 12 640 2.92 
9 17 17954 14.87 
23 9 80 4.3 
20 11 34406 3.02 
17 5 1360 7.26 
10 17 26760 9.6 
8 1 64988 3.41 
10 7 5200 4.14 
11 10 57342 3.78 
12 15 21025 4.61 
6 7 64988 2.95 
18 12 1120 4.91 
9 3 5440 2.79 
23 15 7280 4.89 
21 19 39282 6.66 
21 5 42051 4.13 
20 22 5360 3.28 
16 8 60789 10.15 
2 20 22865 6.26 
1 13 1920 2.63 
21 12 2400 5.38 
16 3 2480 9.29 
17 10 17954 9.6 
4 11 7094 5.25 
13 14 118507 5.41 
1 6 3040 3.39 
6 23 6080 3.6 
4 2 358152 6.14 
3 0 55646 7.92 
19 22 26760 11.49 
18 2 233920 3.65 
0 21 55646 6.31 
14 1 30583 8.32 
13 10 9200 6.19 
13 22 1760 8.43 
3 17 11469 3.21 
11 9 160 4 
18 14 34406 9.16 
23 8 2720 7.49 
9 8 365703 4.15 
16 11 2000 3.93 
16 10 480 3.04 
18 20 29749 5.98 
0 16 15292 11.36 
0 18 3600 2.36 
0 3 8640 7.92 
5 1 64988 8.05 
17 23 9681 4.28 
13 4 5120 6.55 
18 3 29749 2.65 
21 6 3120 2.63 
12 0 1360 2.92 
9 22 26760 3.37 
12 10 1840 4.01 
6 5 3823 5.55 
6 20 2240 5.5 
6 22 2880 2.7 
17 13 119842 6.21 
9 16 800 2.26 
19 21 358152 6.66 
12 17 133798 4.74 
6 3 141444 2.95 
21 3 48047 8.21 
23 6 14160 3.6 
22 23 2240 8.43 
12 23 4080 3.35 
21 20 59896 2.74 
12 7 23025 4.99 
8 11 55646 6.28 
4 1 14934 6.25 
15 22 4320 2.63 
1 15 14934 3.39 
5 8 5760 4.25 
19 2 19114 5.16 
8 7 1360 8.29 
23 10 3600 5.08 
20 18 30583 5.98 
10 22 10465 3.7 
16 23 39282 7.03 
21 2 42051 3.12 
10 13 6081 6.19 
15 9 78634 16.36 
5 7 5120 4.82 
7 22 1520 5.72 
5 17 3120 7.26 
14 0 60789 7.66 
20 12 7094 4.17 
20 6 7094 5.5 
0 17 8960 3.67 
18 22 7280 4.59 
5 13 17954 6.38 
14 4 5600 5.76 
14 18 1600 9.16 
8 2 5040 4.45 
9 15 15760 16.36 
1 21 7094 5.23 
12 16 5040 3.25 
23 20 118507 4.59 
20 4 960 6.35 
17 0 18070 3.67 
1 19 22865 3.16 
8 18 5200 2.71 
1 23 6081 3.52 
19 1 6000 3.16 
5 20 480 7.96 
14 9 30583 14.88 
3 7 2720 8.03 
21 16 9029 6.83 
20 5 22937 7.96 
17 12 3040 4.74 
7 0 6000 8.06 
1 12 23025 4.81 
5 16 7040 4.32 
16 0 18210 11.36 
13 11 51573 2.5 
14 6 7040 7.28 
2 18 68811 3.65 
19 9 1600 4.85 
16 13 5360 7.2 
9 18 42051 4.29 
18 1 3360 3.79 
9 5 1120 6.45 
14 11 3823 4.29 
19 10 55646 6.37 
23 13 7280 8.43 
4 7 8400 4.1 
23 4 2240 6.58 
18 6 160 4.55 
8 5 22865 4.25 
9 10 5360 13.35 
21 9 400 2.47 
5 12 320 5.74 
4 9 880 5.02 
7 18 3840 3.37 
