24 106 90 
19 2 504000 162160 0 4.86 
19 3 504000 280095 0 4.86 
19 11 504000 398029 0 9.68 
19 14 504000 987702 0 8.23 
16 19 504000 88450.9 0 5.73 
19 21 504000 1.10564e+06 0 6.13 
19 22 504000 619156 0 5.84 
20 9 504000 309578 0 3.67 
22 8 504000 456996 0 6.09 
22 13 504000 280095 0 4.12 
22 23 504000 117935 0 3.54 
23 13 504000 176902 0 2.19 
1 11 504000 796058 0 7.59 
1 14 504000 884509 0 11.1 
2 13 504000 545447 0 4.78 
2 14 504000 840284 0 7 
3 7 504000 648640 0 2.24 
2 4 504000 398029 0 2.77 
4 5 504000 206385 0 1.88 
4 14 504000 456996 0 5.55 
5 14 504000 250611 0 4.32 
7 21 504000 191644 0 3.22 
9 14 504000 456996 0 8.2 
10 14 504000 368546 0 3.01 
14 15 504000 29483.6 0 6.3 
16 0 504000 353804 0 5.9 
17 10 504000 280095 0 1.76 
17 20 504000 280095 0 1.86 
1 18 504000 398029 0 2.86 
14 18 504000 486480 0 10.8 
14 17 504000 235869 0 3.44 
0 8 504000 943476 0 2.67 
0 19 504000 427513 0 4.97 
11 21 504000 751833 0 4.75 
7 19 504000 928735 0 3.65 
1 4 504000 781316 0 7.63 
4 11 504000 855026 0 5.9 
10 15 504000 339062 0 3.57 
17 15 504000 221127 0 4.67 
15 9 504000 427513 0 8.84 
15 18 504000 471738 0 6.38 
8 19 504000 1.07615e+06 0 3.19 
14 22 504000 1.60686e+06 0 6.71 
6 18 504000 265353 0 7.5 
3 11 504000 117935 0 9.41 
11 12 504000 442255 0 3.95 
4 12 504000 427513 0 4.41 
1 12 504000 368546 0 4.14 
6 15 504000 206385 0 5.32 
16 22 504000 530706 0 4.05 
2 4 504000 398029 0 2.77 
9 6 504000 221127 0 11.03 
10 15 504000 339062 0 3.57 
16 19 504000 88450.9 0 5.73 
17 15 504000 221127 0 4.67 
2 19 504000 162160 0 4.86 
3 19 504000 280095 0 4.86 
11 19 504000 398029 0 9.68 
14 19 504000 987702 0 8.23 
19 16 504000 88450.9 0 5.73 
21 19 504000 1.10564e+06 0 6.13 
22 19 504000 619156 0 5.84 
9 20 504000 309578 0 3.67 
8 22 504000 456996 0 6.09 
13 22 504000 280095 0 4.12 
23 22 504000 117935 0 3.54 
13 23 504000 176902 0 2.19 
11 1 504000 796058 0 7.59 
14 1 504000 884509 0 11.1 
13 2 504000 545447 0 4.78 
14 2 504000 840284 0 7 
7 3 504000 648640 0 2.24 
4 2 504000 398029 0 2.77 
5 4 504000 206385 0 1.88 
14 4 504000 456996 0 5.55 
14 5 504000 250611 0 4.32 
21 7 504000 191644 0 3.22 
14 9 504000 456996 0 8.2 
14 10 504000 368546 0 3.01 
15 14 504000 29483.6 0 6.3 
0 16 504000 353804 0 5.9 
10 17 504000 280095 0 1.76 
20 17 504000 280095 0 1.86 
18 1 504000 398029 0 2.86 
18 14 504000 486480 0 10.8 
17 14 504000 235869 0 3.44 
8 0 504000 943476 0 2.67 
19 0 504000 427513 0 4.97 
21 11 504000 751833 0 4.75 
19 7 504000 928735 0 3.65 
4 1 504000 781316 0 7.63 
11 4 504000 855026 0 5.9 
15 10 504000 339062 0 3.57 
15 17 504000 221127 0 4.67 
9 15 504000 427513 0 8.84 
18 15 504000 471738 0 6.38 
19 8 504000 1.07615e+06 0 3.19 
22 14 504000 1.60686e+06 0 6.71 
18 6 504000 265353 0 7.5 
11 3 504000 117935 0 9.41 
12 11 504000 442255 0 3.95 
12 4 504000 427513 0 4.41 
12 1 504000 368546 0 4.14 
15 6 504000 206385 0 5.32 
22 16 504000 530706 0 4.05 
6 9 504000 221127 0 11.03 
10 3 5600 2.16 
21 0 2720 4.59 
0 12 640 1.54 
9 17 17954 10.41 
23 9 80 2.61 
20 11 34406 2.11 
17 5 1360 5.37 
10 17 26760 6.3 
8 1 64988 2.49 
10 7 5200 2.37 
11 10 57342 2.46 
12 15 21025 2.58 
6 7 64988 2.04 
18 12 1120 2.75 
9 3 5440 1.71 
23 15 7280 2.28 
21 19 39282 4.1 
21 5 42051 1.74 
20 22 5360 1.62 
16 8 60789 5.01 
2 20 22865 2.25 
1 13 1920 1.42 
21 12 2400 2.76 
16 3 2480 6.09 
17 10 17954 6.3 
4 11 7094 2.7 
13 14 118507 3.58 
1 6 3040 1.81 
6 23 6080 2.1 
4 2 358152 3.45 
3 0 55646 4.63 
19 22 26760 9.14 
18 2 233920 1.86 
0 21 55646 4.59 
14 1 30583 4.75 
13 10 9200 4.44 
13 22 1760 5.61 
3 17 11469 1.96 
11 9 160 3.06 
18 14 34406 5.44 
23 8 2720 5.14 
9 8 365703 2.49 
16 11 2000 1.98 
16 10 480 2 
18 20 29749 3.97 
0 16 15292 5.89 
0 18 3600 1.2 
0 3 8640 4.63 
5 1 64988 4.47 
17 23 9681 3.28 
13 4 5120 4.62 
18 3 29749 1.76 
21 6 3120 1.79 
12 0 1360 1.54 
9 22 26760 2.24 
12 10 1840 2.26 
6 5 3823 3.92 
6 20 2240 2.9 
6 22 2880 2.12 
17 13 119842 4.72 
9 16 800 1.44 
19 21 358152 4.1 
12 17 133798 2.63 
6 3 141444 1.79 
21 3 48047 6.31 
23 6 14160 2.1 
22 23 2240 5.61 
12 23 4080 1.83 
21 20 59896 1.44 
12 7 23025 2.51 
8 11 55646 4.37 
4 1 14934 3.36 
15 22 4320 1.53 
1 15 14934 1.81 
5 8 5760 2.88 
19 2 19114 3.2 
8 7 1360 5.16 
23 10 3600 3.28 
20 18 30583 3.97 
10 22 10465 1.97 
16 23 39282 3.07 
21 2 42051 1.56 
10 13 6081 4.44 
15 9 78634 14.04 
5 7 5120 3.45 
7 22 1520 3.65 
5 17 3120 5.37 
14 0 60789 5.38 
20 12 7094 2.29 
20 6 7094 2.9 
