24 106 90 
19 2 504000 162160 1 4.86 
19 3 504000 280095 1 4.86 
19 11 504000 398029 1 9.68 
19 14 504000 987702 1 8.23 
16 19 504000 88450.9 1 5.73 
19 21 504000 1.10564e+06 1 6.13 
19 22 504000 619156 1 5.84 
20 9 504000 309578 1 3.67 
22 8 504000 456996 1 6.09 
22 13 504000 280095 1 4.12 
22 23 504000 117935 1 3.54 
23 13 504000 176902 1 2.19 
1 11 504000 796058 1 7.59 
1 14 504000 884509 1 11.1 
2 13 504000 545447 1 4.78 
2 14 504000 840284 1 7 
3 7 504000 648640 1 2.24 
2 4 504000 398029 1 2.77 
4 5 504000 206385 1 1.88 
4 14 504000 456996 1 5.55 
5 14 504000 250611 1 4.32 
7 21 504000 191644 1 3.22 
9 14 504000 456996 1 8.2 
10 14 504000 368546 1 3.01 
14 15 504000 29483.6 1 6.3 
16 0 504000 353804 1 5.9 
17 10 504000 280095 1 1.76 
17 20 504000 280095 1 1.86 
1 18 504000 398029 1 2.86 
14 18 504000 486480 1 10.8 
14 17 504000 235869 1 3.44 
0 8 504000 943476 1 2.67 
0 19 504000 427513 1 4.97 
11 21 504000 751833 1 4.75 
7 19 504000 928735 1 3.65 
1 4 504000 781316 1 7.63 
4 11 504000 855026 1 5.9 
10 15 504000 339062 1 3.57 
17 15 504000 221127 1 4.67 
15 9 504000 427513 1 8.84 
15 18 504000 471738 1 6.38 
8 19 504000 1.07615e+06 1 3.19 
14 22 504000 1.60686e+06 1 6.71 
6 18 504000 265353 1 7.5 
3 11 504000 117935 1 9.41 
11 12 504000 442255 1 3.95 
4 12 504000 427513 1 4.41 
1 12 504000 368546 1 4.14 
6 15 504000 206385 1 5.32 
16 22 504000 530706 1 4.05 
2 4 504000 398029 1 2.77 
9 6 504000 221127 1 11.03 
10 15 504000 339062 1 3.57 
16 19 504000 88450.9 1 5.73 
17 15 504000 221127 1 4.67 
2 19 504000 162160 1 4.86 
3 19 504000 280095 1 4.86 
11 19 504000 398029 1 9.68 
14 19 504000 987702 1 8.23 
19 16 504000 88450.9 1 5.73 
21 19 504000 1.10564e+06 1 6.13 
22 19 504000 619156 1 5.84 
9 20 504000 309578 1 3.67 
8 22 504000 456996 1 6.09 
13 22 504000 280095 1 4.12 
23 22 504000 117935 1 3.54 
13 23 504000 176902 1 2.19 
11 1 504000 796058 1 7.59 
14 1 504000 884509 1 11.1 
13 2 504000 545447 1 4.78 
14 2 504000 840284 1 7 
7 3 504000 648640 1 2.24 
4 2 504000 398029 1 2.77 
5 4 504000 206385 1 1.88 
14 4 504000 456996 1 5.55 
14 5 504000 250611 1 4.32 
21 7 504000 191644 1 3.22 
14 9 504000 456996 1 8.2 
14 10 504000 368546 1 3.01 
15 14 504000 29483.6 1 6.3 
0 16 504000 353804 1 5.9 
10 17 504000 280095 1 1.76 
20 17 504000 280095 1 1.86 
18 1 504000 398029 1 2.86 
18 14 504000 486480 1 10.8 
17 14 504000 235869 1 3.44 
8 0 504000 943476 1 2.67 
19 0 504000 427513 1 4.97 
21 11 504000 751833 1 4.75 
19 7 504000 928735 1 3.65 
4 1 504000 781316 1 7.63 
11 4 504000 855026 1 5.9 
15 10 504000 339062 1 3.57 
15 17 504000 221127 1 4.67 
9 15 504000 427513 1 8.84 
18 15 504000 471738 1 6.38 
19 8 504000 1.07615e+06 1 3.19 
22 14 504000 1.60686e+06 1 6.71 
18 6 504000 265353 1 7.5 
11 3 504000 117935 1 9.41 
12 11 504000 442255 1 3.95 
12 4 504000 427513 1 4.41 
12 1 504000 368546 1 4.14 
15 6 504000 206385 1 5.32 
22 16 504000 530706 1 4.05 
6 9 504000 221127 1 11.03 
10 3 5600 4.85 
21 0 2720 9.62 
0 12 640 3.89 
9 17 17954 16.2 
23 9 80 5.38 
20 11 34406 4.42 
17 5 1360 8.78 
10 17 26760 11.74 
8 1 64988 4 
10 7 5200 5.36 
11 10 57342 4.37 
12 15 21025 6.03 
6 7 64988 3.73 
18 12 1120 6.44 
9 3 5440 3.76 
23 15 7280 6.21 
21 19 39282 8.42 
21 5 42051 5 
20 22 5360 4.81 
16 8 60789 13.51 
2 20 22865 7.58 
1 13 1920 3.78 
21 12 2400 6.74 
16 3 2480 11.64 
17 10 17954 11.74 
4 11 7094 6.15 
13 14 118507 7.06 
1 6 3040 5.02 
6 23 6080 5.23 
4 2 358152 8.3 
3 0 55646 9.53 
19 22 26760 13.49 
18 2 233920 5.73 
0 21 55646 9.62 
14 1 30583 10.24 
13 10 9200 7.8 
13 22 1760 10.29 
3 17 11469 4.4 
11 9 160 4.87 
18 14 34406 11.91 
23 8 2720 10.43 
9 8 365703 5.06 
16 11 2000 5.03 
16 10 480 4.46 
18 20 29749 7.72 
0 16 15292 13.49 
0 18 3600 3.25 
0 3 8640 9.53 
5 1 64988 9.95 
17 23 9681 5.61 
13 4 5120 7.36 
18 3 29749 3.98 
21 6 3120 3.39 
12 0 1360 3.89 
9 22 26760 4.51 
12 10 1840 5.89 
6 5 3823 7.03 
6 20 2240 7.64 
6 22 2880 3.32 
17 13 119842 8.06 
9 16 800 3.44 
19 21 358152 8.42 
12 17 133798 6.35 
6 3 141444 3.64 
21 3 48047 9.32 
23 6 14160 5.23 
22 23 2240 10.29 
12 23 4080 4.42 
21 20 59896 4.07 
12 7 23025 6.41 
8 11 55646 7.53 
4 1 14934 8.62 
15 22 4320 3.3 
1 15 14934 5.71 
5 8 5760 6.07 
19 2 19114 7.89 
8 7 1360 10.11 
23 10 3600 6.12 
20 18 30583 7.72 
10 22 10465 5.6 
16 23 39282 9.68 
21 2 42051 4.56 
10 13 6081 7.8 
15 9 78634 19.16 
5 7 5120 6.39 
7 22 1520 8.6 
5 17 3120 8.78 
14 0 60789 8.66 
20 12 7094 6.2 
20 6 7094 7.64 
