65 216 485 
0 30 504000 162160 22 2.34 
2 29 504000 250611 22 7.15 
4 50 504000 147418 22 2.19 
4 24 504000 147418 22 2.35 
7 34 2.52e+06 884509 4 4.64 
7 44 2.52e+06 1.2678e+06 4 4.39 
8 29 504000 117935 22 2.46 
9 29 504000 353804 22 3.49 
9 41 504000 530706 22 2.16 
9 1 504000 132676 22 2.92 
12 22 504000 162160 22 3.26 
12 61 504000 339062 22 4.4 
13 21 504000 103193 22 3.2 
13 0 504000 132676 22 1.92 
14 58 2.52e+06 501222 4 4.46 
15 6 504000 162160 22 2.52 
16 18 504000 250611 22 2.55 
16 5 1.008e+06 265353 11 1.97 
17 63 504000 206385 22 2.01 
17 43 504000 132676 22 3.31 
18 44 504000 235869 22 2.73 
20 57 504000 132676 22 2.45 
20 8 504000 58967.3 22 2.91 
21 40 504000 117935 22 2.27 
23 50 504000 398029 22 3 
23 47 504000 73709.1 22 2.01 
23 25 504000 486480 22 2.66 
24 60 504000 117935 22 1.63 
25 14 504000 147418 22 3.11 
26 48 504000 191644 22 2.22 
26 16 504000 324320 22 4.21 
27 31 504000 73709.1 22 2.47 
27 29 1.1088e+07 1.03193e+06 1 4.72 
27 28 504000 103193 22 3.66 
27 30 504000 44225.5 22 4.63 
28 29 504000 88450.9 22 1.39 
30 31 504000 58967.3 22 2.6 
32 8 504000 162160 22 3.52 
32 9 504000 280095 22 4.45 
32 37 504000 206385 22 4.58 
32 29 504000 265353 22 3.59 
33 54 504000 427513 22 2.07 
33 63 504000 368546 22 4.97 
34 11 504000 456996 22 3.11 
34 10 504000 206385 22 1.92 
35 49 504000 88450.9 22 1.82 
36 53 504000 162160 22 1.51 
36 45 504000 176902 22 1.17 
37 24 504000 250611 22 1.91 
37 19 504000 147418 22 2.73 
38 30 504000 162160 22 3.15 
38 1 504000 235869 22 6.11 
39 6 504000 176902 22 3.77 
39 49 504000 88450.9 22 3.2 
40 22 504000 294836 22 2.16 
41 44 504000 368546 22 8.21 
42 0 504000 191644 22 2.01 
42 12 504000 250611 22 5.56 
43 55 504000 221127 22 3.16 
44 34 504000 530706 22 8.23 
46 41 1.008e+06 766574 11 3.63 
46 44 3.024e+06 1.59212e+06 4 5.82 
47 60 504000 117935 22 1.61 
48 3 504000 147418 22 1.83 
48 25 504000 162160 22 2.23 
51 2 504000 73709.1 22 2.18 
51 29 504000 221127 22 8.36 
52 27 504000 235869 22 5.75 
52 21 504000 117935 22 1.78 
52 35 504000 132676 22 1.99 
53 1 504000 103193 22 2.24 
54 51 504000 339062 22 3.29 
54 55 504000 250611 22 1.46 
54 50 504000 280095 22 7.66 
57 29 1.008e+06 265353 11 7.3 
57 19 504000 73709.1 22 1.91 
58 44 504000 515964 22 10.03 
58 3 504000 103193 22 2.43 
58 56 504000 250611 22 3.53 
59 56 504000 176902 22 3.32 
59 11 504000 132676 22 2.21 
61 15 504000 560189 22 3.43 
62 24 504000 280095 22 5.42 
62 26 504000 235869 22 2.59 
62 32 504000 147418 22 2.62 
62 5 1.008e+06 442254 11 2.07 
64 45 2.52e+06 1.17935e+06 4 7.55 
64 42 504000 117935 22 2.03 
2 27 504000 339062 22 5.05 
9 27 3.024e+06 1.32676e+06 4 6.96 
9 46 2.016e+06 913993 6 3.51 
30 13 504000 280095 22 3.76 
13 40 504000 221127 22 2.08 
15 12 504000 899251 22 6.55 
23 14 2.52e+06 1.23831e+06 4 4.76 
38 27 504000 191644 22 3.89 
38 45 504000 663382 22 2.16 
39 12 2.016e+06 1.23831e+06 6 10.68 
39 15 504000 339062 22 5.26 
39 29 2.52e+06 1.23831e+06 4 10.1 
45 27 2.016e+06 855026 6 4.47 
54 23 2.52e+06 1.35625e+06 4 10.49 
54 27 3.024e+06 1.94592e+06 4 9.33 
58 34 2.52e+06 2.00489e+06 4 4.06 
58 59 1.008e+06 855025 11 4.32 
62 29 504000 398029 22 5.84 
62 58 5.04e+06 2.65353e+06 2 5.81 
64 12 2.52e+06 737091 4 6.95 
30 0 504000 162160 22 2.34 
29 2 504000 250611 22 7.15 
50 4 504000 147418 22 2.19 
24 4 504000 147418 22 2.35 
34 7 2.52e+06 884509 4 4.64 
44 7 2.52e+06 1.2678e+06 4 4.39 
29 8 504000 117935 22 2.46 
29 9 504000 353804 22 3.49 
41 9 504000 530706 22 2.16 
1 9 504000 132676 22 2.92 
22 12 504000 162160 22 3.26 
61 12 504000 339062 22 4.4 
21 13 504000 103193 22 3.2 
0 13 504000 132676 22 1.92 
58 14 2.52e+06 501222 4 4.46 
6 15 504000 162160 22 2.52 
18 16 504000 250611 22 2.55 
5 16 1.008e+06 265353 11 1.97 
63 17 504000 206385 22 2.01 
43 17 504000 132676 22 3.31 
44 18 504000 235869 22 2.73 
57 20 504000 132676 22 2.45 
8 20 504000 58967.3 22 2.91 
40 21 504000 117935 22 2.27 
50 23 504000 398029 22 3 
47 23 504000 73709.1 22 2.01 
25 23 504000 486480 22 2.66 
60 24 504000 117935 22 1.63 
14 25 504000 147418 22 3.11 
48 26 504000 191644 22 2.22 
16 26 504000 324320 22 4.21 
31 27 504000 73709.1 22 2.47 
29 27 1.1088e+07 1.03193e+06 1 4.72 
28 27 504000 103193 22 3.66 
30 27 504000 44225.5 22 4.63 
29 28 504000 88450.9 22 1.39 
31 30 504000 58967.3 22 2.6 
8 32 504000 162160 22 3.52 
9 32 504000 280095 22 4.45 
37 32 504000 206385 22 4.58 
29 32 504000 265353 22 3.59 
54 33 504000 427513 22 2.07 
63 33 504000 368546 22 4.97 
11 34 504000 456996 22 3.11 
10 34 504000 206385 22 1.92 
49 35 504000 88450.9 22 1.82 
53 36 504000 162160 22 1.51 
45 36 504000 176902 22 1.17 
24 37 504000 250611 22 1.91 
19 37 504000 147418 22 2.73 
30 38 504000 162160 22 3.15 
1 38 504000 235869 22 6.11 
6 39 504000 176902 22 3.77 
49 39 504000 88450.9 22 3.2 
22 40 504000 294836 22 2.16 
44 41 504000 368546 22 8.21 
0 42 504000 191644 22 2.01 
12 42 504000 250611 22 5.56 
55 43 504000 221127 22 3.16 
34 44 504000 530706 22 8.23 
41 46 1.008e+06 766574 11 3.63 
44 46 3.024e+06 1.59212e+06 4 5.82 
60 47 504000 117935 22 1.61 
3 48 504000 147418 22 1.83 
25 48 504000 162160 22 2.23 
2 51 504000 73709.1 22 2.18 
29 51 504000 221127 22 8.36 
27 52 504000 235869 22 5.75 
21 52 504000 117935 22 1.78 
35 52 504000 132676 22 1.99 
1 53 504000 103193 22 2.24 
51 54 504000 339062 22 3.29 
55 54 504000 250611 22 1.46 
50 54 504000 280095 22 7.66 
29 57 1.008e+06 265353 11 7.3 
19 57 504000 73709.1 22 1.91 
44 58 504000 515964 22 10.03 
3 58 504000 103193 22 2.43 
56 58 504000 250611 22 3.53 
56 59 504000 176902 22 3.32 
11 59 504000 132676 22 2.21 
15 61 504000 560189 22 3.43 
24 62 504000 280095 22 5.42 
26 62 504000 235869 22 2.59 
32 62 504000 147418 22 2.62 
5 62 1.008e+06 442254 11 2.07 
45 64 2.52e+06 1.17935e+06 4 7.55 
42 64 504000 117935 22 2.03 
27 2 504000 339062 22 5.05 
27 9 3.024e+06 1.32676e+06 4 6.96 
46 9 2.016e+06 913993 6 3.51 
13 30 504000 280095 22 3.76 
40 13 504000 221127 22 2.08 
12 15 504000 899251 22 6.55 
14 23 2.52e+06 1.23831e+06 4 4.76 
27 38 504000 191644 22 3.89 
45 38 504000 663382 22 2.16 
12 39 2.016e+06 1.23831e+06 6 10.68 
15 39 504000 339062 22 5.26 
29 39 2.52e+06 1.23831e+06 4 10.1 
27 45 2.016e+06 855026 6 4.47 
23 54 2.52e+06 1.35625e+06 4 10.49 
27 54 3.024e+06 1.94592e+06 4 9.33 
34 58 2.52e+06 2.00489e+06 4 4.06 
59 58 1.008e+06 855025 11 4.32 
29 62 504000 398029 22 5.84 
58 62 5.04e+06 2.65353e+06 2 5.81 
12 64 2.52e+06 737091 4 6.95 
28 42 4000 3.03 
37 29 3200 8.25 
24 6 57264 3.49 
36 28 3227 2.62 
57 35 30084 2.39 
31 3 20250 2.37 
11 31 1574 0.97 
46 21 6534 1.1 
20 34 111094 1.94 
3 16 4720 4.93 
19 4 20214 3.17 
39 6 20054 4.7 
19 12 34004 0.82 
3 62 6400 3.09 
36 17 4000 2.05 
17 2 11520 5.4 
41 30 320 2.47 
16 2 7840 2.7 
59 24 115156 2.7 
49 24 100915 2.06 
41 44 15304 4.13 
44 50 5200 1.41 
26 38 640 1.5 
37 32 53520 5.94 
44 42 34004 1.1 
61 53 6800 1.27 
54 56 13585 1.95 
34 38 6320 0.56 
30 12 231622 5 
56 51 560 1.03 
43 57 93558 3.14 
61 17 328415 0.95 
40 8 19451 2.62 
3 15 13585 3.56 
15 8 19451 1.94 
51 31 83369 3.2 
56 26 5200 5.26 
45 23 5360 0.88 
8 11 20240 2.83 
57 28 29200 4.85 
36 27 462790 3.83 
16 46 31290 4.18 
41 0 57342 1.81 
5 42 143150 0.97 
20 23 13505 2.53 
0 27 10080 7.27 
61 20 33361 1.52 
11 21 109165 0.97 
28 35 43761 1.97 
21 61 9334 4.82 
18 52 108454 1.96 
47 62 11654 4.64 
52 62 5867 2.39 
56 48 9029 6.48 
37 36 19290 1.63 
63 32 16241 1.63 
52 1 4400 2.46 
27 48 109654 2.22 
42 15 2160 3.79 
47 30 28551 1.59 
21 47 13585 0.62 
9 6 25493 3.7 
52 8 17530 1.26 
49 54 4080 1.19 
7 20 115156 2.36 
50 63 16782 2.16 
35 12 30195 4.69 
49 32 9307 3.77 
63 60 3520 2.61 
19 42 34004 1.84 
14 46 100915 2.09 
56 44 143150 5.01 
53 59 22861 1.24 
29 52 400 1.32 
28 61 20907 1.37 
61 3 80279 1.85 
48 54 105077 2.25 
39 43 8400 1.19 
45 38 100915 2.84 
51 50 400 1.9 
24 63 880 2.61 
4 37 36354 2.98 
2 57 206431 4.01 
42 6 105077 3.24 
49 60 45874 2.06 
59 14 57342 5.28 
11 25 49787 7.68 
5 56 1120 4.11 
27 32 9281 5.96 
45 30 15680 2.05 
24 26 3840 3 
43 11 32640 2.54 
16 38 320 1.15 
9 12 4320 0.86 
61 51 9307 1.57 
24 28 206431 5.18 
36 4 8160 1.54 
52 0 38587 8.6 
63 39 4145 4.26 
54 38 6347 4 
32 24 109654 4.08 
23 3 6240 5.46 
56 63 3227 1.49 
46 62 74760 3.85 
56 24 19370 2.63 
20 36 31290 1.78 
48 56 2480 6.48 
22 50 11360 1.22 
28 56 4305 2.3 
51 35 10080 3.07 
35 54 87764 1.4 
41 52 15964 2.14 
64 15 3440 4.05 
45 9 3227 2.39 
45 11 83369 1.27 
1 30 240 2.74 
28 46 4145 4.15 
15 50 25920 1.12 
38 22 15292 2.45 
12 41 720 0.86 
30 54 8305 2.99 
38 26 68098 1.5 
19 1 100915 3.35 
3 27 1520 2.94 
13 21 38587 8.53 
30 37 33361 1.52 
19 15 4320 1.86 
11 47 64587 4.03 
20 31 24170 2.57 
18 41 25920 4.98 
5 54 24650 1.45 
38 46 11200 2.05 
7 35 2880 1.49 
5 30 189681 1.98 
21 12 5760 3.63 
56 19 57264 2.99 
19 48 20214 3.65 
48 36 5643 2.4 
34 2 3920 2.46 
12 23 9600 0.47 
29 64 16694 2.83 
17 7 6560 1.39 
47 28 11200 4.1 
16 49 1600 2.29 
13 24 5840 0.81 
16 24 160 2.47 
45 52 49787 1.64 
34 47 19770 3.6 
8 41 92374 4.35 
34 5 104374 5.17 
41 5 24281 3.58 
27 22 34406 4.68 
32 11 34667 1.27 
13 62 6800 1.84 
49 34 64587 1.84 
0 6 68098 2.08 
41 18 880 4.98 
38 44 3840 2.34 
6 1 21051 0.94 
22 56 6800 0.94 
43 36 6400 1.85 
52 61 91740 3.58 
41 42 3200 2.57 
2 36 25920 2.93 
45 27 4960 2.39 
25 43 9600 2.39 
58 21 11654 1.24 
8 64 9947 2.25 
2 14 4800 0.7 
45 26 4880 2.77 
60 6 76597 3.08 
47 16 1734 2.83 
24 30 6240 1.59 
42 35 19770 3.39 
62 37 800 4.66 
30 18 37102 0.8 
8 48 2560 3.67 
3 36 7280 1.18 
64 51 16074 1.15 
2 30 9281 1.95 
56 3 9120 5.94 
25 32 7280 3.9 
47 29 3040 4.84 
16 3 30583 4.93 
50 37 5600 1.14 
6 14 30012 1.18 
19 35 3840 2.34 
7 19 23765 1.17 
4 40 3920 0.84 
64 46 7840 1.47 
27 17 4960 9.18 
12 53 8305 1.56 
55 40 2560 2.2 
9 8 4480 2.83 
7 14 7600 3.36 
33 28 4267 3.95 
14 43 7105 4.63 
0 14 20484 1.99 
16 35 5760 2.7 
47 15 6347 1.44 
54 9 126153 2.62 
5 39 3760 4.35 
62 14 7589 7.2 
44 16 3200 2.04 
42 58 12001 0.85 
56 41 15760 1.78 
49 5 1200 3.6 
38 5 63292 1.5 
54 31 21200 6.16 
2 5 2640 3.63 
8 62 4400 6.64 
29 46 1280 4.65 
51 13 56081 1.29 
37 8 3440 6.11 
14 18 9360 4.78 
9 21 4560 0.6 
38 54 95608 4 
54 12 12640 1.47 
4 46 17067 2.58 
21 34 38228 1.2 
26 28 17530 3.06 
18 7 18960 2.54 
18 12 15760 0.84 
48 44 82406 1.75 
5 59 15304 3.33 
33 9 2240 2.62 
62 45 2080 2.77 
55 62 720 1.52 
7 48 560 3.71 
4 44 26187 2.09 
50 0 80279 1.19 
17 11 30583 0.88 
29 9 11282 3.89 
59 15 5200 2.16 
25 42 30583 0.97 
21 57 2080 0.58 
46 36 88464 3.13 
28 34 23014 2.09 
5 61 49697 0.98 
51 15 8000 2.27 
31 48 4000 0.94 
61 39 400 6.15 
44 3 103121 3.08 
36 56 80 1.78 
63 53 7105 1.75 
63 21 4560 1.65 
0 59 80279 0.7 
29 47 3905 4.84 
42 14 18960 1.99 
34 18 83369 4.99 
36 39 1280 2.97 
12 56 2640 1 
38 16 8134 1.15 
55 34 6534 1.76 
24 22 2720 0.88 
15 36 2880 1.76 
40 25 19451 0.94 
57 39 2960 3.7 
12 45 13585 1.61 
17 22 3920 1.19 
52 29 11360 1.32 
7 16 3760 2.28 
5 2 7600 3.63 
15 56 6027 3.08 
29 42 5840 2.06 
13 11 8400 0.48 
11 8 5440 2.83 
7 59 19290 5.9 
50 46 1520 1.64 
6 62 17281 4.3 
17 56 480 3.27 
9 25 19114 2.11 
11 61 3200 1.53 
50 52 1360 1.55 
9 18 20250 6.13 
13 31 3932 6.89 
60 18 1600 1.79 
34 21 19114 1.2 
63 6 9360 2.62 
31 0 26930 5.36 
59 23 3905 5.28 
60 51 6400 2.25 
11 36 64587 0.75 
63 18 1520 0.4 
12 15 6880 4.79 
9 2 154774 3 
28 51 1760 4.49 
26 29 4465 3.81 
53 58 1440 2.39 
31 13 560 6.89 
11 39 5025 3.03 
12 36 9947 1.61 
25 6 20240 2.05 
6 26 1520 2.69 
39 11 30084 3.03 
33 29 63574 3.46 
42 16 20484 0.6 
26 57 1120 2.16 
32 27 4240 5.96 
33 5 24281 1.45 
37 25 3520 3.94 
17 64 8757 1.47 
60 46 4160 2.59 
13 44 3227 0.59 
37 23 3680 3.25 
46 60 3760 2.59 
22 59 30012 0.94 
60 9 9360 3.58 
62 20 320 6.17 
28 41 26760 3.43 
52 38 1360 2.95 
46 23 88464 1.93 
12 39 8757 4.46 
23 61 11360 1.71 
23 29 17723 1.77 
4 45 640 1.31 
59 34 6641 4.45 
34 58 23410 6.16 
60 64 1200 0.97 
7 0 6400 1.37 
27 28 109165 4.54 
23 19 240 0.58 
25 30 1440 1.98 
64 36 19530 4.34 
48 1 17281 2.41 
7 47 4305 2.4 
42 26 480 0.97 
59 12 4960 1 
15 40 6640 4.7 
44 45 800 1.95 
7 26 9947 2.88 
17 4 24213 1.7 
40 0 4400 6.08 
25 2 1280 2.27 
39 14 11654 1.72 
58 23 7280 6.26 
17 62 480 1.27 
21 51 1280 3.6 
41 3 1440 2.2 
44 36 8000 2.14 
32 20 4000 8.64 
12 30 1280 5 
58 2 30583 2.62 
48 18 3760 3.08 
48 5 880 4.63 
43 20 960 2.75 
54 34 2320 1.76 
59 1 720 2 
44 23 4267 2.15 
22 32 400 1.56 
58 59 36116 6.16 
45 6 16241 1.62 
12 34 25920 1 
7 51 3120 1.37 
44 43 480 1.04 
26 62 480 4.33 
22 26 4267 0.94 
23 64 10080 0.48 
2 29 2000 4.57 
15 62 13505 2.76 
58 5 560 4.59 
34 12 5760 1 
28 49 8160 2.24 
45 41 9947 1.98 
50 64 3040 1.1 
28 30 400 3.69 
11 64 640 0.56 
38 4 4267 1.52 
48 28 960 3.44 
22 15 2240 5.85 
42 59 2560 0.7 
20 45 800 1.54 
9 14 4560 1.62 
58 11 3905 6.16 
6 2 9014 1.54 
58 56 43761 6.16 
21 0 6123 6.9 
38 36 21051 2.84 
34 26 5280 5.83 
54 23 63292 1.76 
45 61 6400 1.32 
58 61 4480 1.09 
28 59 1360 3.03 
54 7 17281 1.58 
34 36 3120 2.39 
20 40 400 2.56 
7 39 33361 1.96 
58 29 4480 3.98 
0 30 1867 4.95 
34 6 49697 2.06 
64 39 720 4.1 
12 14 20054 0.44 
30 22 560 7.45 
38 29 15440 5.97 
16 4 720 2.98 
25 9 26760 2.11 
21 20 320 1.15 
46 4 8305 2.58 
6 23 2960 1.16 
43 29 800 3.7 
16 19 160 3.33 
12 51 2320 1.76 
25 46 1200 2.12 
44 58 7440 5.11 
22 11 560 0.57 
29 61 5760 1.13 
29 16 2720 3.98 
27 29 11889 4.54 
23 14 38228 4.26 
46 51 1200 2.67 
28 2 1040 5.35 
12 58 160 1 
64 23 30559 0.48 
46 41 42774 3.76 
45 50 4400 1.58 
28 54 97219 4.37 
34 13 160 1.84 
45 51 480 4.15 
14 23 24490 4.26 
42 61 1867 3.99 
19 32 1867 8.77 
27 61 38587 1.4 
58 51 3360 1.34 
17 29 24735 7.83 
25 38 1280 1.5 
27 56 1574 2.47 
23 15 2960 1.71 
64 12 3680 2.24 
22 28 80 2.26 
27 58 53984 4.22 
3 12 80 0.84 
9 4 1520 3.45 
45 54 1867 3.08 
62 43 80 1.52 
43 27 320 4.55 
14 36 1440 1.54 
25 4 880 5.44 
9 51 1520 1.58 
54 29 33361 3.71 
6 56 1440 3.03 
32 49 880 3.77 
50 29 6347 2.8 
17 23 43761 1.51 
28 18 4880 4.23 
6 4 11578 3.43 
46 29 22730 4.65 
36 11 80 0.75 
41 59 80 1.29 
39 7 800 1.96 
21 18 400 1.34 
55 13 80 4.43 
58 6 1920 2.15 
44 25 240 3.03 
43 4 80 2.04 
5 63 400 1.07 
27 2 16721 4.55 
28 58 2640 3.22 
28 12 18960 1.35 
39 36 27974 2.97 
34 16 640 5.54 
34 29 800 2.4 
12 6 960 6.26 
6 39 123814 4.7 
4 35 80 1.63 
39 61 3932 6.15 
6 34 1040 2.06 
58 15 6347 3.75 
40 21 9334 6.06 
40 13 11360 8.89 
27 51 1680 4.15 
32 2 240 5.35 
28 27 7280 4.54 
46 45 1600 3.13 
42 39 5840 3.01 
20 61 160 1.52 
42 11 1760 1.75 
25 13 80 1.84 
12 11 6080 0.44 
42 4 400 1.15 
13 57 80 1.78 
21 40 3932 6.06 
28 11 34004 3.03 
13 40 4480 8.89 
29 2 8400 4.57 
29 50 4145 2.8 
