65 216 485 
0 30 504000 162160 0 2.34 
2 29 504000 250611 0 7.15 
4 50 504000 147418 0 2.19 
4 24 504000 147418 0 2.35 
7 34 2.52e+06 884509 0 4.64 
7 44 2.52e+06 1.2678e+06 0 4.39 
8 29 504000 117935 0 2.46 
9 29 504000 353804 0 3.49 
9 41 504000 530706 0 2.16 
9 1 504000 132676 0 2.92 
12 22 504000 162160 0 3.26 
12 61 504000 339062 0 4.4 
13 21 504000 103193 0 3.2 
13 0 504000 132676 0 1.92 
14 58 2.52e+06 501222 0 4.46 
15 6 504000 162160 0 2.52 
16 18 504000 250611 0 2.55 
16 5 1.008e+06 265353 0 1.97 
17 63 504000 206385 0 2.01 
17 43 504000 132676 0 3.31 
18 44 504000 235869 0 2.73 
20 57 504000 132676 0 2.45 
20 8 504000 58967.3 0 2.91 
21 40 504000 117935 0 2.27 
23 50 504000 398029 0 3 
23 47 504000 73709.1 0 2.01 
23 25 504000 486480 0 2.66 
24 60 504000 117935 0 1.63 
25 14 504000 147418 0 3.11 
26 48 504000 191644 0 2.22 
26 16 504000 324320 0 4.21 
27 31 504000 73709.1 0 2.47 
27 29 1.1088e+07 1.03193e+06 0 4.72 
27 28 504000 103193 0 3.66 
27 30 504000 44225.5 0 4.63 
28 29 504000 88450.9 0 1.39 
30 31 504000 58967.3 0 2.6 
32 8 504000 162160 0 3.52 
32 9 504000 280095 0 4.45 
32 37 504000 206385 0 4.58 
32 29 504000 265353 0 3.59 
33 54 504000 427513 0 2.07 
33 63 504000 368546 0 4.97 
34 11 504000 456996 0 3.11 
34 10 504000 206385 0 1.92 
35 49 504000 88450.9 0 1.82 
36 53 504000 162160 0 1.51 
36 45 504000 176902 0 1.17 
37 24 504000 250611 0 1.91 
37 19 504000 147418 0 2.73 
38 30 504000 162160 0 3.15 
38 1 504000 235869 0 6.11 
39 6 504000 176902 0 3.77 
39 49 504000 88450.9 0 3.2 
40 22 504000 294836 0 2.16 
41 44 504000 368546 0 8.21 
42 0 504000 191644 0 2.01 
42 12 504000 250611 0 5.56 
43 55 504000 221127 0 3.16 
44 34 504000 530706 0 8.23 
46 41 1.008e+06 766574 0 3.63 
46 44 3.024e+06 1.59212e+06 0 5.82 
47 60 504000 117935 0 1.61 
48 3 504000 147418 0 1.83 
48 25 504000 162160 0 2.23 
51 2 504000 73709.1 0 2.18 
51 29 504000 221127 0 8.36 
52 27 504000 235869 0 5.75 
52 21 504000 117935 0 1.78 
52 35 504000 132676 0 1.99 
53 1 504000 103193 0 2.24 
54 51 504000 339062 0 3.29 
54 55 504000 250611 0 1.46 
54 50 504000 280095 0 7.66 
57 29 1.008e+06 265353 0 7.3 
57 19 504000 73709.1 0 1.91 
58 44 504000 515964 0 10.03 
58 3 504000 103193 0 2.43 
58 56 504000 250611 0 3.53 
59 56 504000 176902 0 3.32 
59 11 504000 132676 0 2.21 
61 15 504000 560189 0 3.43 
62 24 504000 280095 0 5.42 
62 26 504000 235869 0 2.59 
62 32 504000 147418 0 2.62 
62 5 1.008e+06 442254 0 2.07 
64 45 2.52e+06 1.17935e+06 0 7.55 
64 42 504000 117935 0 2.03 
2 27 504000 339062 0 5.05 
9 27 3.024e+06 1.32676e+06 0 6.96 
9 46 2.016e+06 913993 0 3.51 
30 13 504000 280095 0 3.76 
13 40 504000 221127 0 2.08 
15 12 504000 899251 0 6.55 
23 14 2.52e+06 1.23831e+06 0 4.76 
38 27 504000 191644 0 3.89 
38 45 504000 663382 0 2.16 
39 12 2.016e+06 1.23831e+06 0 10.68 
39 15 504000 339062 0 5.26 
39 29 2.52e+06 1.23831e+06 0 10.1 
45 27 2.016e+06 855026 0 4.47 
54 23 2.52e+06 1.35625e+06 0 10.49 
54 27 3.024e+06 1.94592e+06 0 9.33 
58 34 2.52e+06 2.00489e+06 0 4.06 
58 59 1.008e+06 855025 0 4.32 
62 29 504000 398029 0 5.84 
62 58 5.04e+06 2.65353e+06 0 5.81 
64 12 2.52e+06 737091 0 6.95 
30 0 504000 162160 0 2.34 
29 2 504000 250611 0 7.15 
50 4 504000 147418 0 2.19 
24 4 504000 147418 0 2.35 
34 7 2.52e+06 884509 0 4.64 
44 7 2.52e+06 1.2678e+06 0 4.39 
29 8 504000 117935 0 2.46 
29 9 504000 353804 0 3.49 
41 9 504000 530706 0 2.16 
1 9 504000 132676 0 2.92 
22 12 504000 162160 0 3.26 
61 12 504000 339062 0 4.4 
21 13 504000 103193 0 3.2 
0 13 504000 132676 0 1.92 
58 14 2.52e+06 501222 0 4.46 
6 15 504000 162160 0 2.52 
18 16 504000 250611 0 2.55 
5 16 1.008e+06 265353 0 1.97 
63 17 504000 206385 0 2.01 
43 17 504000 132676 0 3.31 
44 18 504000 235869 0 2.73 
57 20 504000 132676 0 2.45 
8 20 504000 58967.3 0 2.91 
40 21 504000 117935 0 2.27 
50 23 504000 398029 0 3 
47 23 504000 73709.1 0 2.01 
25 23 504000 486480 0 2.66 
60 24 504000 117935 0 1.63 
14 25 504000 147418 0 3.11 
48 26 504000 191644 0 2.22 
16 26 504000 324320 0 4.21 
31 27 504000 73709.1 0 2.47 
29 27 1.1088e+07 1.03193e+06 0 4.72 
28 27 504000 103193 0 3.66 
30 27 504000 44225.5 0 4.63 
29 28 504000 88450.9 0 1.39 
31 30 504000 58967.3 0 2.6 
8 32 504000 162160 0 3.52 
9 32 504000 280095 0 4.45 
37 32 504000 206385 0 4.58 
29 32 504000 265353 0 3.59 
54 33 504000 427513 0 2.07 
63 33 504000 368546 0 4.97 
11 34 504000 456996 0 3.11 
10 34 504000 206385 0 1.92 
49 35 504000 88450.9 0 1.82 
53 36 504000 162160 0 1.51 
45 36 504000 176902 0 1.17 
24 37 504000 250611 0 1.91 
19 37 504000 147418 0 2.73 
30 38 504000 162160 0 3.15 
1 38 504000 235869 0 6.11 
6 39 504000 176902 0 3.77 
49 39 504000 88450.9 0 3.2 
22 40 504000 294836 0 2.16 
44 41 504000 368546 0 8.21 
0 42 504000 191644 0 2.01 
12 42 504000 250611 0 5.56 
55 43 504000 221127 0 3.16 
34 44 504000 530706 0 8.23 
41 46 1.008e+06 766574 0 3.63 
44 46 3.024e+06 1.59212e+06 0 5.82 
60 47 504000 117935 0 1.61 
3 48 504000 147418 0 1.83 
25 48 504000 162160 0 2.23 
2 51 504000 73709.1 0 2.18 
29 51 504000 221127 0 8.36 
27 52 504000 235869 0 5.75 
21 52 504000 117935 0 1.78 
35 52 504000 132676 0 1.99 
1 53 504000 103193 0 2.24 
51 54 504000 339062 0 3.29 
55 54 504000 250611 0 1.46 
50 54 504000 280095 0 7.66 
29 57 1.008e+06 265353 0 7.3 
19 57 504000 73709.1 0 1.91 
44 58 504000 515964 0 10.03 
3 58 504000 103193 0 2.43 
56 58 504000 250611 0 3.53 
56 59 504000 176902 0 3.32 
11 59 504000 132676 0 2.21 
15 61 504000 560189 0 3.43 
24 62 504000 280095 0 5.42 
26 62 504000 235869 0 2.59 
32 62 504000 147418 0 2.62 
5 62 1.008e+06 442254 0 2.07 
45 64 2.52e+06 1.17935e+06 0 7.55 
42 64 504000 117935 0 2.03 
27 2 504000 339062 0 5.05 
27 9 3.024e+06 1.32676e+06 0 6.96 
46 9 2.016e+06 913993 0 3.51 
13 30 504000 280095 0 3.76 
40 13 504000 221127 0 2.08 
12 15 504000 899251 0 6.55 
14 23 2.52e+06 1.23831e+06 0 4.76 
27 38 504000 191644 0 3.89 
45 38 504000 663382 0 2.16 
12 39 2.016e+06 1.23831e+06 0 10.68 
15 39 504000 339062 0 5.26 
29 39 2.52e+06 1.23831e+06 0 10.1 
27 45 2.016e+06 855026 0 4.47 
23 54 2.52e+06 1.35625e+06 0 10.49 
27 54 3.024e+06 1.94592e+06 0 9.33 
34 58 2.52e+06 2.00489e+06 0 4.06 
59 58 1.008e+06 855025 0 4.32 
29 62 504000 398029 0 5.84 
58 62 5.04e+06 2.65353e+06 0 5.81 
12 64 2.52e+06 737091 0 6.95 
28 42 4000 4.78 
37 29 3200 9.89 
24 6 57264 5.61 
36 28 3227 5.71 
57 35 30084 2.88 
31 3 20250 3.6 
11 31 1574 2.29 
46 21 6534 1.6 
20 34 111094 2.76 
3 16 4720 6.89 
19 4 20214 5.93 
39 6 20054 6.96 
19 12 34004 1.21 
3 62 6400 6.55 
36 17 4000 3.04 
17 2 11520 9.95 
41 30 320 3.27 
16 2 7840 4.96 
59 24 115156 4 
49 24 100915 3.32 
41 44 15304 5.76 
44 50 5200 2.96 
26 38 640 2.64 
37 32 53520 8.7 
44 42 34004 2.21 
61 53 6800 2.07 
54 56 13585 2.94 
34 38 6320 1.21 
30 12 231622 6.47 
56 51 560 3.45 
43 57 93558 5.28 
61 17 328415 1.61 
40 8 19451 3.82 
3 15 13585 5.32 
15 8 19451 2.84 
51 31 83369 6.12 
56 26 5200 7.68 
45 23 5360 1.58 
8 11 20240 4.6 
57 28 29200 7.46 
36 27 462790 6.99 
16 46 31290 6.57 
41 0 57342 2.62 
5 42 143150 2.29 
20 23 13505 3.75 
0 27 10080 10.34 
61 20 33361 2.9 
11 21 109165 1.8 
28 35 43761 3.77 
21 61 9334 7.05 
18 52 108454 4.13 
47 62 11654 7.48 
52 62 5867 3.09 
56 48 9029 8.36 
37 36 19290 2.61 
63 32 16241 2.95 
52 1 4400 4.73 
27 48 109654 4.08 
42 15 2160 6.17 
47 30 28551 2.26 
21 47 13585 1.12 
9 6 25493 5.33 
52 8 17530 2.25 
49 54 4080 2.78 
7 20 115156 3.6 
50 63 16782 2.73 
35 12 30195 7.14 
49 32 9307 4.92 
63 60 3520 3.11 
19 42 34004 2.77 
14 46 100915 3.01 
56 44 143150 8.31 
53 59 22861 2.28 
29 52 400 3.12 
28 61 20907 2.33 
61 3 80279 2.53 
48 54 105077 3.91 
39 43 8400 2.34 
45 38 100915 5.84 
51 50 400 2.75 
24 63 880 3.11 
4 37 36354 5.21 
2 57 206431 5.72 
42 6 105077 5.79 
49 60 45874 3.32 
59 14 57342 7.45 
11 25 49787 9.55 
5 56 1120 6.9 
27 32 9281 7.53 
45 30 15680 4.46 
24 26 3840 5.3 
43 11 32640 4.39 
16 38 320 1.96 
9 12 4320 1.84 
61 51 9307 3.1 
24 28 206431 7.39 
36 4 8160 2.42 
52 0 38587 11.16 
63 39 4145 5.72 
54 38 6347 5.4 
32 24 109654 7.34 
23 3 6240 8.74 
56 63 3227 3.29 
46 62 74760 6.04 
56 24 19370 5.87 
20 36 31290 3.66 
48 56 2480 8.36 
22 50 11360 1.91 
28 56 4305 4.33 
51 35 10080 4.96 
35 54 87764 3.16 
41 52 15964 2.8 
64 15 3440 6.04 
45 9 3227 5.2 
45 11 83369 1.84 
1 30 240 6.44 
28 46 4145 5.73 
15 50 25920 2.13 
38 22 15292 4.67 
12 41 720 1.84 
30 54 8305 5.33 
38 26 68098 2.64 
19 1 100915 4.28 
3 27 1520 5.4 
13 21 38587 10.33 
30 37 33361 2.03 
19 15 4320 3.48 
11 47 64587 6.24 
20 31 24170 3.7 
18 41 25920 6.96 
5 54 24650 3.91 
38 46 11200 4.22 
7 35 2880 2.76 
5 30 189681 2.99 
21 12 5760 6.48 
56 19 57264 4.42 
19 48 20214 5.31 
48 36 5643 3.54 
34 2 3920 2.95 
12 23 9600 0.86 
29 64 16694 4 
17 7 6560 1.96 
47 28 11200 5.33 
16 49 1600 4.72 
13 24 5840 1.31 
16 24 160 4.39 
45 52 49787 3.12 
34 47 19770 5.49 
8 41 92374 6.04 
34 5 104374 6.72 
41 5 24281 6.3 
27 22 34406 7.02 
32 11 34667 3 
13 62 6800 2.39 
49 34 64587 2.82 
0 6 68098 4.17 
41 18 880 6.96 
38 44 3840 3.56 
6 1 21051 1.79 
22 56 6800 2.08 
43 36 6400 3.66 
52 61 91740 5.65 
41 42 3200 3.38 
2 36 25920 4.66 
45 27 4960 5.72 
25 43 9600 3.59 
58 21 11654 1.91 
8 64 9947 3.25 
2 14 4800 2.1 
45 26 4880 3.63 
60 6 76597 4.9 
47 16 1734 5.21 
24 30 6240 2.34 
42 35 19770 7.03 
62 37 800 8.24 
30 18 37102 1.19 
8 48 2560 5.14 
3 36 7280 2.76 
64 51 16074 2.48 
2 30 9281 4.46 
56 3 9120 7.63 
25 32 7280 6.19 
47 29 3040 5.97 
16 3 30583 6.89 
50 37 5600 3.26 
6 14 30012 2.67 
19 35 3840 3.6 
7 19 23765 2.71 
4 40 3920 1.48 
64 46 7840 2.39 
27 17 4960 10.69 
12 53 8305 2.9 
55 40 2560 4.24 
9 8 4480 5.53 
7 14 7600 6.06 
33 28 4267 5.08 
14 43 7105 6.39 
0 14 20484 2.55 
16 35 5760 4.76 
47 15 6347 3.77 
54 9 126153 4.03 
5 39 3760 5.87 
62 14 7589 10.1 
44 16 3200 3.52 
42 58 12001 1.32 
56 41 15760 3.09 
49 5 1200 4.92 
38 5 63292 2.74 
54 31 21200 8.59 
2 5 2640 5.74 
8 62 4400 8.92 
29 46 1280 6.64 
51 13 56081 2.37 
37 8 3440 9.17 
14 18 9360 7.31 
9 21 4560 1.26 
38 54 95608 5.4 
54 12 12640 2.68 
4 46 17067 4.55 
21 34 38228 1.63 
26 28 17530 4.35 
18 7 18960 3.64 
18 12 15760 1.44 
48 44 82406 4.14 
5 59 15304 6.39 
33 9 2240 4.03 
62 45 2080 3.89 
55 62 720 4.35 
7 48 560 5.42 
4 44 26187 2.67 
50 0 80279 2.17 
17 11 30583 2.53 
29 9 11282 6.54 
59 15 5200 3.75 
25 42 30583 2.21 
21 57 2080 1.02 
46 36 88464 5.25 
28 34 23014 3.19 
5 61 49697 1.75 
51 15 8000 3.4 
31 48 4000 2.8 
61 39 400 7.98 
44 3 103121 5.05 
36 56 80 2.7 
63 53 7105 3.04 
63 21 4560 2.65 
0 59 80279 1.14 
29 47 3905 5.97 
42 14 18960 2.55 
34 18 83369 8.38 
36 39 1280 3.69 
12 56 2640 1.6 
38 16 8134 1.96 
55 34 6534 2.42 
24 22 2720 1.54 
15 36 2880 2.85 
40 25 19451 2.1 
57 39 2960 5.98 
12 45 13585 3.1 
17 22 3920 2.33 
52 29 11360 3.12 
7 16 3760 3.8 
5 2 7600 5.74 
15 56 6027 4.45 
29 42 5840 4.03 
13 11 8400 1.08 
11 8 5440 4.6 
7 59 19290 9.32 
50 46 1520 2.98 
6 62 17281 5.73 
17 56 480 4.02 
9 25 19114 3.47 
11 61 3200 2.55 
50 52 1360 2.15 
9 18 20250 8.56 
13 31 3932 9.41 
60 18 1600 2.77 
34 21 19114 1.63 
63 6 9360 4.01 
31 0 26930 7.27 
59 23 3905 8.14 
60 51 6400 3.46 
11 36 64587 2.2 
63 18 1520 1.14 
12 15 6880 7.08 
9 2 154774 5.3 
28 51 1760 6.45 
26 29 4465 5.54 
53 58 1440 3.22 
31 13 560 9.41 
11 39 5025 4.45 
12 36 9947 3.08 
25 6 20240 3.44 
6 26 1520 4.72 
39 11 30084 4.45 
33 29 63574 4.29 
42 16 20484 1.17 
26 57 1120 5.64 
32 27 4240 7.53 
33 5 24281 3.91 
37 25 3520 6.28 
17 64 8757 3.44 
60 46 4160 4.01 
13 44 3227 1.19 
37 23 3680 5.24 
46 60 3760 4.01 
22 59 30012 1.89 
60 9 9360 5.53 
62 20 320 10.16 
28 41 26760 5.69 
52 38 1360 5.01 
46 23 88464 2.9 
12 39 8757 5.81 
23 61 11360 2.58 
23 29 17723 2.81 
4 45 640 2.38 
59 34 6641 8.07 
34 58 23410 7.93 
60 64 1200 1.61 
7 0 6400 2.24 
27 28 109165 8.43 
23 19 240 1.83 
25 30 1440 2.58 
64 36 19530 6.2 
48 1 17281 3.02 
7 47 4305 3.38 
42 26 480 2.29 
59 12 4960 1.57 
15 40 6640 7.92 
44 45 800 3.59 
7 26 9947 5.53 
17 4 24213 2.88 
40 0 4400 9.16 
25 2 1280 4.01 
39 14 11654 3.19 
58 23 7280 8.97 
17 62 480 1.59 
21 51 1280 4.75 
41 3 1440 3.54 
44 36 8000 2.95 
32 20 4000 10.77 
12 30 1280 6.47 
58 2 30583 3.93 
48 18 3760 4.68 
48 5 880 6.83 
43 20 960 4.53 
54 34 2320 2.42 
59 1 720 3.24 
44 23 4267 4.27 
22 32 400 2.33 
58 59 36116 7.93 
45 6 16241 3.23 
12 34 25920 1.6 
7 51 3120 2.68 
44 43 480 2.56 
26 62 480 5.8 
22 26 4267 2.1 
23 64 10080 1.01 
2 29 2000 7.84 
15 62 13505 3.55 
58 5 560 7.46 
34 12 5760 1.6 
28 49 8160 4.21 
45 41 9947 3.99 
50 64 3040 1.99 
28 30 400 5.14 
11 64 640 1.62 
38 4 4267 1.96 
48 28 960 5.36 
22 15 2240 8.63 
42 59 2560 1.14 
20 45 800 4.35 
9 14 4560 2.83 
58 11 3905 7.93 
6 2 9014 2.55 
58 56 43761 7.93 
21 0 6123 10.93 
38 36 21051 4.67 
34 26 5280 7.88 
54 23 63292 2.62 
45 61 6400 2.69 
58 61 4480 2 
28 59 1360 4.49 
54 7 17281 2.44 
34 36 3120 3.48 
20 40 400 3.39 
7 39 33361 3.38 
58 29 4480 4.56 
0 30 1867 10.15 
34 6 49697 2.9 
64 39 720 5.92 
12 14 20054 1.02 
30 22 560 9.55 
38 29 15440 7.79 
16 4 720 4.88 
25 9 26760 3.47 
21 20 320 2.79 
46 4 8305 4.55 
6 23 2960 2.14 
43 29 800 5.25 
16 19 160 6.21 
12 51 2320 2.65 
25 46 1200 3.25 
44 58 7440 7.83 
22 11 560 1.04 
29 61 5760 2.24 
29 16 2720 5.9 
27 29 11889 8.43 
23 14 38228 7.95 
46 51 1200 3.97 
28 2 1040 6.93 
12 58 160 1.6 
64 23 30559 1.01 
46 41 42774 5.43 
45 50 4400 2.2 
28 54 97219 5.35 
34 13 160 2.39 
45 51 480 5.16 
14 23 24490 7.95 
42 61 1867 6.19 
19 32 1867 11.64 
27 61 38587 2.41 
58 51 3360 3.92 
17 29 24735 9.95 
25 38 1280 2.16 
27 56 1574 4.22 
23 15 2960 3.03 
64 12 3680 3.46 
22 28 80 3.89 
27 58 53984 5.62 
3 12 80 1.24 
9 4 1520 4.83 
45 54 1867 5.58 
62 43 80 4.35 
43 27 320 6.32 
14 36 1440 2.43 
25 4 880 8 
9 51 1520 5.35 
54 29 33361 4.43 
6 56 1440 4.45 
32 49 880 4.92 
50 29 6347 4.65 
17 23 43761 2.09 
28 18 4880 5.79 
6 4 11578 4.39 
46 29 22730 6.64 
36 11 80 2.2 
41 59 80 2.88 
39 7 800 3.38 
21 18 400 1.91 
55 13 80 5.93 
58 6 1920 4.24 
44 25 240 4.05 
43 4 80 2.8 
5 63 400 2.53 
27 2 16721 6.94 
28 58 2640 4.94 
28 12 18960 2.29 
39 36 27974 3.69 
34 16 640 8.62 
34 29 800 3.64 
12 6 960 8.23 
6 39 123814 6.96 
4 35 80 3.71 
39 61 3932 7.98 
6 34 1040 2.9 
58 15 6347 5.17 
40 21 9334 10.24 
40 13 11360 11.61 
27 51 1680 6.32 
32 2 240 7.7 
28 27 7280 8.43 
46 45 1600 5.36 
42 39 5840 4.71 
20 61 160 2.9 
42 11 1760 2.25 
25 13 80 2.39 
12 11 6080 0.92 
42 4 400 1.83 
13 57 80 2.86 
21 40 3932 10.24 
28 11 34004 4.63 
13 40 4480 11.61 
29 2 8400 7.84 
29 50 4145 4.65 
