65 216 485 
0 30 504000 162160 0 2.34 
2 29 504000 250611 0 7.15 
4 50 504000 147418 0 2.19 
4 24 504000 147418 0 2.35 
7 34 2.52e+06 884509 0 4.64 
7 44 2.52e+06 1.2678e+06 0 4.39 
8 29 504000 117935 0 2.46 
9 29 504000 353804 0 3.49 
9 41 504000 530706 0 2.16 
9 1 504000 132676 0 2.92 
12 22 504000 162160 0 3.26 
12 61 504000 339062 0 4.4 
13 21 504000 103193 0 3.2 
13 0 504000 132676 0 1.92 
14 58 2.52e+06 501222 0 4.46 
15 6 504000 162160 0 2.52 
16 18 504000 250611 0 2.55 
16 5 1.008e+06 265353 0 1.97 
17 63 504000 206385 0 2.01 
17 43 504000 132676 0 3.31 
18 44 504000 235869 0 2.73 
20 57 504000 132676 0 2.45 
20 8 504000 58967.3 0 2.91 
21 40 504000 117935 0 2.27 
23 50 504000 398029 0 3 
23 47 504000 73709.1 0 2.01 
23 25 504000 486480 0 2.66 
24 60 504000 117935 0 1.63 
25 14 504000 147418 0 3.11 
26 48 504000 191644 0 2.22 
26 16 504000 324320 0 4.21 
27 31 504000 73709.1 0 2.47 
27 29 1.1088e+07 1.03193e+06 0 4.72 
27 28 504000 103193 0 3.66 
27 30 504000 44225.5 0 4.63 
28 29 504000 88450.9 0 1.39 
30 31 504000 58967.3 0 2.6 
32 8 504000 162160 0 3.52 
32 9 504000 280095 0 4.45 
32 37 504000 206385 0 4.58 
32 29 504000 265353 0 3.59 
33 54 504000 427513 0 2.07 
33 63 504000 368546 0 4.97 
34 11 504000 456996 0 3.11 
34 10 504000 206385 0 1.92 
35 49 504000 88450.9 0 1.82 
36 53 504000 162160 0 1.51 
36 45 504000 176902 0 1.17 
37 24 504000 250611 0 1.91 
37 19 504000 147418 0 2.73 
38 30 504000 162160 0 3.15 
38 1 504000 235869 0 6.11 
39 6 504000 176902 0 3.77 
39 49 504000 88450.9 0 3.2 
40 22 504000 294836 0 2.16 
41 44 504000 368546 0 8.21 
42 0 504000 191644 0 2.01 
42 12 504000 250611 0 5.56 
43 55 504000 221127 0 3.16 
44 34 504000 530706 0 8.23 
46 41 1.008e+06 766574 0 3.63 
46 44 3.024e+06 1.59212e+06 0 5.82 
47 60 504000 117935 0 1.61 
48 3 504000 147418 0 1.83 
48 25 504000 162160 0 2.23 
51 2 504000 73709.1 0 2.18 
51 29 504000 221127 0 8.36 
52 27 504000 235869 0 5.75 
52 21 504000 117935 0 1.78 
52 35 504000 132676 0 1.99 
53 1 504000 103193 0 2.24 
54 51 504000 339062 0 3.29 
54 55 504000 250611 0 1.46 
54 50 504000 280095 0 7.66 
57 29 1.008e+06 265353 0 7.3 
57 19 504000 73709.1 0 1.91 
58 44 504000 515964 0 10.03 
58 3 504000 103193 0 2.43 
58 56 504000 250611 0 3.53 
59 56 504000 176902 0 3.32 
59 11 504000 132676 0 2.21 
61 15 504000 560189 0 3.43 
62 24 504000 280095 0 5.42 
62 26 504000 235869 0 2.59 
62 32 504000 147418 0 2.62 
62 5 1.008e+06 442254 0 2.07 
64 45 2.52e+06 1.17935e+06 0 7.55 
64 42 504000 117935 0 2.03 
2 27 504000 339062 0 5.05 
9 27 3.024e+06 1.32676e+06 0 6.96 
9 46 2.016e+06 913993 0 3.51 
30 13 504000 280095 0 3.76 
13 40 504000 221127 0 2.08 
15 12 504000 899251 0 6.55 
23 14 2.52e+06 1.23831e+06 0 4.76 
38 27 504000 191644 0 3.89 
38 45 504000 663382 0 2.16 
39 12 2.016e+06 1.23831e+06 0 10.68 
39 15 504000 339062 0 5.26 
39 29 2.52e+06 1.23831e+06 0 10.1 
45 27 2.016e+06 855026 0 4.47 
54 23 2.52e+06 1.35625e+06 0 10.49 
54 27 3.024e+06 1.94592e+06 0 9.33 
58 34 2.52e+06 2.00489e+06 0 4.06 
58 59 1.008e+06 855025 0 4.32 
62 29 504000 398029 0 5.84 
62 58 5.04e+06 2.65353e+06 0 5.81 
64 12 2.52e+06 737091 0 6.95 
30 0 504000 162160 0 2.34 
29 2 504000 250611 0 7.15 
50 4 504000 147418 0 2.19 
24 4 504000 147418 0 2.35 
34 7 2.52e+06 884509 0 4.64 
44 7 2.52e+06 1.2678e+06 0 4.39 
29 8 504000 117935 0 2.46 
29 9 504000 353804 0 3.49 
41 9 504000 530706 0 2.16 
1 9 504000 132676 0 2.92 
22 12 504000 162160 0 3.26 
61 12 504000 339062 0 4.4 
21 13 504000 103193 0 3.2 
0 13 504000 132676 0 1.92 
58 14 2.52e+06 501222 0 4.46 
6 15 504000 162160 0 2.52 
18 16 504000 250611 0 2.55 
5 16 1.008e+06 265353 0 1.97 
63 17 504000 206385 0 2.01 
43 17 504000 132676 0 3.31 
44 18 504000 235869 0 2.73 
57 20 504000 132676 0 2.45 
8 20 504000 58967.3 0 2.91 
40 21 504000 117935 0 2.27 
50 23 504000 398029 0 3 
47 23 504000 73709.1 0 2.01 
25 23 504000 486480 0 2.66 
60 24 504000 117935 0 1.63 
14 25 504000 147418 0 3.11 
48 26 504000 191644 0 2.22 
16 26 504000 324320 0 4.21 
31 27 504000 73709.1 0 2.47 
29 27 1.1088e+07 1.03193e+06 0 4.72 
28 27 504000 103193 0 3.66 
30 27 504000 44225.5 0 4.63 
29 28 504000 88450.9 0 1.39 
31 30 504000 58967.3 0 2.6 
8 32 504000 162160 0 3.52 
9 32 504000 280095 0 4.45 
37 32 504000 206385 0 4.58 
29 32 504000 265353 0 3.59 
54 33 504000 427513 0 2.07 
63 33 504000 368546 0 4.97 
11 34 504000 456996 0 3.11 
10 34 504000 206385 0 1.92 
49 35 504000 88450.9 0 1.82 
53 36 504000 162160 0 1.51 
45 36 504000 176902 0 1.17 
24 37 504000 250611 0 1.91 
19 37 504000 147418 0 2.73 
30 38 504000 162160 0 3.15 
1 38 504000 235869 0 6.11 
6 39 504000 176902 0 3.77 
49 39 504000 88450.9 0 3.2 
22 40 504000 294836 0 2.16 
44 41 504000 368546 0 8.21 
0 42 504000 191644 0 2.01 
12 42 504000 250611 0 5.56 
55 43 504000 221127 0 3.16 
34 44 504000 530706 0 8.23 
41 46 1.008e+06 766574 0 3.63 
44 46 3.024e+06 1.59212e+06 0 5.82 
60 47 504000 117935 0 1.61 
3 48 504000 147418 0 1.83 
25 48 504000 162160 0 2.23 
2 51 504000 73709.1 0 2.18 
29 51 504000 221127 0 8.36 
27 52 504000 235869 0 5.75 
21 52 504000 117935 0 1.78 
35 52 504000 132676 0 1.99 
1 53 504000 103193 0 2.24 
51 54 504000 339062 0 3.29 
55 54 504000 250611 0 1.46 
50 54 504000 280095 0 7.66 
29 57 1.008e+06 265353 0 7.3 
19 57 504000 73709.1 0 1.91 
44 58 504000 515964 0 10.03 
3 58 504000 103193 0 2.43 
56 58 504000 250611 0 3.53 
56 59 504000 176902 0 3.32 
11 59 504000 132676 0 2.21 
15 61 504000 560189 0 3.43 
24 62 504000 280095 0 5.42 
26 62 504000 235869 0 2.59 
32 62 504000 147418 0 2.62 
5 62 1.008e+06 442254 0 2.07 
45 64 2.52e+06 1.17935e+06 0 7.55 
42 64 504000 117935 0 2.03 
27 2 504000 339062 0 5.05 
27 9 3.024e+06 1.32676e+06 0 6.96 
46 9 2.016e+06 913993 0 3.51 
13 30 504000 280095 0 3.76 
40 13 504000 221127 0 2.08 
12 15 504000 899251 0 6.55 
14 23 2.52e+06 1.23831e+06 0 4.76 
27 38 504000 191644 0 3.89 
45 38 504000 663382 0 2.16 
12 39 2.016e+06 1.23831e+06 0 10.68 
15 39 504000 339062 0 5.26 
29 39 2.52e+06 1.23831e+06 0 10.1 
27 45 2.016e+06 855026 0 4.47 
23 54 2.52e+06 1.35625e+06 0 10.49 
27 54 3.024e+06 1.94592e+06 0 9.33 
34 58 2.52e+06 2.00489e+06 0 4.06 
59 58 1.008e+06 855025 0 4.32 
29 62 504000 398029 0 5.84 
58 62 5.04e+06 2.65353e+06 0 5.81 
12 64 2.52e+06 737091 0 6.95 
28 42 4000 6.96 
37 29 3200 11.17 
24 6 57264 6.86 
36 28 3227 6.95 
57 35 30084 3.56 
31 3 20250 4.76 
11 31 1574 2.97 
46 21 6534 2.25 
20 34 111094 3.67 
3 16 4720 8.49 
19 4 20214 6.94 
39 6 20054 7.74 
19 12 34004 1.84 
3 62 6400 8.53 
36 17 4000 3.83 
17 2 11520 11.07 
41 30 320 4.98 
16 2 7840 6.86 
59 24 115156 6.48 
49 24 100915 6.07 
41 44 15304 6.94 
44 50 5200 4.37 
26 38 640 4 
37 32 53520 10.44 
44 42 34004 2.73 
61 53 6800 2.99 
54 56 13585 3.78 
34 38 6320 1.96 
30 12 231622 8.22 
56 51 560 4.01 
43 57 93558 6.18 
61 17 328415 1.96 
40 8 19451 4.65 
3 15 13585 6.59 
15 8 19451 3.56 
51 31 83369 7.75 
56 26 5200 9.02 
45 23 5360 2.19 
8 11 20240 5.73 
57 28 29200 8.55 
36 27 462790 10.2 
16 46 31290 8.15 
41 0 57342 3.39 
5 42 143150 2.76 
20 23 13505 4.72 
0 27 10080 11.58 
61 20 33361 3.34 
11 21 109165 2.24 
28 35 43761 5.91 
21 61 9334 9.06 
18 52 108454 4.9 
47 62 11654 10.95 
52 62 5867 3.7 
56 48 9029 10.05 
37 36 19290 3.19 
63 32 16241 3.9 
52 1 4400 5.38 
27 48 109654 5.05 
42 15 2160 8.18 
47 30 28551 2.61 
21 47 13585 1.8 
9 6 25493 6 
52 8 17530 3.34 
49 54 4080 5.62 
7 20 115156 4.46 
50 63 16782 3.34 
35 12 30195 9.05 
49 32 9307 6.01 
63 60 3520 4.08 
19 42 34004 3.45 
14 46 100915 3.96 
56 44 143150 10.16 
53 59 22861 3.09 
29 52 400 5.21 
28 61 20907 3.27 
61 3 80279 3.05 
48 54 105077 4.69 
39 43 8400 3.53 
45 38 100915 8.4 
51 50 400 3.71 
24 63 880 4.08 
4 37 36354 6.31 
2 57 206431 7.39 
42 6 105077 7.25 
49 60 45874 5.4 
59 14 57342 8.73 
11 25 49787 11.63 
5 56 1120 8.72 
27 32 9281 8.76 
45 30 15680 6.6 
24 26 3840 8.15 
43 11 32640 5.28 
16 38 320 2.76 
9 12 4320 2.35 
61 51 9307 3.72 
24 28 206431 8.57 
36 4 8160 3.12 
52 0 38587 12.23 
63 39 4145 6.76 
54 38 6347 6.89 
32 24 109654 8.62 
23 3 6240 10.5 
56 63 3227 3.91 
46 62 74760 8.01 
56 24 19370 6.57 
20 36 31290 5.07 
48 56 2480 10.05 
22 50 11360 2.54 
28 56 4305 5.85 
51 35 10080 5.9 
35 54 87764 5.18 
41 52 15964 3.47 
64 15 3440 7.56 
45 9 3227 7.48 
45 11 83369 2.45 
1 30 240 8.61 
28 46 4145 7.5 
15 50 25920 3.32 
38 22 15292 6.97 
12 41 720 2.35 
30 54 8305 6.96 
38 26 68098 4 
19 1 100915 5.16 
3 27 1520 6.57 
13 21 38587 11.3 
30 37 33361 2.6 
19 15 4320 5.03 
11 47 64587 8.5 
20 31 24170 4.98 
18 41 25920 9.16 
5 54 24650 5.14 
38 46 11200 5.71 
7 35 2880 3.29 
5 30 189681 4.33 
21 12 5760 8.13 
56 19 57264 5.22 
19 48 20214 6.58 
48 36 5643 4.01 
34 2 3920 4.04 
12 23 9600 1.1 
29 64 16694 5.57 
17 7 6560 2.66 
47 28 11200 6.23 
16 49 1600 5.52 
13 24 5840 2.01 
16 24 160 5.23 
45 52 49787 5.69 
34 47 19770 7.38 
8 41 92374 8.2 
34 5 104374 8.54 
41 5 24281 8.19 
27 22 34406 9.83 
32 11 34667 3.99 
13 62 6800 3.04 
49 34 64587 3.52 
0 6 68098 5.65 
41 18 880 9.16 
38 44 3840 4.44 
6 1 21051 2.51 
22 56 6800 2.56 
43 36 6400 5.74 
52 61 91740 6.97 
41 42 3200 4.13 
2 36 25920 6.53 
45 27 4960 9.86 
25 43 9600 5.32 
58 21 11654 2.41 
8 64 9947 4.32 
2 14 4800 2.97 
45 26 4880 4.35 
60 6 76597 6.59 
47 16 1734 7.08 
24 30 6240 2.78 
42 35 19770 9.2 
62 37 800 11.6 
30 18 37102 1.85 
8 48 2560 7.29 
3 36 7280 3.88 
64 51 16074 3.55 
2 30 9281 6.38 
56 3 9120 10.05 
25 32 7280 8.25 
47 29 3040 7.61 
16 3 30583 8.49 
50 37 5600 4.84 
6 14 30012 3.65 
19 35 3840 4.23 
7 19 23765 3.35 
4 40 3920 1.71 
64 46 7840 3.34 
27 17 4960 11.57 
12 53 8305 3.82 
55 40 2560 5.54 
9 8 4480 6 
7 14 7600 7.55 
33 28 4267 5.75 
14 43 7105 7.13 
0 14 20484 2.94 
16 35 5760 5.34 
47 15 6347 4.99 
54 9 126153 5.92 
5 39 3760 7.25 
62 14 7589 11.55 
44 16 3200 5.35 
42 58 12001 2.33 
56 41 15760 3.83 
49 5 1200 5.35 
38 5 63292 4.27 
54 31 21200 9.76 
2 5 2640 7.69 
8 62 4400 10.4 
29 46 1280 7.9 
51 13 56081 3.7 
37 8 3440 10.29 
14 18 9360 9.12 
9 21 4560 2.08 
38 54 95608 6.89 
54 12 12640 3.46 
4 46 17067 5.13 
21 34 38228 2.08 
26 28 17530 5.82 
18 7 18960 5.36 
18 12 15760 1.73 
48 44 82406 5.55 
5 59 15304 8.01 
33 9 2240 5.92 
62 45 2080 5.57 
55 62 720 5.43 
7 48 560 7.63 
4 44 26187 3.64 
50 0 80279 2.78 
17 11 30583 3.51 
29 9 11282 9.28 
59 15 5200 5.06 
25 42 30583 2.58 
21 57 2080 1.67 
46 36 88464 6.53 
28 34 23014 4.6 
5 61 49697 2.25 
51 15 8000 4.12 
31 48 4000 3.77 
61 39 400 9.02 
44 3 103121 6.57 
36 56 80 3.41 
63 53 7105 4.15 
63 21 4560 3.4 
0 59 80279 1.58 
29 47 3905 7.61 
42 14 18960 2.94 
34 18 83369 9.46 
36 39 1280 4.56 
12 56 2640 2.21 
38 16 8134 2.76 
55 34 6534 3.32 
24 22 2720 1.99 
15 36 2880 3.73 
40 25 19451 2.77 
57 39 2960 6.5 
12 45 13585 4.59 
17 22 3920 3.46 
52 29 11360 5.21 
7 16 3760 5.04 
5 2 7600 7.69 
15 56 6027 5 
29 42 5840 6.43 
13 11 8400 1.95 
11 8 5440 5.73 
7 59 19290 11.01 
50 46 1520 3.96 
6 62 17281 7.11 
17 56 480 5.06 
9 25 19114 4.5 
11 61 3200 3.12 
50 52 1360 3.01 
9 18 20250 10.2 
13 31 3932 10.67 
60 18 1600 4.11 
34 21 19114 2.08 
63 6 9360 4.81 
31 0 26930 10.31 
59 23 3905 10.49 
60 51 6400 5.36 
11 36 64587 2.76 
63 18 1520 2.4 
12 15 6880 7.72 
9 2 154774 9.56 
28 51 1760 7.42 
26 29 4465 7.88 
53 58 1440 4.43 
31 13 560 10.67 
11 39 5025 5.29 
12 36 9947 4.5 
25 6 20240 4.31 
6 26 1520 5.99 
39 11 30084 5.29 
33 29 63574 5.09 
42 16 20484 2.33 
26 57 1120 6.88 
32 27 4240 8.76 
33 5 24281 5.14 
37 25 3520 8.67 
17 64 8757 4.63 
60 46 4160 5.48 
13 44 3227 1.83 
37 23 3680 6.68 
46 60 3760 5.48 
22 59 30012 2.22 
60 9 9360 6.21 
62 20 320 11.19 
28 41 26760 7.14 
52 38 1360 8.28 
46 23 88464 3.99 
12 39 8757 6.66 
23 61 11360 3.09 
23 29 17723 4.46 
4 45 640 2.96 
59 34 6641 9.5 
34 58 23410 9.42 
60 64 1200 2.23 
7 0 6400 2.71 
27 28 109165 11.06 
23 19 240 3.68 
25 30 1440 2.92 
64 36 19530 7.56 
48 1 17281 3.99 
7 47 4305 5.05 
42 26 480 2.76 
59 12 4960 1.97 
15 40 6640 9.37 
44 45 800 4.38 
7 26 9947 6.68 
17 4 24213 3.51 
40 0 4400 11.5 
25 2 1280 4.82 
39 14 11654 3.77 
58 23 7280 10.66 
17 62 480 2.68 
21 51 1280 5.36 
41 3 1440 4.98 
44 36 8000 4.62 
32 20 4000 13.58 
12 30 1280 8.22 
58 2 30583 5.54 
48 18 3760 6.48 
48 5 880 8.19 
43 20 960 5.98 
54 34 2320 3.32 
59 1 720 4.53 
44 23 4267 5.37 
22 32 400 2.92 
58 59 36116 9.42 
45 6 16241 4.06 
12 34 25920 2.21 
7 51 3120 3.05 
44 43 480 2.87 
26 62 480 7.61 
22 26 4267 2.77 
23 64 10080 1.6 
2 29 2000 9.68 
15 62 13505 4.34 
58 5 560 9.51 
34 12 5760 2.21 
28 49 8160 6.34 
45 41 9947 6.15 
50 64 3040 2.5 
28 30 400 6.49 
11 64 640 2.08 
38 4 4267 2.7 
48 28 960 6.15 
22 15 2240 9.85 
42 59 2560 1.58 
20 45 800 5.14 
9 14 4560 4.01 
58 11 3905 9.42 
6 2 9014 3.68 
58 56 43761 9.42 
21 0 6123 11.99 
38 36 21051 7.28 
34 26 5280 9.7 
54 23 63292 3.1 
45 61 6400 3.41 
58 61 4480 2.62 
28 59 1360 6.04 
54 7 17281 3.54 
34 36 3120 4.47 
20 40 400 3.94 
7 39 33361 4.32 
58 29 4480 5.16 
0 30 1867 11.01 
34 6 49697 3.77 
64 39 720 7.74 
12 14 20054 1.42 
30 22 560 10.91 
38 29 15440 9.42 
16 4 720 5.96 
25 9 26760 4.5 
21 20 320 4.17 
46 4 8305 5.13 
6 23 2960 3.15 
43 29 800 6.18 
16 19 160 7.68 
12 51 2320 3.41 
25 46 1200 4.18 
44 58 7440 9.66 
22 11 560 1.58 
29 61 5760 3.07 
29 16 2720 7.45 
27 29 11889 11.06 
23 14 38228 9.64 
46 51 1200 5.28 
28 2 1040 8.88 
12 58 160 2.21 
64 23 30559 1.6 
46 41 42774 6.9 
45 50 4400 2.78 
28 54 97219 6.2 
34 13 160 2.83 
45 51 480 6.94 
14 23 24490 9.64 
42 61 1867 7.29 
19 32 1867 13.35 
27 61 38587 3.59 
58 51 3360 5.69 
17 29 24735 10.68 
25 38 1280 2.9 
27 56 1574 5.5 
23 15 2960 3.61 
64 12 3680 4.23 
22 28 80 5.62 
27 58 53984 6.65 
3 12 80 1.6 
9 4 1520 6.04 
45 54 1867 6.72 
62 43 80 5.34 
43 27 320 7.73 
14 36 1440 3.1 
25 4 880 10.5 
9 51 1520 6.75 
54 29 33361 5.83 
6 56 1440 6.16 
32 49 880 6.01 
50 29 6347 5.97 
17 23 43761 2.89 
28 18 4880 6.99 
6 4 11578 5.73 
46 29 22730 7.9 
36 11 80 2.76 
41 59 80 3.84 
39 7 800 4.32 
21 18 400 2.49 
55 13 80 7.3 
58 6 1920 5.32 
44 25 240 5.94 
43 4 80 3.77 
5 63 400 3.23 
27 2 16721 8.86 
28 58 2640 5.54 
28 12 18960 3.25 
39 36 27974 4.56 
34 16 640 10.42 
34 29 800 5.22 
12 6 960 9.34 
6 39 123814 7.74 
4 35 80 5.23 
39 61 3932 9.02 
6 34 1040 3.77 
58 15 6347 6.16 
40 21 9334 11.3 
40 13 11360 12.79 
27 51 1680 7.86 
32 2 240 9.56 
28 27 7280 11.06 
46 45 1600 6.83 
42 39 5840 6.63 
20 61 160 3.34 
42 11 1760 2.62 
25 13 80 3.04 
12 11 6080 1.35 
42 4 400 2.4 
13 57 80 4.71 
21 40 3932 11.3 
28 11 34004 5.66 
13 40 4480 12.79 
29 2 8400 9.68 
29 50 4145 5.97 
