65 216 161 
0 30 504000 162160 0 2.34 
2 29 504000 250611 0 7.15 
4 50 504000 147418 0 2.19 
4 24 504000 147418 0 2.35 
7 34 2.52e+06 884509 0 4.64 
7 44 2.52e+06 1.2678e+06 0 4.39 
8 29 504000 117935 0 2.46 
9 29 504000 353804 0 3.49 
9 41 504000 530706 0 2.16 
9 1 504000 132676 0 2.92 
12 22 504000 162160 0 3.26 
12 61 504000 339062 0 4.4 
13 21 504000 103193 0 3.2 
13 0 504000 132676 0 1.92 
14 58 2.52e+06 501222 0 4.46 
15 6 504000 162160 0 2.52 
16 18 504000 250611 0 2.55 
16 5 1.008e+06 265353 0 1.97 
17 63 504000 206385 0 2.01 
17 43 504000 132676 0 3.31 
18 44 504000 235869 0 2.73 
20 57 504000 132676 0 2.45 
20 8 504000 58967.3 0 2.91 
21 40 504000 117935 0 2.27 
23 50 504000 398029 0 3 
23 47 504000 73709.1 0 2.01 
23 25 504000 486480 0 2.66 
24 60 504000 117935 0 1.63 
25 14 504000 147418 0 3.11 
26 48 504000 191644 0 2.22 
26 16 504000 324320 0 4.21 
27 31 504000 73709.1 0 2.47 
27 29 1.1088e+07 1.03193e+06 0 4.72 
27 28 504000 103193 0 3.66 
27 30 504000 44225.5 0 4.63 
28 29 504000 88450.9 0 1.39 
30 31 504000 58967.3 0 2.6 
32 8 504000 162160 0 3.52 
32 9 504000 280095 0 4.45 
32 37 504000 206385 0 4.58 
32 29 504000 265353 0 3.59 
33 54 504000 427513 0 2.07 
33 63 504000 368546 0 4.97 
34 11 504000 456996 0 3.11 
34 10 504000 206385 0 1.92 
35 49 504000 88450.9 0 1.82 
36 53 504000 162160 0 1.51 
36 45 504000 176902 0 1.17 
37 24 504000 250611 0 1.91 
37 19 504000 147418 0 2.73 
38 30 504000 162160 0 3.15 
38 1 504000 235869 0 6.11 
39 6 504000 176902 0 3.77 
39 49 504000 88450.9 0 3.2 
40 22 504000 294836 0 2.16 
41 44 504000 368546 0 8.21 
42 0 504000 191644 0 2.01 
42 12 504000 250611 0 5.56 
43 55 504000 221127 0 3.16 
44 34 504000 530706 0 8.23 
46 41 1.008e+06 766574 0 3.63 
46 44 3.024e+06 1.59212e+06 0 5.82 
47 60 504000 117935 0 1.61 
48 3 504000 147418 0 1.83 
48 25 504000 162160 0 2.23 
51 2 504000 73709.1 0 2.18 
51 29 504000 221127 0 8.36 
52 27 504000 235869 0 5.75 
52 21 504000 117935 0 1.78 
52 35 504000 132676 0 1.99 
53 1 504000 103193 0 2.24 
54 51 504000 339062 0 3.29 
54 55 504000 250611 0 1.46 
54 50 504000 280095 0 7.66 
57 29 1.008e+06 265353 0 7.3 
57 19 504000 73709.1 0 1.91 
58 44 504000 515964 0 10.03 
58 3 504000 103193 0 2.43 
58 56 504000 250611 0 3.53 
59 56 504000 176902 0 3.32 
59 11 504000 132676 0 2.21 
61 15 504000 560189 0 3.43 
62 24 504000 280095 0 5.42 
62 26 504000 235869 0 2.59 
62 32 504000 147418 0 2.62 
62 5 1.008e+06 442254 0 2.07 
64 45 2.52e+06 1.17935e+06 0 7.55 
64 42 504000 117935 0 2.03 
2 27 504000 339062 0 5.05 
9 27 3.024e+06 1.32676e+06 0 6.96 
9 46 2.016e+06 913993 0 3.51 
30 13 504000 280095 0 3.76 
13 40 504000 221127 0 2.08 
15 12 504000 899251 0 6.55 
23 14 2.52e+06 1.23831e+06 0 4.76 
38 27 504000 191644 0 3.89 
38 45 504000 663382 0 2.16 
39 12 2.016e+06 1.23831e+06 0 10.68 
39 15 504000 339062 0 5.26 
39 29 2.52e+06 1.23831e+06 0 10.1 
45 27 2.016e+06 855026 0 4.47 
54 23 2.52e+06 1.35625e+06 0 10.49 
54 27 3.024e+06 1.94592e+06 0 9.33 
58 34 2.52e+06 2.00489e+06 0 4.06 
58 59 1.008e+06 855025 0 4.32 
62 29 504000 398029 0 5.84 
62 58 5.04e+06 2.65353e+06 0 5.81 
64 12 2.52e+06 737091 0 6.95 
30 0 504000 162160 0 2.34 
29 2 504000 250611 0 7.15 
50 4 504000 147418 0 2.19 
24 4 504000 147418 0 2.35 
34 7 2.52e+06 884509 0 4.64 
44 7 2.52e+06 1.2678e+06 0 4.39 
29 8 504000 117935 0 2.46 
29 9 504000 353804 0 3.49 
41 9 504000 530706 0 2.16 
1 9 504000 132676 0 2.92 
22 12 504000 162160 0 3.26 
61 12 504000 339062 0 4.4 
21 13 504000 103193 0 3.2 
0 13 504000 132676 0 1.92 
58 14 2.52e+06 501222 0 4.46 
6 15 504000 162160 0 2.52 
18 16 504000 250611 0 2.55 
5 16 1.008e+06 265353 0 1.97 
63 17 504000 206385 0 2.01 
43 17 504000 132676 0 3.31 
44 18 504000 235869 0 2.73 
57 20 504000 132676 0 2.45 
8 20 504000 58967.3 0 2.91 
40 21 504000 117935 0 2.27 
50 23 504000 398029 0 3 
47 23 504000 73709.1 0 2.01 
25 23 504000 486480 0 2.66 
60 24 504000 117935 0 1.63 
14 25 504000 147418 0 3.11 
48 26 504000 191644 0 2.22 
16 26 504000 324320 0 4.21 
31 27 504000 73709.1 0 2.47 
29 27 1.1088e+07 1.03193e+06 0 4.72 
28 27 504000 103193 0 3.66 
30 27 504000 44225.5 0 4.63 
29 28 504000 88450.9 0 1.39 
31 30 504000 58967.3 0 2.6 
8 32 504000 162160 0 3.52 
9 32 504000 280095 0 4.45 
37 32 504000 206385 0 4.58 
29 32 504000 265353 0 3.59 
54 33 504000 427513 0 2.07 
63 33 504000 368546 0 4.97 
11 34 504000 456996 0 3.11 
10 34 504000 206385 0 1.92 
49 35 504000 88450.9 0 1.82 
53 36 504000 162160 0 1.51 
45 36 504000 176902 0 1.17 
24 37 504000 250611 0 1.91 
19 37 504000 147418 0 2.73 
30 38 504000 162160 0 3.15 
1 38 504000 235869 0 6.11 
6 39 504000 176902 0 3.77 
49 39 504000 88450.9 0 3.2 
22 40 504000 294836 0 2.16 
44 41 504000 368546 0 8.21 
0 42 504000 191644 0 2.01 
12 42 504000 250611 0 5.56 
55 43 504000 221127 0 3.16 
34 44 504000 530706 0 8.23 
41 46 1.008e+06 766574 0 3.63 
44 46 3.024e+06 1.59212e+06 0 5.82 
60 47 504000 117935 0 1.61 
3 48 504000 147418 0 1.83 
25 48 504000 162160 0 2.23 
2 51 504000 73709.1 0 2.18 
29 51 504000 221127 0 8.36 
27 52 504000 235869 0 5.75 
21 52 504000 117935 0 1.78 
35 52 504000 132676 0 1.99 
1 53 504000 103193 0 2.24 
51 54 504000 339062 0 3.29 
55 54 504000 250611 0 1.46 
50 54 504000 280095 0 7.66 
29 57 1.008e+06 265353 0 7.3 
19 57 504000 73709.1 0 1.91 
44 58 504000 515964 0 10.03 
3 58 504000 103193 0 2.43 
56 58 504000 250611 0 3.53 
56 59 504000 176902 0 3.32 
11 59 504000 132676 0 2.21 
15 61 504000 560189 0 3.43 
24 62 504000 280095 0 5.42 
26 62 504000 235869 0 2.59 
32 62 504000 147418 0 2.62 
5 62 1.008e+06 442254 0 2.07 
45 64 2.52e+06 1.17935e+06 0 7.55 
42 64 504000 117935 0 2.03 
27 2 504000 339062 0 5.05 
27 9 3.024e+06 1.32676e+06 0 6.96 
46 9 2.016e+06 913993 0 3.51 
13 30 504000 280095 0 3.76 
40 13 504000 221127 0 2.08 
12 15 504000 899251 0 6.55 
14 23 2.52e+06 1.23831e+06 0 4.76 
27 38 504000 191644 0 3.89 
45 38 504000 663382 0 2.16 
12 39 2.016e+06 1.23831e+06 0 10.68 
15 39 504000 339062 0 5.26 
29 39 2.52e+06 1.23831e+06 0 10.1 
27 45 2.016e+06 855026 0 4.47 
23 54 2.52e+06 1.35625e+06 0 10.49 
27 54 3.024e+06 1.94592e+06 0 9.33 
34 58 2.52e+06 2.00489e+06 0 4.06 
59 58 1.008e+06 855025 0 4.32 
29 62 504000 398029 0 5.84 
58 62 5.04e+06 2.65353e+06 0 5.81 
12 64 2.52e+06 737091 0 6.95 
28 42 4000 3.03 
37 29 3200 8.25 
24 6 57264 3.49 
36 28 3227 2.62 
57 35 30084 2.39 
31 3 20250 2.37 
11 31 1574 0.97 
46 21 6534 1.1 
20 34 111094 1.94 
3 16 4720 4.93 
19 4 20214 3.17 
39 6 20054 4.7 
19 12 34004 0.82 
3 62 6400 3.09 
36 17 4000 2.05 
17 2 11520 5.4 
41 30 320 2.47 
16 2 7840 2.7 
59 24 115156 2.7 
49 24 100915 2.06 
41 44 15304 4.13 
44 50 5200 1.41 
26 38 640 1.5 
37 32 53520 5.94 
44 42 34004 1.1 
61 53 6800 1.27 
54 56 13585 1.95 
34 38 6320 0.56 
30 12 231622 5 
56 51 560 1.03 
43 57 93558 3.14 
61 17 328415 0.95 
40 8 19451 2.62 
3 15 13585 3.56 
15 8 19451 1.94 
51 31 83369 3.2 
56 26 5200 5.26 
45 23 5360 0.88 
8 11 20240 2.83 
57 28 29200 4.85 
36 27 462790 3.83 
16 46 31290 4.18 
41 0 57342 1.81 
5 42 143150 0.97 
20 23 13505 2.53 
0 27 10080 7.27 
61 20 33361 1.52 
11 21 109165 0.97 
28 35 43761 1.97 
21 61 9334 4.82 
18 52 108454 1.96 
47 62 11654 4.64 
52 62 5867 2.39 
56 48 9029 6.48 
37 36 19290 1.63 
63 32 16241 1.63 
52 1 4400 2.46 
27 48 109654 2.22 
42 15 2160 3.79 
47 30 28551 1.59 
21 47 13585 0.62 
9 6 25493 3.7 
52 8 17530 1.26 
49 54 4080 1.19 
7 20 115156 2.36 
50 63 16782 2.16 
35 12 30195 4.69 
49 32 9307 3.77 
63 60 3520 2.61 
19 42 34004 1.84 
14 46 100915 2.09 
56 44 143150 5.01 
53 59 22861 1.24 
29 52 400 1.32 
28 61 20907 1.37 
61 3 80279 1.85 
48 54 105077 2.25 
39 43 8400 1.19 
45 38 100915 2.84 
51 50 400 1.9 
24 63 880 2.61 
4 37 36354 2.98 
2 57 206431 4.01 
42 6 105077 3.24 
49 60 45874 2.06 
59 14 57342 5.28 
11 25 49787 7.68 
5 56 1120 4.11 
27 32 9281 5.96 
45 30 15680 2.05 
24 26 3840 3 
43 11 32640 2.54 
16 38 320 1.15 
9 12 4320 0.86 
61 51 9307 1.57 
24 28 206431 5.18 
36 4 8160 1.54 
52 0 38587 8.6 
63 39 4145 4.26 
54 38 6347 4 
32 24 109654 4.08 
23 3 6240 5.46 
56 63 3227 1.49 
46 62 74760 3.85 
56 24 19370 2.63 
20 36 31290 1.78 
48 56 2480 6.48 
22 50 11360 1.22 
28 56 4305 2.3 
51 35 10080 3.07 
35 54 87764 1.4 
41 52 15964 2.14 
64 15 3440 4.05 
45 9 3227 2.39 
45 11 83369 1.27 
1 30 240 2.74 
28 46 4145 4.15 
15 50 25920 1.12 
38 22 15292 2.45 
12 41 720 0.86 
30 54 8305 2.99 
38 26 68098 1.5 
19 1 100915 3.35 
3 27 1520 2.94 
13 21 38587 8.53 
30 37 33361 1.52 
19 15 4320 1.86 
11 47 64587 4.03 
20 31 24170 2.57 
18 41 25920 4.98 
5 54 24650 1.45 
38 46 11200 2.05 
7 35 2880 1.49 
5 30 189681 1.98 
21 12 5760 3.63 
56 19 57264 2.99 
19 48 20214 3.65 
48 36 5643 2.4 
34 2 3920 2.46 
12 23 9600 0.47 
29 64 16694 2.83 
17 7 6560 1.39 
47 28 11200 4.1 
16 49 1600 2.29 
13 24 5840 0.81 
16 24 160 2.47 
45 52 49787 1.64 
34 47 19770 3.6 
8 41 92374 4.35 
34 5 104374 5.17 
41 5 24281 3.58 
27 22 34406 4.68 
32 11 34667 1.27 
13 62 6800 1.84 
49 34 64587 1.84 
0 6 68098 2.08 
41 18 880 4.98 
38 44 3840 2.34 
6 1 21051 0.94 
22 56 6800 0.94 
43 36 6400 1.85 
