24 68 65 
0 1 20000 2.5 0 50.43 
0 19 20000 2.5 0 75.62 
1 18 20000 2.5 0 20.08 
2 19 10000 5 0 16.49 
2 12 20000 2.5 0 15.22 
3 15 5000 10 0 26.21 
3 22 20000 2.5 0 18.97 
3 23 20000 2.5 0 51.35 
4 18 5000 10 0 35.44 
4 7 10000 5 0 27.41 
4 23 5000 10 0 77.94 
5 8 20000 2.5 0 189.89 
5 9 50000 1 0 534.79 
5 18 5000 10 0 194.87 
6 16 5000 10 0 61.27 
6 17 5000 10 0 10.01 
7 18 10000 5 0 12.31 
8 17 5000 10 0 31.3 
8 9 10000 5 0 725.05 
10 21 5000 10 0 285.93 
11 12 10000 5 0 16.39 
11 20 10000 5 0 16.59 
13 20 5000 10 0 32.36 
14 20 50000 1 0 75.33 
14 22 50000 1 0 49.28 
15 19 10000 5 0 23.48 
16 19 5000 10 0 146.46 
17 18 10000 5 0 27.94 
17 19 5000 10 0 154.85 
19 21 5000 10 0 64.1 
19 23 10000 5 0 67.89 
20 22 10000 5 0 45.98 
20 21 20000 2.5 0 19.21 
22 23 5000 10 0 64.73 
1 0 20000 2.5 0 50.43 
19 0 20000 2.5 0 75.62 
18 1 20000 2.5 0 20.08 
19 2 10000 5 0 16.49 
12 2 20000 2.5 0 15.22 
15 3 5000 10 0 26.21 
22 3 20000 2.5 0 18.97 
23 3 20000 2.5 0 51.35 
18 4 5000 10 0 35.44 
7 4 10000 5 0 27.41 
23 4 5000 10 0 77.94 
8 5 20000 2.5 0 189.89 
9 5 50000 1 0 534.79 
18 5 5000 10 0 194.87 
16 6 5000 10 0 61.27 
17 6 5000 10 0 10.01 
18 7 10000 5 0 12.31 
17 8 5000 10 0 31.3 
9 8 10000 5 0 725.05 
21 10 5000 10 0 285.93 
12 11 10000 5 0 16.39 
20 11 10000 5 0 16.59 
20 13 5000 10 0 32.36 
20 14 50000 1 0 75.33 
22 14 50000 1 0 49.28 
19 15 10000 5 0 23.48 
19 16 5000 10 0 146.46 
18 17 10000 5 0 27.94 
19 17 5000 10 0 154.85 
21 19 5000 10 0 64.1 
23 19 10000 5 0 67.89 
22 20 10000 5 0 45.98 
21 20 20000 2.5 0 19.21 
23 22 5000 10 0 64.73 
12 4 500 125.77 
21 22 50 262.3 
7 1 500 126.13 
23 17 100 114.31 
12 6 500 79.94 
0 17 50 94.23 
4 12 50 125.77 
2 15 500 195.9 
1 3 50 129.31 
2 8 50 85.1 
2 9 50 77.49 
3 7 1000 80.54 
20 3 50 225.95 
2 12 1000 205 
4 18 1000 133.91 
8 6 50 220.6 
0 12 500 88.86 
18 2 1000 84.22 
17 20 50 66.63 
6 0 1000 88.5 
16 8 100 232.79 
22 3 500 214.52 
23 7 50 95.06 
16 4 500 131.72 
17 15 1000 83.38 
21 2 500 195.18 
5 15 50 107.59 
19 16 50 318.04 
8 18 1000 123.52 
15 17 100 83.38 
23 21 1000 220.16 
12 7 100 73.34 
12 2 500 205 
4 17 50 126.23 
16 7 1000 99.52 
20 18 500 69.31 
19 20 1000 205 
9 20 100 40.74 
6 19 50 318.04 
11 23 50 220.16 
2 23 500 230.74 
17 9 500 117.38 
21 12 50 195.9 
1 17 1000 79.95 
8 9 100 123.25 
4 22 100 62.89 
16 14 500 74.08 
23 2 50 230.74 
2 17 100 85.1 
3 8 50 107.65 
2 0 1000 106.61 
6 2 100 83.38 
9 18 500 90.17 
2 4 50 109.96 
14 12 50 247.33 
0 2 50 106.61 
18 5 50 123.52 
11 2 500 205 
9 0 50 86.61 
5 3 100 96.95 
23 11 1000 220.16 
3 6 50 107.65 
1 12 100 79.94 
12 0 100 88.86 
9 21 50 52.56 
