24 68 130 
0 1 20000 2.5 0 50.43 
0 19 20000 2.5 0 75.62 
1 18 20000 2.5 0 20.08 
2 19 10000 5 0 16.49 
2 12 20000 2.5 0 15.22 
3 15 5000 10 0 26.21 
3 22 20000 2.5 0 18.97 
3 23 20000 2.5 0 51.35 
4 18 5000 10 0 35.44 
4 7 10000 5 0 27.41 
4 23 5000 10 0 77.94 
5 8 20000 2.5 0 189.89 
5 9 50000 1 0 534.79 
5 18 5000 10 0 194.87 
6 16 5000 10 0 61.27 
6 17 5000 10 0 10.01 
7 18 10000 5 0 12.31 
8 17 5000 10 0 31.3 
8 9 10000 5 0 725.05 
10 21 5000 10 0 285.93 
11 12 10000 5 0 16.39 
11 20 10000 5 0 16.59 
13 20 5000 10 0 32.36 
14 20 50000 1 0 75.33 
14 22 50000 1 0 49.28 
15 19 10000 5 0 23.48 
16 19 5000 10 0 146.46 
17 18 10000 5 0 27.94 
17 19 5000 10 0 154.85 
19 21 5000 10 0 64.1 
19 23 10000 5 0 67.89 
20 22 10000 5 0 45.98 
20 21 20000 2.5 0 19.21 
22 23 5000 10 0 64.73 
1 0 20000 2.5 0 50.43 
19 0 20000 2.5 0 75.62 
18 1 20000 2.5 0 20.08 
19 2 10000 5 0 16.49 
12 2 20000 2.5 0 15.22 
15 3 5000 10 0 26.21 
22 3 20000 2.5 0 18.97 
23 3 20000 2.5 0 51.35 
18 4 5000 10 0 35.44 
7 4 10000 5 0 27.41 
23 4 5000 10 0 77.94 
8 5 20000 2.5 0 189.89 
9 5 50000 1 0 534.79 
18 5 5000 10 0 194.87 
16 6 5000 10 0 61.27 
17 6 5000 10 0 10.01 
18 7 10000 5 0 12.31 
17 8 5000 10 0 31.3 
9 8 10000 5 0 725.05 
21 10 5000 10 0 285.93 
12 11 10000 5 0 16.39 
20 11 10000 5 0 16.59 
20 13 5000 10 0 32.36 
20 14 50000 1 0 75.33 
22 14 50000 1 0 49.28 
19 15 10000 5 0 23.48 
19 16 5000 10 0 146.46 
18 17 10000 5 0 27.94 
19 17 5000 10 0 154.85 
21 19 5000 10 0 64.1 
23 19 10000 5 0 67.89 
22 20 10000 5 0 45.98 
21 20 20000 2.5 0 19.21 
23 22 5000 10 0 64.73 
12 4 500 166.62 
21 22 50 593.12 
7 1 500 175.99 
23 17 100 210.66 
12 6 500 105.99 
0 17 50 131.67 
4 12 50 166.62 
2 15 500 233.87 
1 3 50 175.74 
2 8 50 115.02 
2 9 50 91.36 
3 7 1000 109.95 
20 3 50 276.83 
2 12 1000 571.79 
4 18 1000 413.31 
8 6 50 320.38 
0 12 500 116.93 
18 2 1000 134.51 
17 20 50 122.44 
6 0 1000 126.08 
16 8 100 341.33 
22 3 500 309.79 
23 7 50 126.13 
16 4 500 210.35 
17 15 1000 124.12 
21 2 500 228.28 
5 15 50 128.67 
19 16 50 416.61 
8 18 1000 149.13 
15 17 100 124.12 
23 21 1000 361.68 
12 7 100 104.9 
12 2 500 571.79 
4 17 50 202.15 
16 7 1000 141.61 
20 18 500 118.05 
19 20 1000 571.79 
9 20 100 54.53 
6 19 50 416.61 
11 23 50 361.68 
2 23 500 372.26 
17 9 500 146.15 
21 12 50 243.7 
1 17 1000 136.33 
8 9 100 147.46 
4 22 100 98.32 
16 14 500 101.37 
23 2 50 372.26 
2 17 100 115.02 
3 8 50 151.92 
2 0 1000 140.78 
6 2 100 115.02 
9 18 500 111.05 
2 4 50 166.62 
14 12 50 277.03 
0 2 50 140.78 
18 5 50 149.13 
11 2 500 571.79 
9 0 50 129.93 
5 3 100 119.5 
23 11 1000 361.68 
3 6 50 147.67 
1 12 100 133.02 
12 0 100 116.93 
9 21 50 60.13 
21 19 100 571.79 
3 1 50 175.74 
14 20 1000 587.53 
19 14 1000 554.24 
2 6 50 115.02 
15 21 50 245.11 
12 14 500 277.03 
19 12 500 571.79 
3 0 50 180.44 
2 11 100 571.79 
20 2 50 571.79 
3 14 1000 252.49 
2 1 50 139.26 
11 3 50 250.26 
22 9 100 74.12 
7 5 50 108.53 
22 14 50 587.53 
23 8 50 171.61 
14 23 500 234.82 
5 17 1000 149.13 
22 15 500 291.17 
2 7 50 125.24 
11 20 1000 571.79 
23 6 500 186.43 
12 8 50 105.99 
19 11 100 571.79 
12 22 1000 541.69 
14 3 1000 252.49 
3 18 100 136.67 
14 17 100 72.98 
2 22 50 511.25 
20 11 50 571.79 
3 20 1000 276.83 
15 20 50 239.71 
20 22 1000 587.53 
7 9 500 85.49 
2 20 500 571.79 
20 19 100 571.79 
5 18 500 149.13 
22 2 50 511.25 
12 11 50 571.79 
14 22 500 587.53 
20 12 100 571.79 
11 12 100 571.79 
14 2 100 265.45 
18 7 500 413.31 
14 19 100 554.24 
3 12 1000 241.84 
0 16 100 145.17 
19 2 100 571.79 
9 8 100 147.46 
3 23 50 282.23 
23 3 100 282.23 
20 14 100 587.53 
14 11 50 267.16 
9 17 100 146.15 
22 12 50 541.69 
4 7 100 413.31 
17 5 500 149.13 
20 23 50 573.8 
3 11 100 250.26 
22 11 100 568.88 
14 16 100 101.37 
7 18 50 413.31 
3 2 50 264.91 
