24 68 130 
0 1 20000 2.5 1 50.43 
0 19 20000 2.5 1 75.62 
1 18 20000 2.5 1 20.08 
2 19 10000 5 1 16.49 
2 12 20000 2.5 1 15.22 
3 15 5000 10 1 26.21 
3 22 20000 2.5 1 18.97 
3 23 20000 2.5 1 51.35 
4 18 5000 10 1 35.44 
4 7 10000 5 1 27.41 
4 23 5000 10 1 77.94 
5 8 20000 2.5 1 189.89 
5 9 50000 1 1 534.79 
5 18 5000 10 1 194.87 
6 16 5000 10 1 61.27 
6 17 5000 10 1 10.01 
7 18 10000 5 1 12.31 
8 17 5000 10 1 31.3 
8 9 10000 5 1 725.05 
10 21 5000 10 1 285.93 
11 12 10000 5 1 16.39 
11 20 10000 5 1 16.59 
13 20 5000 10 1 32.36 
14 20 50000 1 1 75.33 
14 22 50000 1 1 49.28 
15 19 10000 5 1 23.48 
16 19 5000 10 1 146.46 
17 18 10000 5 1 27.94 
17 19 5000 10 1 154.85 
19 21 5000 10 1 64.1 
19 23 10000 5 1 67.89 
20 22 10000 5 1 45.98 
20 21 20000 2.5 1 19.21 
22 23 5000 10 1 64.73 
1 0 20000 2.5 1 50.43 
19 0 20000 2.5 1 75.62 
18 1 20000 2.5 1 20.08 
19 2 10000 5 1 16.49 
12 2 20000 2.5 1 15.22 
15 3 5000 10 1 26.21 
22 3 20000 2.5 1 18.97 
23 3 20000 2.5 1 51.35 
18 4 5000 10 1 35.44 
7 4 10000 5 1 27.41 
23 4 5000 10 1 77.94 
8 5 20000 2.5 1 189.89 
9 5 50000 1 1 534.79 
18 5 5000 10 1 194.87 
16 6 5000 10 1 61.27 
17 6 5000 10 1 10.01 
18 7 10000 5 1 12.31 
17 8 5000 10 1 31.3 
9 8 10000 5 1 725.05 
21 10 5000 10 1 285.93 
12 11 10000 5 1 16.39 
20 11 10000 5 1 16.59 
20 13 5000 10 1 32.36 
20 14 50000 1 1 75.33 
22 14 50000 1 1 49.28 
19 15 10000 5 1 23.48 
19 16 5000 10 1 146.46 
18 17 10000 5 1 27.94 
19 17 5000 10 1 154.85 
21 19 5000 10 1 64.1 
23 19 10000 5 1 67.89 
22 20 10000 5 1 45.98 
21 20 20000 2.5 1 19.21 
23 22 5000 10 1 64.73 
12 4 500 54.99 
21 22 50 188.14 
7 1 500 58.47 
23 17 100 74.36 
12 6 500 40.49 
0 17 50 47.44 
4 12 50 54.99 
2 15 500 110.83 
1 3 50 95.44 
2 8 50 53.77 
2 9 50 37.1 
3 7 1000 47.06 
20 3 50 181.59 
2 12 1000 162.75 
4 18 1000 78.63 
8 6 50 120.64 
0 12 500 49.19 
18 2 1000 55.88 
17 20 50 51.77 
6 0 1000 47.44 
16 8 100 93.41 
22 3 500 149.65 
23 7 50 56.97 
16 4 500 65.5 
17 15 1000 49.77 
21 2 500 117.27 
5 15 50 74.41 
19 16 50 84.22 
8 18 1000 62.89 
15 17 100 49.77 
23 21 1000 133.55 
12 7 100 42.01 
12 2 500 162.75 
4 17 50 66.22 
16 7 1000 50.54 
20 18 500 41.24 
19 20 1000 162.75 
9 20 100 30.87 
6 19 50 84.22 
11 23 50 137.03 
2 23 500 84.39 
17 9 500 54.49 
21 12 50 144.15 
1 17 1000 57.7 
8 9 100 63.24 
4 22 100 37.73 
16 14 500 64.48 
23 2 50 84.39 
2 17 100 53.77 
3 8 50 69.04 
2 0 1000 73.04 
6 2 100 49.52 
9 18 500 48.16 
2 4 50 43.73 
14 12 50 168.34 
0 2 50 73.04 
18 5 50 62.89 
11 2 500 162.75 
9 0 50 49.98 
5 3 100 61.91 
23 11 1000 137.03 
3 6 50 64.76 
1 12 100 61.79 
12 0 100 49.19 
9 21 50 30.33 
21 19 100 162.75 
3 1 50 95.44 
14 20 1000 180.79 
19 14 1000 166.12 
2 6 50 49.52 
15 21 50 176.1 
12 14 500 168.34 
19 12 500 162.75 
3 0 50 97.53 
2 11 100 162.75 
20 2 50 162.75 
3 14 1000 195.9 
2 1 50 60.63 
11 3 50 150.71 
22 9 100 31.09 
7 5 50 45.29 
22 14 50 180.79 
23 8 50 74.36 
14 23 500 157.35 
5 17 1000 62.89 
22 15 500 119.51 
2 7 50 57.19 
11 20 1000 162.75 
23 6 500 66.22 
12 8 50 44.74 
19 11 100 162.75 
12 22 1000 153.57 
14 3 1000 195.9 
3 18 100 58.04 
14 17 100 21.95 
2 22 50 123.13 
20 11 50 162.75 
3 20 1000 181.59 
15 20 50 163.55 
20 22 1000 180.79 
7 9 500 35.41 
2 20 500 162.75 
20 19 100 162.75 
5 18 500 62.89 
22 2 50 123.13 
12 11 50 162.75 
14 22 500 180.79 
20 12 100 162.75 
11 12 100 162.75 
14 2 100 150.43 
18 7 500 78.63 
14 19 100 166.12 
3 12 1000 120.6 
0 16 100 70.97 
19 2 100 162.75 
9 8 100 63.24 
3 23 50 108.33 
23 3 100 108.33 
20 14 100 180.79 
14 11 50 168.34 
9 17 100 54.49 
22 12 50 153.57 
4 7 100 78.63 
17 5 500 62.89 
20 23 50 180.35 
3 11 100 150.71 
22 11 100 180.76 
14 16 100 64.48 
7 18 50 78.63 
3 2 50 113.23 
