54 161 140 
0 22 2016 427513 0 22.88 
2 20 2016 147418 0 21.43 
2 44 2016 147418 0 21.86 
5 31 2016 442255 0 21.03 
5 39 2016 633898 0 19.77 
6 25 2016 117935 0 19.7 
7 22 2016 353804 0 27.92 
7 37 2016 530706 0 21.61 
7 41 2016 913993 0 21.29 
9 18 2016 162160 0 18.35 
10 26 2016 324320 0 18.2 
10 36 2016 221127 0 18.23 
11 49 2016 250611 0 22.24 
12 4 2016 162160 0 18.39 
12 9 2016 633898 0 19.07 
13 3 2016 132676 0 20.03 
13 15 2016 250611 0 18.99 
14 38 2016 132676 0 18.44 
14 52 2016 206385 0 18.06 
15 39 2016 235869 0 19.14 
17 6 2016 58967.3 0 18.46 
17 48 2016 132676 0 18.6 
19 11 2016 678124 0 27.06 
19 42 2016 73709.1 0 18.96 
20 50 2016 117935 0 18.86 
21 43 2016 191644 0 18.37 
22 24 2016 103193 0 27.62 
22 25 2016 103193 0 29.92 
22 26 2016 44225.5 0 25.22 
22 27 2016 73709.1 0 21.64 
23 22 2016 29483.6 0 25.34 
23 24 2016 88450.9 0 19.89 
24 25 2016 88450.9 0 20.74 
26 25 2016 117935 0 25.63 
26 27 2016 58967.3 0 20.31 
28 24 2016 58967.3 0 21.9 
28 25 2016 44225.5 0 19.83 
29 25 2016 265353 0 25.14 
30 46 2016 427513 0 18.8 
30 52 2016 368546 0 18.26 
31 8 2016 206385 0 18.71 
32 40 2016 176902 0 18.48 
33 16 2016 147418 0 18.24 
34 22 2016 221127 0 24.8 
34 40 2016 515964 0 21.17 
35 4 2016 176902 0 18.35 
35 9 2016 1.29728e+06 0 19.25 
35 12 2016 324320 0 18.87 
35 25 2016 560189 0 22.66 
36 18 2016 294836 0 18.2 
38 47 2016 221127 0 18.29 
40 22 2016 855026 0 29.04 
41 37 2016 383287 0 18.98 
41 39 2016 530706 0 20.25 
42 50 2016 117935 0 18.63 
43 1 2016 147418 0 18.44 
45 0 2016 73709.1 0 19.75 
45 25 2016 221127 0 20.7 
46 19 2016 663382 0 35.98 
46 22 2016 692866 0 31.71 
46 44 2016 280095 0 27.07 
46 47 2016 250611 0 20.7 
48 16 2016 73709.1 0 18.22 
48 25 2016 132676 0 22.48 
49 1 2016 103193 0 18.17 
49 31 2016 486480 0 21.45 
51 3 2016 221127 0 24.76 
51 20 2016 280095 0 20.28 
51 20 2016 280095 0 20.28 
51 21 2016 235869 0 25.21 
51 25 2016 398029 0 29.52 
51 29 2016 147418 0 21.42 
51 49 2016 574931 0 21.8 
53 9 2016 427513 0 20.3 
53 40 2016 589673 0 18.52 
26 53 2016 324320 0 20.87 
32 7 2016 383287 0 18.71 
37 39 2016 368546 0 21.19 
39 31 2016 530706 0 23.73 
21 13 2016 324320 0 18.92 
33 20 2016 250611 0 18.46 
22 0 2016 427513 0 22.88 
20 2 2016 147418 0 21.43 
44 2 2016 147418 0 21.86 
31 5 2016 442255 0 21.03 
39 5 2016 633898 0 19.77 
25 6 2016 117935 0 19.7 
22 7 2016 353804 0 27.92 
37 7 2016 530706 0 21.61 
41 7 2016 913993 0 21.29 
18 9 2016 162160 0 18.35 
26 10 2016 324320 0 18.2 
36 10 2016 221127 0 18.23 
49 11 2016 250611 0 22.24 
4 12 2016 162160 0 18.39 
9 12 2016 633898 0 19.07 
3 13 2016 132676 0 20.03 
15 13 2016 250611 0 18.99 
38 14 2016 132676 0 18.44 
52 14 2016 206385 0 18.06 
39 15 2016 235869 0 19.14 
6 17 2016 58967.3 0 18.46 
48 17 2016 132676 0 18.6 
11 19 2016 678124 0 27.06 
42 19 2016 73709.1 0 18.96 
50 20 2016 117935 0 18.86 
43 21 2016 191644 0 18.37 
24 22 2016 103193 0 27.62 
25 22 2016 103193 0 29.92 
26 22 2016 44225.5 0 25.22 
27 22 2016 73709.1 0 21.64 
22 23 2016 29483.6 0 25.34 
24 23 2016 88450.9 0 19.89 
25 24 2016 88450.9 0 20.74 
25 26 2016 117935 0 25.63 
27 26 2016 58967.3 0 20.31 
24 28 2016 58967.3 0 21.9 
25 28 2016 44225.5 0 19.83 
25 29 2016 265353 0 25.14 
46 30 2016 427513 0 18.8 
52 30 2016 368546 0 18.26 
8 31 2016 206385 0 18.71 
40 32 2016 176902 0 18.48 
16 33 2016 147418 0 18.24 
22 34 2016 221127 0 24.8 
40 34 2016 515964 0 21.17 
4 35 2016 176902 0 18.35 
9 35 2016 1.29728e+06 0 19.25 
12 35 2016 324320 0 18.87 
25 35 2016 560189 0 22.66 
18 36 2016 294836 0 18.2 
47 38 2016 221127 0 18.29 
22 40 2016 855026 0 29.04 
37 41 2016 383287 0 18.98 
39 41 2016 530706 0 20.25 
50 42 2016 117935 0 18.63 
1 43 2016 147418 0 18.44 
0 45 2016 73709.1 0 19.75 
25 45 2016 221127 0 20.7 
19 46 2016 663382 0 35.98 
22 46 2016 692866 0 31.71 
44 46 2016 280095 0 27.07 
47 46 2016 250611 0 20.7 
16 48 2016 73709.1 0 18.22 
25 48 2016 132676 0 22.48 
1 49 2016 103193 0 18.17 
31 49 2016 486480 0 21.45 
3 51 2016 221127 0 24.76 
20 51 2016 280095 0 20.28 
21 51 2016 235869 0 25.21 
25 51 2016 398029 0 29.52 
29 51 2016 147418 0 21.42 
49 51 2016 574931 0 21.8 
9 53 2016 427513 0 20.3 
40 53 2016 589673 0 18.52 
53 26 2016 324320 0 20.87 
7 32 2016 383287 0 18.71 
39 37 2016 368546 0 21.19 
31 39 2016 530706 0 23.73 
13 21 2016 324320 0 18.92 
20 33 2016 250611 0 18.46 
17 44 25 18.5 
47 5 13 21.96 
26 2 36 17.61 
2 13 16 13.68 
29 30 47 23.5 
43 47 54 16.43 
28 5 7 6.86 
18 6 62 18.27 
32 27 83 30.12 
27 39 24 14.42 
0 11 110 17.22 
21 19 46 21.73 
15 52 38 14.75 
13 40 66 15.05 
44 31 17 18.04 
31 49 9 9.78 
30 49 20 18.04 
1 14 22 12.66 
37 52 31 21.52 
38 27 34 29.81 
45 21 28 28.53 
12 50 16 32.7 
6 42 36 37.35 
25 34 39 20.99 
22 35 70 20.36 
41 21 20 19.92 
2 6 76 34.53 
2 18 80 16.56 
34 2 31 11.01 
43 48 28 56.75 
40 51 58 5.46 
29 48 36 15.94 
45 4 17 9.2 
6 29 110 17.07 
15 26 34 16.16 
27 34 27 34.18 
38 48 92 26.81 
1 29 57 31.64 
39 19 78 35.77 
45 36 51 18.44 
45 50 78 19.22 
20 39 5 8.81 
45 39 28 16.16 
48 44 14 32.67 
41 13 72 19.94 
36 11 91 15.83 
18 23 70 11.67 
12 18 78 28.37 
4 13 36 26.1 
43 0 24 15.71 
44 34 19 17.04 
37 13 38 20.76 
28 1 95 31.11 
18 48 39 22.4 
4 40 62 16.42 
38 19 7 14.55 
4 15 11 5.96 
11 6 39 21.4 
6 10 17 20.52 
32 49 58 10.06 
1 9 52 26.23 
38 25 62 22.88 
32 26 26 23.38 
18 33 10 21.59 
17 12 484 24.27 
19 51 62 17.61 
45 3 57 15.11 
31 40 23 10.98 
53 7 68 17.37 
44 13 6 6.81 
23 34 57 20.99 
9 44 484 15.7 
18 14 110 12.29 
10 25 82 20.71 
27 3 120 15.34 
33 31 23 29.56 
43 11 46 33.92 
44 11 25 17.04 
1 18 69 19.52 
4 19 62 10.81 
47 4 484 15.7 
48 53 5 16.93 
38 16 63 23.71 
1 16 36 44.27 
31 6 110 12.03 
30 45 82 27.87 
46 36 11 19.59 
30 34 48 25.66 
48 1 27 45.09 
17 14 14 15.3 
28 0 76 47.26 
17 28 13 27.17 
33 35 36 17.76 
7 10 47 26.12 
50 3 52 25.63 
19 33 10 17.61 
24 31 455 16.35 
33 10 92 11.21 
40 15 22 31.08 
33 32 18 10.21 
13 44 41 6.81 
19 7 9 26.56 
43 9 39 18.26 
38 6 70 20.24 
1 6 108 37.48 
24 12 13 17.58 
21 48 58 47.28 
46 20 18 20.99 
37 0 65 18.66 
4 14 5 4.29 
1 27 110 7.09 
38 1 66 15.93 
31 30 95 19.01 
35 31 91 9.07 
33 14 14 11.81 
26 21 63 13.92 
18 41 78 11.93 
20 0 11 19.22 
30 13 55 15.61 
38 45 66 25.37 
39 26 70 13.06 
45 46 70 32.64 
13 9 37 18.01 
14 45 41 28.79 
10 50 11 13.68 
51 2 17 31.53 
32 3 120 16.37 
50 26 11 15.65 
51 49 48 18.44 
53 16 76 16.73 
31 42 14 16.36 
30 31 9 19.01 
47 45 3 26.43 
4 11 15 17.04 
4 1 92 22.43 
15 42 147 36.24 
7 49 25 20.66 
32 19 1 17.69 
28 25 23 42.19 
43 33 108 34.28 
