54 161 420 
0 22 2016 427513 0 22.88 
2 20 2016 147418 0 21.43 
2 44 2016 147418 0 21.86 
5 31 2016 442255 0 21.03 
5 39 2016 633898 0 19.77 
6 25 2016 117935 0 19.7 
7 22 2016 353804 0 27.92 
7 37 2016 530706 0 21.61 
7 41 2016 913993 0 21.29 
9 18 2016 162160 0 18.35 
10 26 2016 324320 0 18.2 
10 36 2016 221127 0 18.23 
11 49 2016 250611 0 22.24 
12 4 2016 162160 0 18.39 
12 9 2016 633898 0 19.07 
13 3 2016 132676 0 20.03 
13 15 2016 250611 0 18.99 
14 38 2016 132676 0 18.44 
14 52 2016 206385 0 18.06 
15 39 2016 235869 0 19.14 
17 6 2016 58967.3 0 18.46 
17 48 2016 132676 0 18.6 
19 11 2016 678124 0 27.06 
19 42 2016 73709.1 0 18.96 
20 50 2016 117935 0 18.86 
21 43 2016 191644 0 18.37 
22 24 2016 103193 0 27.62 
22 25 2016 103193 0 29.92 
22 26 2016 44225.5 0 25.22 
22 27 2016 73709.1 0 21.64 
23 22 2016 29483.6 0 25.34 
23 24 2016 88450.9 0 19.89 
24 25 2016 88450.9 0 20.74 
26 25 2016 117935 0 25.63 
26 27 2016 58967.3 0 20.31 
28 24 2016 58967.3 0 21.9 
28 25 2016 44225.5 0 19.83 
29 25 2016 265353 0 25.14 
30 46 2016 427513 0 18.8 
30 52 2016 368546 0 18.26 
31 8 2016 206385 0 18.71 
32 40 2016 176902 0 18.48 
33 16 2016 147418 0 18.24 
34 22 2016 221127 0 24.8 
34 40 2016 515964 0 21.17 
35 4 2016 176902 0 18.35 
35 9 2016 1.29728e+06 0 19.25 
35 12 2016 324320 0 18.87 
35 25 2016 560189 0 22.66 
36 18 2016 294836 0 18.2 
38 47 2016 221127 0 18.29 
40 22 2016 855026 0 29.04 
41 37 2016 383287 0 18.98 
41 39 2016 530706 0 20.25 
42 50 2016 117935 0 18.63 
43 1 2016 147418 0 18.44 
45 0 2016 73709.1 0 19.75 
45 25 2016 221127 0 20.7 
46 19 2016 663382 0 35.98 
46 22 2016 692866 0 31.71 
46 44 2016 280095 0 27.07 
46 47 2016 250611 0 20.7 
48 16 2016 73709.1 0 18.22 
48 25 2016 132676 0 22.48 
49 1 2016 103193 0 18.17 
49 31 2016 486480 0 21.45 
51 3 2016 221127 0 24.76 
51 20 2016 280095 0 20.28 
51 20 2016 280095 0 20.28 
51 21 2016 235869 0 25.21 
51 25 2016 398029 0 29.52 
51 29 2016 147418 0 21.42 
51 49 2016 574931 0 21.8 
53 9 2016 427513 0 20.3 
53 40 2016 589673 0 18.52 
26 53 2016 324320 0 20.87 
32 7 2016 383287 0 18.71 
37 39 2016 368546 0 21.19 
39 31 2016 530706 0 23.73 
21 13 2016 324320 0 18.92 
33 20 2016 250611 0 18.46 
22 0 2016 427513 0 22.88 
20 2 2016 147418 0 21.43 
44 2 2016 147418 0 21.86 
31 5 2016 442255 0 21.03 
39 5 2016 633898 0 19.77 
25 6 2016 117935 0 19.7 
22 7 2016 353804 0 27.92 
37 7 2016 530706 0 21.61 
41 7 2016 913993 0 21.29 
18 9 2016 162160 0 18.35 
26 10 2016 324320 0 18.2 
36 10 2016 221127 0 18.23 
49 11 2016 250611 0 22.24 
4 12 2016 162160 0 18.39 
9 12 2016 633898 0 19.07 
3 13 2016 132676 0 20.03 
15 13 2016 250611 0 18.99 
38 14 2016 132676 0 18.44 
52 14 2016 206385 0 18.06 
39 15 2016 235869 0 19.14 
6 17 2016 58967.3 0 18.46 
48 17 2016 132676 0 18.6 
11 19 2016 678124 0 27.06 
42 19 2016 73709.1 0 18.96 
50 20 2016 117935 0 18.86 
43 21 2016 191644 0 18.37 
24 22 2016 103193 0 27.62 
25 22 2016 103193 0 29.92 
26 22 2016 44225.5 0 25.22 
27 22 2016 73709.1 0 21.64 
22 23 2016 29483.6 0 25.34 
24 23 2016 88450.9 0 19.89 
25 24 2016 88450.9 0 20.74 
25 26 2016 117935 0 25.63 
27 26 2016 58967.3 0 20.31 
24 28 2016 58967.3 0 21.9 
25 28 2016 44225.5 0 19.83 
25 29 2016 265353 0 25.14 
46 30 2016 427513 0 18.8 
52 30 2016 368546 0 18.26 
8 31 2016 206385 0 18.71 
40 32 2016 176902 0 18.48 
16 33 2016 147418 0 18.24 
22 34 2016 221127 0 24.8 
40 34 2016 515964 0 21.17 
4 35 2016 176902 0 18.35 
9 35 2016 1.29728e+06 0 19.25 
12 35 2016 324320 0 18.87 
25 35 2016 560189 0 22.66 
18 36 2016 294836 0 18.2 
47 38 2016 221127 0 18.29 
22 40 2016 855026 0 29.04 
37 41 2016 383287 0 18.98 
39 41 2016 530706 0 20.25 
50 42 2016 117935 0 18.63 
1 43 2016 147418 0 18.44 
0 45 2016 73709.1 0 19.75 
25 45 2016 221127 0 20.7 
19 46 2016 663382 0 35.98 
22 46 2016 692866 0 31.71 
44 46 2016 280095 0 27.07 
47 46 2016 250611 0 20.7 
16 48 2016 73709.1 0 18.22 
25 48 2016 132676 0 22.48 
1 49 2016 103193 0 18.17 
31 49 2016 486480 0 21.45 
3 51 2016 221127 0 24.76 
20 51 2016 280095 0 20.28 
21 51 2016 235869 0 25.21 
25 51 2016 398029 0 29.52 
29 51 2016 147418 0 21.42 
49 51 2016 574931 0 21.8 
9 53 2016 427513 0 20.3 
40 53 2016 589673 0 18.52 
53 26 2016 324320 0 20.87 
7 32 2016 383287 0 18.71 
39 37 2016 368546 0 21.19 
31 39 2016 530706 0 23.73 
13 21 2016 324320 0 18.92 
20 33 2016 250611 0 18.46 
17 44 25 56.75 
47 5 13 36.66 
26 2 36 28.19 
2 13 16 19.3 
29 30 47 51.66 
43 47 54 29.32 
28 5 7 16.38 
18 6 62 31.92 
32 27 83 45.83 
27 39 24 24.6 
0 11 110 24.27 
21 19 46 36.83 
15 52 38 19.42 
13 40 66 27.91 
44 31 17 30.6 
31 49 9 23.93 
30 49 20 33.5 
1 14 22 17.23 
37 52 31 38.49 
38 27 34 46.03 
45 21 28 38.5 
12 50 16 39.54 
6 42 36 52.91 
25 34 39 50.54 
22 35 70 39.5 
41 21 20 34.35 
2 6 76 49.96 
2 18 80 28.43 
34 2 31 23.06 
43 48 28 70.08 
40 51 58 20.04 
29 48 36 19.67 
45 4 17 21.09 
6 29 110 22.02 
15 26 34 27.88 
27 34 27 52.06 
38 48 92 34.57 
1 29 57 41.11 
39 19 78 51.06 
45 36 51 34.7 
45 50 78 35.68 
20 39 5 22.8 
45 39 28 25.27 
48 44 14 54.35 
41 13 72 34.91 
36 11 91 21.27 
18 23 70 23.2 
12 18 78 41.28 
4 13 36 40.86 
43 0 24 26.94 
44 34 19 25.04 
37 13 38 36.17 
28 1 95 36.25 
18 48 39 34.88 
4 40 62 28.93 
38 19 7 22.67 
4 15 11 19.45 
11 6 39 40.09 
6 10 17 37.72 
32 49 58 22.44 
1 9 52 33.72 
38 25 62 41.57 
32 26 26 44.57 
18 33 10 38.52 
17 12 484 29.51 
19 51 62 38.6 
45 3 57 22.36 
31 40 23 21.27 
53 7 68 32.04 
44 13 6 19.55 
23 34 57 37.66 
9 44 484 30.67 
18 14 110 27.01 
10 25 82 40.42 
27 3 120 24.85 
33 31 23 41.15 
43 11 46 42.37 
44 11 25 23.51 
1 18 69 32.04 
4 19 62 23.91 
47 4 484 22.48 
48 53 5 31.1 
38 16 63 32.96 
1 16 36 60.36 
31 6 110 23.71 
30 45 82 46.05 
46 36 11 29.17 
30 34 48 34.4 
48 1 27 53.62 
17 14 14 22.73 
28 0 76 65 
17 28 13 57.45 
33 35 36 22.38 
7 10 47 44.56 
50 3 52 43.61 
19 33 10 32.67 
24 31 455 21.78 
33 10 92 22.19 
40 15 22 35.63 
33 32 18 15.12 
13 44 41 19.55 
19 7 9 37.1 
43 9 39 34.3 
38 6 70 27.59 
1 6 108 47.27 
24 12 13 23.32 
21 48 58 64.32 
46 20 18 41.52 
37 0 65 34.31 
4 14 5 9.09 
1 27 110 19.69 
38 1 66 30.65 
31 30 95 31.69 
35 31 91 17.39 
33 14 14 20.99 
26 21 63 25.15 
18 41 78 23.09 
20 0 11 41.52 
30 13 55 20.93 
38 45 66 44.06 
39 26 70 25.97 
45 46 70 51.33 
13 9 37 23.65 
14 45 41 44.5 
10 50 11 23.28 
51 2 17 55.44 
32 3 120 19.77 
50 26 11 27.02 
51 49 48 34.22 
53 16 76 22.46 
31 42 14 27.67 
30 31 9 31.69 
47 45 3 45.04 
4 11 15 23.91 
4 1 92 36.23 
15 42 147 51.79 
7 49 25 37.66 
32 19 1 25.8 
28 25 23 60.2 
43 33 108 67.84 
23 27 91 46.11 
40 5 24 34.74 
47 49 36 33.5 
1 34 23 17.07 
23 38 24 48.47 
52 11 42 23.64 
35 17 30 20.78 
45 26 22 44.04 
11 35 20 27.01 
11 29 78 36.75 
21 24 38 35.96 
51 43 9 48.21 
15 5 68 22.79 
13 18 68 30.32 
15 22 34 21.73 
9 39 52 19.95 
18 3 52 34.03 
23 50 26 32.53 
24 4 80 28.12 
0 4 38 22.41 
53 10 66 44.6 
44 26 80 42.48 
29 42 69 41.37 
20 49 25 50.75 
3 48 26 43.94 
46 53 41 38.26 
45 9 47 33.75 
27 22 66 63.5 
31 24 78 21.78 
32 39 46 53.19 
10 42 62 22.47 
34 0 83 46.75 
20 35 63 22.35 
43 36 3 26.18 
42 24 1 36.74 
27 36 76 35.09 
22 50 57 42.21 
23 22 10 57.76 
41 35 31 19.3 
14 53 3 42.08 
2 1 3 30.05 
47 39 58 22.07 
19 34 484 18.5 
26 17 69 28.22 
12 42 42 22.04 
33 50 22 37.66 
12 33 116 47.91 
6 39 102 20.53 
9 34 3 25.41 
33 7 38 17.07 
13 48 27 46.57 
53 48 3 31.1 
16 30 11 40.25 
40 14 80 55.68 
46 29 70 53.38 
53 6 82 31.9 
47 20 62 37.74 
22 21 10 33.41 
41 19 54 35.09 
46 32 4 28.5 
52 22 14 18.51 
35 33 41 22.38 
15 23 1 21.88 
31 43 9 47.9 
52 50 12 34.28 
20 22 18 40.72 
52 5 42 28.81 
27 51 5 34.47 
25 2 13 60.68 
24 0 82 60.14 
30 42 57 30.1 
24 32 54 30.23 
20 41 82 23.19 
4 35 14 36.01 
22 17 55 60.88 
42 21 16 49.64 
6 34 102 37.87 
15 34 37 38.76 
22 46 92 19.61 
32 5 92 50.27 
16 53 31 22.46 
48 45 72 60.78 
34 42 19 20.03 
30 21 31 24.58 
16 47 29 39.78 
49 15 8 19.44 
36 40 39 28.22 
42 9 58 26.15 
48 50 12 36.99 
21 44 102 32.57 
0 52 47 35.14 
15 20 26 27.11 
2 22 54 40.72 
19 9 38 23.05 
5 34 51 32.05 
18 27 455 24.89 
2 47 63 37.74 
13 20 48 35.33 
3 12 65 35.09 
20 27 14 31.77 
34 24 15 33.92 
21 37 62 33.42 
12 0 108 31.47 
40 50 70 21.43 
25 39 29 21.15 
46 40 50 35.36 
32 0 25 35.26 
17 15 48 22.84 
23 37 95 32.06 
40 45 2 42.66 
13 2 23 19.3 
11 46 68 34.75 
16 27 20 30.26 
9 0 36 38.01 
45 22 62 57.66 
45 24 19 61.42 
50 5 9 27.14 
53 49 25 18.44 
23 17 102 58.9 
42 43 2 36.05 
4 37 4 16.37 
53 50 26 25.6 
17 20 5 24.99 
6 26 7 39.01 
3 43 18 62.99 
1 23 83 28.28 
27 33 11 27.45 
49 14 1 20.99 
20 38 58 34.28 
23 26 25 52.68 
49 24 39 22 
44 45 1 56.24 
37 22 91 40.88 
5 40 16 34.74 
39 45 72 25.27 
39 20 55 22.8 
13 46 58 20.93 
37 16 76 17.62 
5 46 1 37.24 
47 26 3 51.19 
51 20 25 39.68 
26 48 17 37.66 
15 46 11 29.06 
5 14 66 30.7 
27 45 6 43.33 
45 40 13 42.66 
10 52 9 38.92 
43 23 3 22.19 
41 47 47 39.48 
34 23 58 37.66 
3 23 10 35.06 
3 19 62 36.24 
28 34 3 32.46 
32 51 1 17.2 
1 7 3 25.5 
31 52 2 35.12 
1 45 3 30.8 
21 50 18 43.78 
23 10 9 39.65 
1 50 41 38.94 
41 37 20 18.44 
23 14 10 54.58 
49 32 1 22.44 
3 1 3 50.64 
37 20 50 22.55 
40 22 3 38.6 
3 44 5 24.43 
26 42 10 22.7 
28 19 52 49.89 
25 27 17 48.68 
50 52 2 34.28 
24 27 92 55.96 
21 3 16 28.69 
37 48 2 18.8 
23 6 5 57.35 
40 24 11 33.47 
29 7 65 20.99 
31 7 6 37.66 
5 20 6 27.6 
9 35 58 36.01 
21 15 4 37.97 
40 0 147 36.15 
53 45 13 36.05 
43 50 1 34.57 
25 24 83 60.2 
27 0 30 55.9 
6 9 1 30.98 
3 41 18 23.83 
23 28 10 64.36 
23 45 37 63.7 
41 50 7 23.53 
37 41 14 18.44 
53 28 108 20.34 
24 42 2 36.74 
18 44 1 22.26 
3 6 1 45.87 
39 12 1 15.25 
12 25 1 21.66 
37 5 19 35.86 
31 39 39 20.01 
27 28 65 56.22 
26 27 36 63.5 
29 36 2 33.59 
35 46 1 32.29 
3 21 55 28.69 
34 25 16 50.54 
21 5 15 57.33 
29 32 39 21.82 
1 20 37 49.74 
28 27 26 56.22 
37 31 15 37.14 
22 53 36 38.6 
12 4 18 36.01 
22 40 76 38.6 
26 34 30 48.77 
5 45 1 23.9 
35 12 455 36.01 
22 23 48 57.76 
35 9 78 36.01 
40 23 51 30.33 
25 26 6 53.1 
24 34 17 33.92 
31 41 108 38.4 
26 45 6 44.04 
43 15 8 41.02 
26 40 76 48.2 
13 51 7 21.27 
27 25 28 48.68 
27 23 27 46.11 
23 40 15 30.33 
5 9 1 19.63 
35 4 83 36.01 
22 28 110 72.18 
29 28 29 54.59 
4 12 26 36.01 
24 53 3 37.54 
41 1 1 41.73 
51 13 42 21.27 
0 26 8 44.25 
34 16 1 27.3 
25 28 83 60.2 
25 22 62 57.66 
24 25 20 60.2 
23 25 3 72.82 
22 27 42 63.5 
12 35 9 36.01 
26 24 116 44.33 
22 25 22 57.66 
5 41 13 36.53 
40 26 14 48.2 
15 19 4 49.94 
31 37 15 37.14 
1 39 4 36.96 
45 27 24 43.33 
7 39 9 30.25 
39 7 54 30.25 
22 26 13 63.5 
53 9 1 20.89 
28 22 57 72.18 
9 4 12 22.4 
40 28 39 30.17 
37 17 1 17.47 
4 23 1 26.48 
28 53 4 20.34 
25 23 72 72.82 
45 34 12 42.98 
28 24 69 60.2 
43 42 8 36.05 
51 5 1 35.08 
23 24 19 57.76 
49 13 5 34.49 
0 28 7 65 
0 23 66 73.57 
5 37 19 35.86 
23 0 6 73.57 
25 53 147 33.76 
22 24 68 57.76 
28 26 55 35.57 
4 9 19 22.4 
45 23 26 63.7 
