54 161 140 
0 22 2016 427513 1 22.88 
2 20 2016 147418 1 21.43 
2 44 2016 147418 1 21.86 
5 31 2016 442255 1 21.03 
5 39 2016 633898 1 19.77 
6 25 2016 117935 1 19.7 
7 22 2016 353804 1 27.92 
7 37 2016 530706 1 21.61 
7 41 2016 913993 1 21.29 
9 18 2016 162160 1 18.35 
10 26 2016 324320 1 18.2 
10 36 2016 221127 1 18.23 
11 49 2016 250611 1 22.24 
12 4 2016 162160 1 18.39 
12 9 2016 633898 1 19.07 
13 3 2016 132676 1 20.03 
13 15 2016 250611 1 18.99 
14 38 2016 132676 1 18.44 
14 52 2016 206385 1 18.06 
15 39 2016 235869 1 19.14 
17 6 2016 58967.3 1 18.46 
17 48 2016 132676 1 18.6 
19 11 2016 678124 1 27.06 
19 42 2016 73709.1 1 18.96 
20 50 2016 117935 1 18.86 
21 43 2016 191644 1 18.37 
22 24 2016 103193 1 27.62 
22 25 2016 103193 1 29.92 
22 26 2016 44225.5 1 25.22 
22 27 2016 73709.1 1 21.64 
23 22 2016 29483.6 1 25.34 
23 24 2016 88450.9 1 19.89 
24 25 2016 88450.9 1 20.74 
26 25 2016 117935 1 25.63 
26 27 2016 58967.3 1 20.31 
28 24 2016 58967.3 1 21.9 
28 25 2016 44225.5 1 19.83 
29 25 2016 265353 1 25.14 
30 46 2016 427513 1 18.8 
30 52 2016 368546 1 18.26 
31 8 2016 206385 1 18.71 
32 40 2016 176902 1 18.48 
33 16 2016 147418 1 18.24 
34 22 2016 221127 1 24.8 
34 40 2016 515964 1 21.17 
35 4 2016 176902 1 18.35 
35 9 2016 1.29728e+06 1 19.25 
35 12 2016 324320 1 18.87 
35 25 2016 560189 1 22.66 
36 18 2016 294836 1 18.2 
38 47 2016 221127 1 18.29 
40 22 2016 855026 1 29.04 
41 37 2016 383287 1 18.98 
41 39 2016 530706 1 20.25 
42 50 2016 117935 1 18.63 
43 1 2016 147418 1 18.44 
45 0 2016 73709.1 1 19.75 
45 25 2016 221127 1 20.7 
46 19 2016 663382 1 35.98 
46 22 2016 692866 1 31.71 
46 44 2016 280095 1 27.07 
46 47 2016 250611 1 20.7 
48 16 2016 73709.1 1 18.22 
48 25 2016 132676 1 22.48 
49 1 2016 103193 1 18.17 
49 31 2016 486480 1 21.45 
51 3 2016 221127 1 24.76 
51 20 2016 280095 1 20.28 
51 20 2016 280095 1 20.28 
51 21 2016 235869 1 25.21 
51 25 2016 398029 1 29.52 
51 29 2016 147418 1 21.42 
51 49 2016 574931 1 21.8 
53 9 2016 427513 1 20.3 
53 40 2016 589673 1 18.52 
26 53 2016 324320 1 20.87 
32 7 2016 383287 1 18.71 
37 39 2016 368546 1 21.19 
39 31 2016 530706 1 23.73 
21 13 2016 324320 1 18.92 
33 20 2016 250611 1 18.46 
22 0 2016 427513 1 22.88 
20 2 2016 147418 1 21.43 
44 2 2016 147418 1 21.86 
31 5 2016 442255 1 21.03 
39 5 2016 633898 1 19.77 
25 6 2016 117935 1 19.7 
22 7 2016 353804 1 27.92 
37 7 2016 530706 1 21.61 
41 7 2016 913993 1 21.29 
18 9 2016 162160 1 18.35 
26 10 2016 324320 1 18.2 
36 10 2016 221127 1 18.23 
49 11 2016 250611 1 22.24 
4 12 2016 162160 1 18.39 
9 12 2016 633898 1 19.07 
3 13 2016 132676 1 20.03 
15 13 2016 250611 1 18.99 
38 14 2016 132676 1 18.44 
52 14 2016 206385 1 18.06 
39 15 2016 235869 1 19.14 
6 17 2016 58967.3 1 18.46 
48 17 2016 132676 1 18.6 
11 19 2016 678124 1 27.06 
42 19 2016 73709.1 1 18.96 
50 20 2016 117935 1 18.86 
43 21 2016 191644 1 18.37 
24 22 2016 103193 1 27.62 
25 22 2016 103193 1 29.92 
26 22 2016 44225.5 1 25.22 
27 22 2016 73709.1 1 21.64 
22 23 2016 29483.6 1 25.34 
24 23 2016 88450.9 1 19.89 
25 24 2016 88450.9 1 20.74 
25 26 2016 117935 1 25.63 
27 26 2016 58967.3 1 20.31 
24 28 2016 58967.3 1 21.9 
25 28 2016 44225.5 1 19.83 
25 29 2016 265353 1 25.14 
46 30 2016 427513 1 18.8 
52 30 2016 368546 1 18.26 
8 31 2016 206385 1 18.71 
40 32 2016 176902 1 18.48 
16 33 2016 147418 1 18.24 
22 34 2016 221127 1 24.8 
40 34 2016 515964 1 21.17 
4 35 2016 176902 1 18.35 
9 35 2016 1.29728e+06 1 19.25 
12 35 2016 324320 1 18.87 
25 35 2016 560189 1 22.66 
18 36 2016 294836 1 18.2 
47 38 2016 221127 1 18.29 
22 40 2016 855026 1 29.04 
37 41 2016 383287 1 18.98 
39 41 2016 530706 1 20.25 
50 42 2016 117935 1 18.63 
1 43 2016 147418 1 18.44 
0 45 2016 73709.1 1 19.75 
25 45 2016 221127 1 20.7 
19 46 2016 663382 1 35.98 
22 46 2016 692866 1 31.71 
44 46 2016 280095 1 27.07 
47 46 2016 250611 1 20.7 
16 48 2016 73709.1 1 18.22 
25 48 2016 132676 1 22.48 
1 49 2016 103193 1 18.17 
31 49 2016 486480 1 21.45 
3 51 2016 221127 1 24.76 
20 51 2016 280095 1 20.28 
21 51 2016 235869 1 25.21 
25 51 2016 398029 1 29.52 
29 51 2016 147418 1 21.42 
49 51 2016 574931 1 21.8 
9 53 2016 427513 1 20.3 
40 53 2016 589673 1 18.52 
53 26 2016 324320 1 20.87 
7 32 2016 383287 1 18.71 
39 37 2016 368546 1 21.19 
31 39 2016 530706 1 23.73 
13 21 2016 324320 1 18.92 
20 33 2016 250611 1 18.46 
17 44 25 56.75 
47 5 13 36.66 
26 2 36 28.19 
2 13 16 19.3 
29 30 47 51.66 
43 47 54 29.32 
28 5 7 16.38 
18 6 62 31.92 
32 27 83 45.83 
27 39 24 24.6 
0 11 110 24.27 
21 19 46 36.83 
15 52 38 19.42 
13 40 66 27.91 
44 31 17 30.6 
31 49 9 23.93 
30 49 20 33.5 
1 14 22 17.23 
37 52 31 38.49 
38 27 34 46.03 
45 21 28 38.5 
12 50 16 39.54 
6 42 36 52.91 
25 34 39 50.54 
22 35 70 39.5 
41 21 20 34.35 
2 6 76 49.96 
2 18 80 28.43 
34 2 31 23.06 
43 48 28 70.08 
40 51 58 20.04 
29 48 36 19.67 
45 4 17 21.09 
6 29 110 22.02 
15 26 34 27.88 
27 34 27 52.06 
38 48 92 34.57 
1 29 57 41.11 
39 19 78 51.06 
45 36 51 34.7 
45 50 78 35.68 
20 39 5 22.8 
45 39 28 25.27 
48 44 14 54.35 
41 13 72 34.91 
36 11 91 21.27 
18 23 70 23.2 
12 18 78 41.28 
4 13 36 40.86 
43 0 24 26.94 
44 34 19 25.04 
37 13 38 36.17 
28 1 95 36.25 
18 48 39 34.88 
4 40 62 28.93 
38 19 7 22.67 
4 15 11 19.45 
11 6 39 40.09 
6 10 17 37.72 
32 49 58 22.44 
1 9 52 33.72 
38 25 62 41.57 
32 26 26 44.57 
18 33 10 38.52 
17 12 484 29.51 
19 51 62 38.6 
45 3 57 22.36 
31 40 23 21.27 
53 7 68 32.04 
44 13 6 19.55 
23 34 57 37.66 
9 44 484 30.67 
18 14 110 27.01 
10 25 82 40.42 
27 3 120 24.85 
33 31 23 41.15 
43 11 46 42.37 
44 11 25 23.51 
1 18 69 32.04 
4 19 62 23.91 
47 4 484 22.48 
48 53 5 31.1 
38 16 63 32.96 
1 16 36 60.36 
31 6 110 23.71 
30 45 82 46.05 
46 36 11 29.17 
30 34 48 34.4 
48 1 27 53.62 
17 14 14 22.73 
28 0 76 65 
17 28 13 57.45 
33 35 36 22.38 
7 10 47 44.56 
50 3 52 43.61 
19 33 10 32.67 
24 31 455 21.78 
33 10 92 22.19 
40 15 22 35.63 
33 32 18 15.12 
13 44 41 19.55 
19 7 9 37.1 
43 9 39 34.3 
38 6 70 27.59 
1 6 108 47.27 
24 12 13 23.32 
21 48 58 64.32 
46 20 18 41.52 
37 0 65 34.31 
4 14 5 9.09 
1 27 110 19.69 
38 1 66 30.65 
31 30 95 31.69 
35 31 91 17.39 
33 14 14 20.99 
26 21 63 25.15 
18 41 78 23.09 
20 0 11 41.52 
30 13 55 20.93 
38 45 66 44.06 
39 26 70 25.97 
45 46 70 51.33 
13 9 37 23.65 
14 45 41 44.5 
10 50 11 23.28 
51 2 17 55.44 
32 3 120 19.77 
50 26 11 27.02 
51 49 48 34.22 
53 16 76 22.46 
31 42 14 27.67 
30 31 9 31.69 
47 45 3 45.04 
4 11 15 23.91 
4 1 92 36.23 
15 42 147 51.79 
7 49 25 37.66 
32 19 1 25.8 
28 25 23 60.2 
43 33 108 67.84 
