54 161 140 
0 22 2016 427513 1 22.88 
2 20 2016 147418 1 21.43 
2 44 2016 147418 1 21.86 
5 31 2016 442255 1 21.03 
5 39 2016 633898 1 19.77 
6 25 2016 117935 1 19.7 
7 22 2016 353804 1 27.92 
7 37 2016 530706 1 21.61 
7 41 2016 913993 1 21.29 
9 18 2016 162160 1 18.35 
10 26 2016 324320 1 18.2 
10 36 2016 221127 1 18.23 
11 49 2016 250611 1 22.24 
12 4 2016 162160 1 18.39 
12 9 2016 633898 1 19.07 
13 3 2016 132676 1 20.03 
13 15 2016 250611 1 18.99 
14 38 2016 132676 1 18.44 
14 52 2016 206385 1 18.06 
15 39 2016 235869 1 19.14 
17 6 2016 58967.3 1 18.46 
17 48 2016 132676 1 18.6 
19 11 2016 678124 1 27.06 
19 42 2016 73709.1 1 18.96 
20 50 2016 117935 1 18.86 
21 43 2016 191644 1 18.37 
22 24 2016 103193 1 27.62 
22 25 2016 103193 1 29.92 
22 26 2016 44225.5 1 25.22 
22 27 2016 73709.1 1 21.64 
23 22 2016 29483.6 1 25.34 
23 24 2016 88450.9 1 19.89 
24 25 2016 88450.9 1 20.74 
26 25 2016 117935 1 25.63 
26 27 2016 58967.3 1 20.31 
28 24 2016 58967.3 1 21.9 
28 25 2016 44225.5 1 19.83 
29 25 2016 265353 1 25.14 
30 46 2016 427513 1 18.8 
30 52 2016 368546 1 18.26 
31 8 2016 206385 1 18.71 
32 40 2016 176902 1 18.48 
33 16 2016 147418 1 18.24 
34 22 2016 221127 1 24.8 
34 40 2016 515964 1 21.17 
35 4 2016 176902 1 18.35 
35 9 2016 1.29728e+06 1 19.25 
35 12 2016 324320 1 18.87 
35 25 2016 560189 1 22.66 
36 18 2016 294836 1 18.2 
38 47 2016 221127 1 18.29 
40 22 2016 855026 1 29.04 
41 37 2016 383287 1 18.98 
41 39 2016 530706 1 20.25 
42 50 2016 117935 1 18.63 
43 1 2016 147418 1 18.44 
45 0 2016 73709.1 1 19.75 
45 25 2016 221127 1 20.7 
46 19 2016 663382 1 35.98 
46 22 2016 692866 1 31.71 
46 44 2016 280095 1 27.07 
46 47 2016 250611 1 20.7 
48 16 2016 73709.1 1 18.22 
48 25 2016 132676 1 22.48 
49 1 2016 103193 1 18.17 
49 31 2016 486480 1 21.45 
51 3 2016 221127 1 24.76 
51 20 2016 280095 1 20.28 
51 20 2016 280095 1 20.28 
51 21 2016 235869 1 25.21 
51 25 2016 398029 1 29.52 
51 29 2016 147418 1 21.42 
51 49 2016 574931 1 21.8 
53 9 2016 427513 1 20.3 
53 40 2016 589673 1 18.52 
26 53 2016 324320 1 20.87 
32 7 2016 383287 1 18.71 
37 39 2016 368546 1 21.19 
39 31 2016 530706 1 23.73 
21 13 2016 324320 1 18.92 
33 20 2016 250611 1 18.46 
22 0 2016 427513 1 22.88 
20 2 2016 147418 1 21.43 
44 2 2016 147418 1 21.86 
31 5 2016 442255 1 21.03 
39 5 2016 633898 1 19.77 
25 6 2016 117935 1 19.7 
22 7 2016 353804 1 27.92 
37 7 2016 530706 1 21.61 
41 7 2016 913993 1 21.29 
18 9 2016 162160 1 18.35 
26 10 2016 324320 1 18.2 
36 10 2016 221127 1 18.23 
49 11 2016 250611 1 22.24 
4 12 2016 162160 1 18.39 
9 12 2016 633898 1 19.07 
3 13 2016 132676 1 20.03 
15 13 2016 250611 1 18.99 
38 14 2016 132676 1 18.44 
52 14 2016 206385 1 18.06 
39 15 2016 235869 1 19.14 
6 17 2016 58967.3 1 18.46 
48 17 2016 132676 1 18.6 
11 19 2016 678124 1 27.06 
42 19 2016 73709.1 1 18.96 
50 20 2016 117935 1 18.86 
43 21 2016 191644 1 18.37 
24 22 2016 103193 1 27.62 
25 22 2016 103193 1 29.92 
26 22 2016 44225.5 1 25.22 
27 22 2016 73709.1 1 21.64 
22 23 2016 29483.6 1 25.34 
24 23 2016 88450.9 1 19.89 
25 24 2016 88450.9 1 20.74 
25 26 2016 117935 1 25.63 
27 26 2016 58967.3 1 20.31 
24 28 2016 58967.3 1 21.9 
25 28 2016 44225.5 1 19.83 
25 29 2016 265353 1 25.14 
46 30 2016 427513 1 18.8 
52 30 2016 368546 1 18.26 
8 31 2016 206385 1 18.71 
40 32 2016 176902 1 18.48 
16 33 2016 147418 1 18.24 
22 34 2016 221127 1 24.8 
40 34 2016 515964 1 21.17 
4 35 2016 176902 1 18.35 
9 35 2016 1.29728e+06 1 19.25 
12 35 2016 324320 1 18.87 
25 35 2016 560189 1 22.66 
18 36 2016 294836 1 18.2 
47 38 2016 221127 1 18.29 
22 40 2016 855026 1 29.04 
37 41 2016 383287 1 18.98 
39 41 2016 530706 1 20.25 
50 42 2016 117935 1 18.63 
1 43 2016 147418 1 18.44 
0 45 2016 73709.1 1 19.75 
25 45 2016 221127 1 20.7 
19 46 2016 663382 1 35.98 
22 46 2016 692866 1 31.71 
44 46 2016 280095 1 27.07 
47 46 2016 250611 1 20.7 
16 48 2016 73709.1 1 18.22 
25 48 2016 132676 1 22.48 
1 49 2016 103193 1 18.17 
31 49 2016 486480 1 21.45 
3 51 2016 221127 1 24.76 
20 51 2016 280095 1 20.28 
21 51 2016 235869 1 25.21 
25 51 2016 398029 1 29.52 
29 51 2016 147418 1 21.42 
49 51 2016 574931 1 21.8 
9 53 2016 427513 1 20.3 
40 53 2016 589673 1 18.52 
53 26 2016 324320 1 20.87 
7 32 2016 383287 1 18.71 
39 37 2016 368546 1 21.19 
31 39 2016 530706 1 23.73 
13 21 2016 324320 1 18.92 
20 33 2016 250611 1 18.46 
17 44 25 72.93 
47 5 13 39.51 
26 2 36 38.6 
2 13 16 32.03 
29 30 47 59.02 
43 47 54 35.48 
28 5 7 23.91 
18 6 62 37.18 
32 27 83 56.36 
27 39 24 30.73 
0 11 110 38.6 
21 19 46 47.88 
15 52 38 32.36 
13 40 66 30.01 
44 31 17 44.26 
31 49 9 25.56 
30 49 20 43.72 
1 14 22 22.05 
37 52 31 42.24 
38 27 34 56.29 
45 21 28 49.72 
12 50 16 45.85 
6 42 36 65.2 
25 34 39 56.56 
22 35 70 57.37 
41 21 20 43.84 
2 6 76 64.93 
2 18 80 37.07 
34 2 31 28.47 
43 48 28 76.45 
40 51 58 23.53 
29 48 36 26.33 
45 4 17 27.41 
6 29 110 33.32 
15 26 34 33.87 
27 34 27 61.41 
38 48 92 50.84 
1 29 57 50.31 
39 19 78 53.56 
45 36 51 39.31 
45 50 78 49.56 
20 39 5 25.69 
45 39 28 35.46 
48 44 14 63.02 
41 13 72 38.81 
36 11 91 29.19 
18 23 70 30.6 
12 18 78 46.52 
4 13 36 43.75 
43 0 24 35.63 
44 34 19 35.57 
37 13 38 40.07 
28 1 95 48.18 
18 48 39 39.43 
4 40 62 33.35 
38 19 7 32.39 
4 15 11 23.85 
11 6 39 45.7 
6 10 17 43.8 
32 49 58 24.62 
1 9 52 44.92 
38 25 62 58.3 
32 26 26 63.26 
18 33 10 46.9 
17 12 484 40.95 
19 51 62 53.61 
45 3 57 35.23 
31 40 23 30.01 
53 7 68 47.75 
44 13 6 32.44 
23 34 57 54.4 
9 44 484 36.87 
18 14 110 30.91 
10 25 82 58.29 
27 3 120 32.68 
33 31 23 45.53 
43 11 46 51.1 
44 11 25 37.78 
1 18 69 38.36 
4 19 62 29.49 
47 4 484 34.32 
48 53 5 36.25 
38 16 63 42.71 
1 16 36 69.55 
31 6 110 26.37 
30 45 82 56.27 
46 36 11 45.57 
30 34 48 42.91 
48 1 27 63.2 
17 14 14 42.49 
28 0 76 81.93 
17 28 13 73.61 
33 35 36 30.05 
7 10 47 52.34 
50 3 52 51.55 
19 33 10 42.36 
24 31 455 26.92 
33 10 92 27.69 
40 15 22 48.01 
33 32 18 20.42 
13 44 41 32.44 
19 7 9 41.68 
43 9 39 41.93 
38 6 70 43.77 
1 6 108 55.43 
24 12 13 35.19 
21 48 58 70.4 
46 20 18 56.8 
37 0 65 38.31 
4 14 5 20.16 
1 27 110 25.15 
38 1 66 34.57 
31 30 95 45.77 
35 31 91 20.03 
33 14 14 28.54 
26 21 63 32.2 
18 41 78 25.48 
20 0 11 52.8 
30 13 55 35.39 
38 45 66 59.94 
39 26 70 32.18 
45 46 70 67.53 
13 9 37 35.05 
14 45 41 59.76 
10 50 11 32.12 
51 2 17 67.53 
32 3 120 22.36 
50 26 11 33.65 
51 49 48 36.05 
53 16 76 34.28 
31 42 14 39.34 
30 31 9 45.77 
47 45 3 57.25 
4 11 15 30.98 
4 1 92 44.34 
15 42 147 55.54 
7 49 25 41.35 
32 19 1 31.12 
28 25 23 76.4 
43 33 108 74.27 
